1 0.5328 0.2227 0.0406 0.0359
1 0.6934 0.4910 0.0836 0.0820
1 0.8422 0.5414 0.0469 0.0359
1 0.8215 0.5844 0.0461 0.0344
1 0.3145 0.4492 0.0727 0.0547
1 0.3156 0.5148 0.0656 0.0484
1 0.4715 0.5984 0.0586 0.0719
1 0.4000 0.5633 0.0594 0.0703
1 0.6109 0.6699 0.0625 0.0773
1 0.2313 0.7340 0.0844 0.0648
1 0.7027 0.8445 0.0492 0.0547
1 0.5434 0.9754 0.0523 0.0477
1 0.4594 0.9652 0.0500 0.0523
1 0.3695 0.9262 0.0859 0.1055
1 0.2961 0.8461 0.0547 0.0672
1 0.1863 0.8344 0.0852 0.1031
1 0.0941 0.7848 0.0852 0.1070
