3 0.0381 0.0666 0.0200 0.0113
3 0.7006 0.4328 0.0075 0.0125
3 0.7094 0.4325 0.0063 0.0150
3 0.7256 0.4328 0.0075 0.0125
3 0.7450 0.4341 0.0087 0.0150
3 0.7537 0.4369 0.0075 0.0175
3 0.7631 0.4381 0.0075 0.0138
3 0.7828 0.4397 0.0063 0.0138
3 0.7525 0.1756 0.0112 0.0075
3 0.8269 0.1578 0.0100 0.0063
3 0.5075 0.1063 0.0087 0.0063
3 0.1525 0.0759 0.0112 0.0050
3 0.0759 0.0688 0.0112 0.0063
3 0.3181 0.0875 0.0112 0.0063
3 0.5625 0.4416 0.0063 0.0113
3 0.5681 0.4419 0.0050 0.0088
3 0.5766 0.4419 0.0063 0.0088
3 0.8562 0.4656 0.0063 0.0125
3 0.7063 0.5988 0.0063 0.0100
3 0.7109 0.5988 0.0063 0.0100
3 0.7328 0.5400 0.0063 0.0113
3 0.7369 0.5400 0.0050 0.0113
3 0.7025 0.5681 0.0050 0.0113
3 0.8197 0.5919 0.0050 0.0088
3 0.7181 0.5872 0.0050 0.0088
3 0.8197 0.6013 0.0050 0.0088
3 0.8634 0.5941 0.0050 0.0100
3 0.8478 0.6041 0.0050 0.0113
3 0.8509 0.6050 0.0050 0.0100
3 0.8716 0.9719 0.0087 0.0063
3 0.9012 0.9603 0.0087 0.0050
3 0.8988 0.9556 0.0100 0.0050
3 0.9184 0.9428 0.0087 0.0075
3 0.9191 0.9506 0.0100 0.0075
3 0.9194 0.9553 0.0075 0.0075
3 0.9228 0.9609 0.0050 0.0125
3 0.9325 0.9947 0.0087 0.0113
3 0.9344 0.6075 0.0063 0.0150
3 0.8975 0.5766 0.0075 0.0125
3 0.9062 0.5472 0.0063 0.0100
3 0.9969 0.4891 0.0063 0.0125
3 0.9316 0.4813 0.0100 0.0063
3 0.9472 0.4822 0.0100 0.0050
3 0.7266 0.5878 0.0063 0.0100
3 0.7925 0.6028 0.0037 0.0088
3 0.7391 0.5978 0.0063 0.0113
3 0.9203 0.5941 0.0063 0.0100
3 0.8978 0.6059 0.0050 0.0088
3 0.9391 0.5781 0.0063 0.0125
