3 0.6400 0.7838 0.0112 0.0300
3 0.6284 0.6531 0.0100 0.0187
3 0.6200 0.0694 0.0087 0.0200
3 0.6228 0.2003 0.0050 0.0100
3 0.6300 0.5191 0.0037 0.0100
3 0.6322 0.5425 0.0050 0.0100
3 0.6322 0.5887 0.0050 0.0087
3 0.6322 0.6150 0.0050 0.0112
3 0.6384 0.6269 0.0050 0.0100
3 0.6328 0.6963 0.0063 0.0112
3 0.4875 0.7069 0.0187 0.0075
3 0.5294 0.7125 0.0150 0.0063
3 0.6353 0.7162 0.0050 0.0075
3 0.6322 0.7544 0.0050 0.0087
3 0.6431 0.8066 0.0050 0.0100
3 0.6369 0.7606 0.0050 0.0087
3 0.6425 0.8787 0.0037 0.0075
3 0.6384 0.8353 0.0050 0.0112
3 0.6400 0.8912 0.0050 0.0075
3 0.6306 0.8988 0.0050 0.0100
3 0.6338 0.9122 0.0050 0.0087
3 0.6322 0.9253 0.0050 0.0100
3 0.6384 0.9356 0.0050 0.0087
3 0.6425 0.9459 0.0037 0.0075
3 0.6425 0.9700 0.0037 0.0087
3 0.6416 0.9887 0.0050 0.0087
3 0.6322 0.9525 0.0050 0.0112
3 0.2125 0.4787 0.0063 0.0138
3 0.1406 0.6584 0.0187 0.0200
3 0.2944 0.7269 0.0075 0.0100
3 0.2181 0.3794 0.0050 0.0087
