2 0.7766 0.6038 0.0125 0.0138
2 0.6987 0.8531 0.0475 0.0187
2 0.7675 0.8391 0.0600 0.0187
2 0.5825 0.8034 0.0087 0.0163
2 0.9106 0.5903 0.0462 0.0775
2 0.8766 0.5900 0.0312 0.0613
2 0.8106 0.5837 0.0087 0.0112
2 0.8128 0.5934 0.0225 0.0212
2 0.6038 0.7534 0.0138 0.0100
2 0.9400 0.5413 0.0112 0.0138
2 0.7356 0.8697 0.1275 0.0362
2 0.8359 0.5737 0.0125 0.0163
2 0.9238 0.5453 0.0163 0.0125
2 0.6684 0.6847 0.0275 0.0163
2 0.6094 0.7394 0.0125 0.0100
2 0.7634 0.6144 0.0112 0.0100
2 0.6731 0.6716 0.0150 0.0087
2 0.6909 0.6581 0.0100 0.0100
