3 0.5875 0.2025 0.0688 0.0112
3 0.5456 0.3731 0.0225 0.0150
3 0.6022 0.2566 0.0200 0.0100
3 0.5188 0.4072 0.0187 0.0112
3 0.5375 0.3844 0.0187 0.0125
3 0.5813 0.3353 0.0187 0.0112
3 0.6991 0.3294 0.0138 0.0150
3 0.7216 0.3369 0.0150 0.0175
3 0.6966 0.3675 0.0087 0.0163
3 0.4066 0.5900 0.0225 0.0175
3 0.8287 0.3712 0.0200 0.0238
3 0.8678 0.0159 0.0138 0.0163
3 0.2191 0.1109 0.0163 0.0187
3 0.3528 0.3706 0.0212 0.0100
3 0.1575 0.3331 0.0087 0.0163
3 0.0850 0.3481 0.0200 0.0087
3 0.0387 0.3300 0.0087 0.0163
3 0.2475 0.0981 0.0138 0.0150
3 0.2362 0.1203 0.0163 0.0125
3 0.2213 0.0650 0.0175 0.0112
3 0.4009 0.1972 0.0175 0.0100
3 0.7119 0.2194 0.0175 0.0075
3 0.6097 0.3344 0.0163 0.0125
3 0.5728 0.3509 0.0175 0.0112
