3 0.2147 0.8219 0.0325 0.0125
3 0.2531 0.8187 0.0312 0.0125
3 0.3194 0.8025 0.0325 0.0112
3 0.3228 0.8187 0.0362 0.0125
3 0.3222 0.8453 0.0350 0.0125
3 0.4031 0.8716 0.0312 0.0087
3 0.3294 0.8853 0.0338 0.0112
3 0.4044 0.8838 0.0275 0.0112
3 0.3294 0.9000 0.0338 0.0125
3 0.2612 0.9150 0.0287 0.0112
3 0.3322 0.9275 0.0300 0.0112
3 0.2616 0.9284 0.0325 0.0100
3 0.3372 0.9400 0.0275 0.0112
3 0.2666 0.9453 0.0300 0.0125
3 0.3300 0.9550 0.0287 0.0100
3 0.2675 0.9587 0.0287 0.0112
3 0.2303 0.9587 0.0325 0.0112
3 0.6325 0.9838 0.0275 0.0112
3 0.9081 0.8959 0.0163 0.0200
3 0.8419 0.9338 0.0275 0.0112
3 0.8591 0.9706 0.0275 0.0100
3 0.7888 0.4422 0.0338 0.0125
3 0.6213 0.3141 0.0112 0.0187
3 0.5769 0.4162 0.0287 0.0075
3 0.8975 0.3325 0.0138 0.0275
3 0.1156 0.3900 0.0125 0.0238
3 0.3456 0.0953 0.0350 0.0125
3 0.4931 0.2388 0.0300 0.0087
