3 0.2197 0.1137 0.0112 0.0212
3 0.2541 0.1284 0.0112 0.0287
3 0.2147 0.3956 0.0263 0.0100
3 0.2744 0.4506 0.0112 0.0200
3 0.4403 0.8037 0.0212 0.0075
3 0.1778 0.9137 0.0212 0.0087
3 0.1784 0.9256 0.0225 0.0075
3 0.8844 0.7022 0.0250 0.0138
3 0.9525 0.6316 0.0112 0.0225
3 0.9738 0.5912 0.0287 0.0138
3 0.9156 0.2684 0.0125 0.0275
3 0.9550 0.3350 0.0100 0.0263
3 0.8859 0.1978 0.0250 0.0112
3 0.8856 0.2097 0.0212 0.0100
3 0.9200 0.0500 0.0087 0.0187
3 0.8875 0.0991 0.0250 0.0075
3 0.8850 0.1097 0.0200 0.0100
3 0.9916 0.1256 0.0175 0.0075
3 0.8769 0.3869 0.0225 0.0112
3 0.8725 0.4012 0.0200 0.0087
3 0.8725 0.4144 0.0200 0.0100
3 0.9150 0.6706 0.0112 0.0225
3 0.8850 0.6125 0.0263 0.0125
3 0.1334 0.8994 0.0075 0.0175
3 0.8853 0.3628 0.0238 0.0100
3 0.1241 0.9287 0.0200 0.0075
3 0.3737 0.1369 0.0287 0.0112
