3 0.5525 0.4619 0.0238 0.0112
3 0.5944 0.4497 0.0075 0.0087
3 0.6131 0.4412 0.0075 0.0075
3 0.7712 0.5881 0.0112 0.0075
3 0.7941 0.6494 0.0100 0.0050
3 0.8528 0.6672 0.0087 0.0063
3 0.7991 0.6694 0.0138 0.0075
3 0.8303 0.5791 0.0075 0.0050
3 0.8609 0.5834 0.0125 0.0075
3 0.8144 0.5912 0.0100 0.0075
3 0.7569 0.5994 0.0075 0.0050
3 0.7819 0.5969 0.0075 0.0063
3 0.7944 0.5953 0.0075 0.0063
3 0.8059 0.5922 0.0087 0.0063
3 0.8131 0.5822 0.0075 0.0050
3 0.8428 0.5862 0.0075 0.0037
3 0.7562 0.5891 0.0063 0.0063
3 0.6950 0.5862 0.0087 0.0037
3 0.1644 0.8297 0.0100 0.0063
3 0.1681 0.8194 0.0112 0.0075
