3 0.8994 0.8206 0.0175 0.0163
3 0.8562 0.7591 0.0187 0.0150
3 0.8131 0.7350 0.0138 0.0138
3 0.8125 0.7719 0.0187 0.0125
3 0.8884 0.7744 0.0175 0.0112
3 0.9144 0.7878 0.0225 0.0163
3 0.9459 0.8047 0.0200 0.0125
3 0.9866 0.8284 0.0138 0.0100
3 0.7994 0.8259 0.0175 0.0112
3 0.7872 0.7950 0.0150 0.0150
3 0.7656 0.7478 0.0187 0.0112
3 0.7800 0.8131 0.0163 0.0138
3 0.7625 0.8500 0.0125 0.0187
3 0.7519 0.8787 0.0163 0.0138
3 0.7469 0.8838 0.0125 0.0112
3 0.7544 0.8703 0.0150 0.0125
3 0.7419 0.8975 0.0150 0.0138
3 0.7253 0.9219 0.0163 0.0125
3 0.7203 0.9322 0.0187 0.0175
3 0.7175 0.9406 0.0163 0.0125
3 0.7112 0.9531 0.0163 0.0125
3 0.6944 0.9766 0.0138 0.0187
3 0.7069 0.9603 0.0138 0.0112
3 0.7956 0.6547 0.0100 0.0125
3 0.8162 0.6737 0.0075 0.0100
3 0.8238 0.6475 0.0100 0.0138
3 0.8619 0.5266 0.0175 0.0250
3 0.8962 0.4625 0.0112 0.0187
3 0.8994 0.5541 0.0175 0.0112
3 0.9734 0.3228 0.0250 0.0362
3 0.9322 0.1381 0.0112 0.0200
3 0.8428 0.0972 0.0200 0.0163
3 0.6969 0.1700 0.0125 0.0150
3 0.7059 0.1728 0.0150 0.0112
3 0.7134 0.1966 0.0112 0.0150
3 0.7156 0.1766 0.0125 0.0125
3 0.7206 0.1803 0.0100 0.0138
3 0.7281 0.1825 0.0125 0.0150
3 0.7359 0.1872 0.0125 0.0150
3 0.7416 0.1928 0.0112 0.0138
3 0.7478 0.1962 0.0112 0.0112
3 0.7566 0.1984 0.0100 0.0125
3 0.7662 0.2016 0.0138 0.0187
3 0.7737 0.2069 0.0100 0.0138
3 0.6912 0.1862 0.0138 0.0163
3 0.6991 0.1906 0.0075 0.0125
3 0.7034 0.1934 0.0100 0.0150
3 0.7219 0.1994 0.0125 0.0175
3 0.7266 0.2050 0.0125 0.0163
3 0.7331 0.2091 0.0100 0.0150
3 0.7422 0.2122 0.0125 0.0150
3 0.7491 0.2175 0.0138 0.0163
3 0.7556 0.2200 0.0112 0.0150
3 0.7650 0.2237 0.0112 0.0163
3 0.6578 0.2162 0.0125 0.0138
3 0.6703 0.2244 0.0125 0.0175
3 0.7506 0.2662 0.0075 0.0138
3 0.7447 0.2616 0.0112 0.0138
3 0.7362 0.2575 0.0100 0.0150
3 0.7284 0.2534 0.0100 0.0163
3 0.7219 0.2497 0.0125 0.0150
3 0.7141 0.2466 0.0125 0.0150
3 0.7081 0.2413 0.0100 0.0138
3 0.7003 0.2381 0.0100 0.0138
3 0.6947 0.2331 0.0112 0.0163
3 0.6866 0.2309 0.0138 0.0150
3 0.6775 0.2284 0.0112 0.0163
3 0.6666 0.2178 0.0112 0.0138
3 0.6269 0.1391 0.0163 0.0125
3 0.6322 0.1303 0.0175 0.0138
3 0.6400 0.1137 0.0175 0.0150
3 0.5656 0.0688 0.0125 0.0187
3 0.4953 0.2056 0.0125 0.0112
3 0.5594 0.0134 0.0187 0.0112
3 0.5359 0.1284 0.0125 0.0163
3 0.4669 0.2628 0.0150 0.0163
3 0.4491 0.2909 0.0138 0.0163
3 0.4669 0.3112 0.0150 0.0163
3 0.4594 0.3263 0.0125 0.0150
3 0.4097 0.3669 0.0100 0.0150
3 0.3875 0.3969 0.0125 0.0125
3 0.4478 0.3456 0.0112 0.0163
3 0.4391 0.3622 0.0125 0.0150
3 0.4281 0.3844 0.0125 0.0125
3 0.4175 0.4037 0.0163 0.0138
3 0.4059 0.4231 0.0150 0.0150
3 0.5391 0.3094 0.0187 0.0125
3 0.5128 0.2913 0.0225 0.0138
3 0.5016 0.3094 0.0187 0.0125
3 0.5272 0.3247 0.0200 0.0150
3 0.5334 0.3163 0.0200 0.0138
3 0.4959 0.3166 0.0200 0.0112
3 0.5256 0.3344 0.0200 0.0125
3 0.4934 0.3259 0.0212 0.0112
3 0.4878 0.3328 0.0225 0.0125
3 0.5231 0.3406 0.0212 0.0125
3 0.4866 0.3406 0.0200 0.0125
3 0.5194 0.3506 0.0200 0.0138
3 0.4800 0.3463 0.0163 0.0112
3 0.5141 0.3588 0.0187 0.0112
3 0.5097 0.3672 0.0163 0.0125
3 0.4750 0.3572 0.0187 0.0112
3 0.4703 0.3641 0.0187 0.0125
3 0.5056 0.3775 0.0175 0.0112
3 0.5016 0.3837 0.0187 0.0112
3 0.4653 0.3759 0.0150 0.0112
3 0.4931 0.3919 0.0175 0.0150
3 0.4628 0.3837 0.0225 0.0112
3 0.4606 0.3922 0.0212 0.0125
3 0.4912 0.4025 0.0200 0.0112
3 0.4553 0.4016 0.0200 0.0125
3 0.4828 0.4094 0.0187 0.0125
3 0.4506 0.4088 0.0200 0.0112
3 0.4819 0.4188 0.0200 0.0125
3 0.4763 0.4241 0.0212 0.0138
3 0.4738 0.4334 0.0225 0.0138
3 0.4688 0.4431 0.0187 0.0112
3 0.4466 0.4175 0.0150 0.0100
3 0.4422 0.4281 0.0187 0.0125
3 0.4366 0.4347 0.0138 0.0100
3 0.4325 0.4437 0.0212 0.0125
3 0.4275 0.4591 0.0238 0.0150
3 0.3666 0.5237 0.0175 0.0163
3 0.4794 0.5353 0.0212 0.0175
3 0.3709 0.4662 0.0138 0.0138
3 0.3100 0.4781 0.0138 0.0125
3 0.3416 0.4522 0.0175 0.0138
3 0.3578 0.4787 0.0125 0.0138
3 0.3434 0.4919 0.0150 0.0150
3 0.3284 0.5037 0.0163 0.0138
3 0.2856 0.4953 0.0150 0.0125
3 0.3163 0.5162 0.0138 0.0138
3 0.2528 0.5159 0.0150 0.0100
3 0.2987 0.5275 0.0163 0.0112
3 0.2794 0.5384 0.0150 0.0112
3 0.2616 0.5472 0.0138 0.0100
3 0.2197 0.5322 0.0175 0.0112
3 0.2469 0.5563 0.0125 0.0125
3 0.1825 0.5450 0.0212 0.0087
3 0.2284 0.5650 0.0163 0.0112
3 0.1506 0.5528 0.0138 0.0087
3 0.1600 0.5631 0.0200 0.0075
3 0.2103 0.5719 0.0175 0.0125
3 0.1891 0.5791 0.0187 0.0112
3 0.1672 0.5847 0.0187 0.0100
3 0.1150 0.5628 0.0175 0.0100
3 0.1331 0.5919 0.0163 0.0087
3 0.1150 0.5963 0.0175 0.0112
3 0.1000 0.9728 0.0187 0.0112
3 0.1209 0.9738 0.0200 0.0100
3 0.1413 0.9928 0.0138 0.0138
3 0.1841 0.9925 0.0150 0.0100
3 0.1731 0.9794 0.0150 0.0150
3 0.1613 0.9619 0.0163 0.0175
3 0.1506 0.9450 0.0138 0.0150
3 0.0669 0.9656 0.0150 0.0125
3 0.0800 0.9547 0.0163 0.0125
3 0.1444 0.9287 0.0200 0.0200
3 0.1319 0.9056 0.0138 0.0175
3 0.1272 0.8897 0.0138 0.0138
3 0.1194 0.8697 0.0138 0.0175
3 0.1156 0.8516 0.0125 0.0187
3 0.1022 0.7969 0.0138 0.0187
3 0.0975 0.7737 0.0138 0.0163
3 0.0575 0.7566 0.0087 0.0163
3 0.0450 0.7031 0.0087 0.0125
3 0.1059 0.8144 0.0150 0.0163
3 0.1106 0.8344 0.0150 0.0125
3 0.0941 0.7550 0.0163 0.0163
3 0.0897 0.7316 0.0138 0.0163
3 0.0844 0.7109 0.0125 0.0125
3 0.0788 0.6931 0.0138 0.0175
3 0.0747 0.6728 0.0150 0.0175
3 0.0716 0.6525 0.0150 0.0175
3 0.0263 0.5281 0.0150 0.0125
3 0.0144 0.3872 0.0163 0.0150
3 0.0506 0.3534 0.0200 0.0163
3 0.0912 0.3119 0.0200 0.0175
3 0.0822 0.2928 0.0175 0.0138
3 0.0263 0.3453 0.0150 0.0125
3 0.0997 0.2725 0.0150 0.0138
3 0.0078 0.3606 0.0125 0.0150
3 0.1163 0.2359 0.0138 0.0125
3 0.1356 0.2391 0.0150 0.0125
3 0.1731 0.2381 0.0150 0.0138
3 0.1738 0.2038 0.0163 0.0138
3 0.2097 0.2044 0.0163 0.0150
3 0.2222 0.1909 0.0163 0.0163
3 0.2513 0.1650 0.0150 0.0112
3 0.2300 0.1512 0.0163 0.0150
3 0.2487 0.1328 0.0163 0.0125
3 0.2678 0.1156 0.0138 0.0125
3 0.3047 0.1150 0.0187 0.0175
3 0.3694 0.0497 0.0138 0.0150
3 0.0175 0.0550 0.0163 0.0163
3 0.0219 0.4872 0.0125 0.0150
3 0.0844 0.6084 0.0187 0.0138
3 0.0981 0.6013 0.0150 0.0087
3 0.5006 0.5422 0.0200 0.0125
3 0.4775 0.2928 0.0112 0.0138
3 0.4847 0.2781 0.0100 0.0125
3 0.4963 0.2531 0.0112 0.0187
3 0.5209 0.1553 0.0138 0.0200
3 0.3903 0.0225 0.0150 0.0138
3 0.8241 0.0866 0.0200 0.0138
3 0.9706 0.8184 0.0163 0.0087
