3 0.0163 0.6831 0.0200 0.0100
3 0.0419 0.6734 0.0150 0.0063
3 0.0863 0.6687 0.0163 0.0063
3 0.1087 0.6525 0.0112 0.0112
3 0.1344 0.6397 0.0063 0.0138
3 0.1681 0.6663 0.0175 0.0075
3 0.0884 0.7100 0.0175 0.0075
3 0.2978 0.6362 0.0112 0.0163
3 0.4084 0.4819 0.0138 0.0075
3 0.6756 0.7422 0.0075 0.0125
3 0.5478 0.7075 0.0175 0.0087
3 0.6763 0.7562 0.0087 0.0125
3 0.6769 0.7734 0.0100 0.0125
3 0.6603 0.7891 0.0175 0.0063
3 0.6369 0.7966 0.0175 0.0087
3 0.6556 0.8100 0.0175 0.0075
3 0.6362 0.8116 0.0163 0.0075
3 0.5550 0.8125 0.0163 0.0063
3 0.5550 0.8394 0.0163 0.0100
3 0.6412 0.8328 0.0138 0.0063
3 0.6525 0.8394 0.0238 0.0100
3 0.6500 0.9069 0.0187 0.0075
3 0.6866 0.8769 0.0075 0.0163
3 0.6894 0.9363 0.0100 0.0163
3 0.6894 0.9528 0.0100 0.0150
3 0.5228 0.0203 0.0175 0.0063
3 0.0866 0.3106 0.0075 0.0150
3 0.0938 0.2975 0.0063 0.0138
