3 0.3241 0.2469 0.0138 0.0063
3 0.2850 0.2500 0.0200 0.0063
3 0.2606 0.2519 0.0150 0.0100
3 0.1709 0.2625 0.0138 0.0063
3 0.0272 0.2750 0.0138 0.0063
3 0.0547 0.2728 0.0125 0.0050
3 0.8925 0.3987 0.0100 0.0163
3 0.9084 0.4800 0.0075 0.0163
3 0.8241 0.0544 0.0075 0.0150
3 0.8137 0.0978 0.0087 0.0175
3 0.9619 0.7913 0.0175 0.0138
3 0.7144 0.8747 0.0163 0.0212
3 0.0497 0.1988 0.0087 0.0163
3 0.0625 0.1928 0.0063 0.0138
3 0.2491 0.2106 0.0075 0.0150
3 0.2462 0.2544 0.0112 0.0087
3 0.4225 0.2269 0.0138 0.0100
3 0.4172 0.2372 0.0125 0.0087
3 0.5956 0.2819 0.0100 0.0138
3 0.5469 0.1144 0.0125 0.0100
3 0.6841 0.1862 0.0087 0.0163
3 0.6959 0.3100 0.0075 0.0138
3 0.9809 0.5669 0.0150 0.0087
