3 0.0734 0.4059 0.0063 0.0275
3 0.0797 0.6112 0.0063 0.0225
3 0.3150 0.4809 0.0175 0.0150
3 0.8037 0.9100 0.0138 0.0138
3 0.8119 0.9016 0.0112 0.0125
3 0.3391 0.3756 0.0063 0.0075
3 0.3500 0.3737 0.0063 0.0100
3 0.3609 0.3691 0.0063 0.0100
3 0.3688 0.3638 0.0063 0.0087
3 0.3744 0.3638 0.0050 0.0087
3 0.4172 0.3622 0.0063 0.0087
3 0.4203 0.3606 0.0063 0.0087
3 0.2997 0.5262 0.0087 0.0087
3 0.3122 0.6275 0.0087 0.0112
3 0.3184 0.6284 0.0087 0.0100
3 0.3247 0.6388 0.0087 0.0087
3 0.3272 0.6425 0.0075 0.0100
3 0.4075 0.6591 0.0087 0.0087
3 0.4091 0.6622 0.0087 0.0087
3 0.4256 0.6700 0.0075 0.0087
3 0.4381 0.6747 0.0075 0.0087
3 0.4334 0.6737 0.0075 0.0100
3 0.5056 0.8887 0.0050 0.0087
3 0.5000 0.8853 0.0063 0.0112
3 0.4931 0.8816 0.0050 0.0100
3 0.4866 0.8800 0.0075 0.0100
3 0.4797 0.8728 0.0063 0.0112
3 0.4906 0.9012 0.0063 0.0087
3 0.4853 0.8972 0.0050 0.0100
3 0.4781 0.8925 0.0063 0.0100
3 0.4750 0.8713 0.0063 0.0112
3 0.4600 0.8597 0.0075 0.0100
3 0.4609 0.8466 0.0063 0.0087
3 0.5069 0.7831 0.0075 0.0100
3 0.2641 0.7325 0.0063 0.0087
3 0.2578 0.7331 0.0063 0.0100
3 0.2513 0.7366 0.0087 0.0075
3 0.2406 0.7388 0.0063 0.0087
3 0.1950 0.7747 0.0087 0.0087
3 0.1862 0.7844 0.0100 0.0063
3 0.1831 0.7884 0.0100 0.0050
3 0.1816 0.7937 0.0100 0.0063
3 0.1719 0.8131 0.0125 0.0075
3 0.1712 0.8291 0.0112 0.0050
3 0.2384 0.9241 0.0112 0.0075
3 0.2656 0.9437 0.0125 0.0063
3 0.2319 0.9394 0.0075 0.0100
3 0.4719 0.8872 0.0063 0.0087
3 0.7950 0.9206 0.0087 0.0100
3 0.7909 0.9231 0.0100 0.0087
