3 0.3581 0.4847 0.0100 0.0163
3 0.3969 0.4709 0.0125 0.0075
3 0.3753 0.4806 0.0100 0.0175
3 0.3263 0.4934 0.0087 0.0150
3 0.3709 0.5112 0.0138 0.0100
3 0.2594 0.5381 0.0125 0.0075
3 0.3266 0.5225 0.0125 0.0075
3 0.3000 0.5219 0.0125 0.0063
3 0.3044 0.4969 0.0087 0.0125
3 0.2872 0.5028 0.0087 0.0150
3 0.2784 0.5062 0.0100 0.0125
3 0.2700 0.5069 0.0087 0.0138
3 0.2616 0.5100 0.0075 0.0138
3 0.2525 0.5112 0.0112 0.0163
3 0.2450 0.5162 0.0087 0.0138
3 0.2116 0.7987 0.0138 0.0100
3 0.2612 0.8347 0.0100 0.0163
3 0.2772 0.8303 0.0075 0.0138
3 0.2300 0.8412 0.0100 0.0138
3 0.2881 0.8316 0.0075 0.0163
3 0.2000 0.8762 0.0063 0.0150
3 0.2350 0.8772 0.0075 0.0138
3 0.2762 0.8688 0.0087 0.0125
3 0.1409 0.9228 0.0100 0.0175
3 0.1506 0.9203 0.0075 0.0187
3 0.1575 0.9169 0.0087 0.0150
3 0.1706 0.9187 0.0100 0.0187
3 0.9434 0.7597 0.0087 0.0163
3 0.9887 0.9106 0.0087 0.0150
3 0.9387 0.8106 0.0087 0.0150
3 0.9609 0.8150 0.0063 0.0175
3 0.9456 0.8403 0.0100 0.0150
3 0.9512 0.8637 0.0087 0.0150
3 0.8262 0.7112 0.0087 0.0163
3 0.8650 0.6987 0.0112 0.0163
3 0.8881 0.6922 0.0075 0.0125
3 0.8972 0.6431 0.0100 0.0175
3 0.8841 0.6347 0.0087 0.0163
3 0.9097 0.6428 0.0100 0.0138
3 0.9044 0.6284 0.0087 0.0163
3 0.8762 0.6038 0.0087 0.0138
3 0.9000 0.6112 0.0063 0.0100
3 0.8700 0.5825 0.0087 0.0150
3 0.8747 0.5306 0.0087 0.0175
3 0.8234 0.4556 0.0125 0.0175
3 0.6725 0.0331 0.0138 0.0100
3 0.6144 0.0287 0.0100 0.0138
3 0.6372 0.0800 0.0087 0.0163
3 0.7194 0.0206 0.0138 0.0100
3 0.7006 0.0519 0.0075 0.0163
3 0.6963 0.0334 0.0112 0.0138
3 0.7350 0.0747 0.0138 0.0087
3 0.7403 0.0925 0.0150 0.0100
3 0.7447 0.0997 0.0112 0.0087
3 0.7475 0.1081 0.0138 0.0100
3 0.7509 0.1150 0.0112 0.0112
3 0.7559 0.1431 0.0150 0.0112
3 0.7638 0.1681 0.0150 0.0112
3 0.1481 0.3163 0.0212 0.0138
3 0.1491 0.3263 0.0138 0.0087
3 0.2069 0.3075 0.0138 0.0087
3 0.2050 0.2897 0.0100 0.0075
3 0.2284 0.1931 0.0100 0.0175
3 0.2372 0.2244 0.0087 0.0175
3 0.2219 0.2756 0.0125 0.0075
3 0.2159 0.2531 0.0163 0.0063
3 0.2231 0.1762 0.0087 0.0150
3 0.2181 0.1606 0.0112 0.0150
3 0.1975 0.1806 0.0138 0.0112
3 0.2022 0.2006 0.0138 0.0075
3 0.2034 0.2075 0.0163 0.0087
3 0.2081 0.1278 0.0100 0.0150
3 0.2134 0.1425 0.0112 0.0163
3 0.2025 0.1081 0.0112 0.0163
3 0.1022 0.1191 0.0138 0.0100
3 0.1225 0.0791 0.0138 0.0112
3 0.0122 0.1150 0.0150 0.0112
3 0.0150 0.1441 0.0175 0.0100
3 0.2406 0.0456 0.0125 0.0100
3 0.2541 0.0406 0.0112 0.0125
3 0.2700 0.0394 0.0150 0.0100
3 0.2928 0.0291 0.0138 0.0112
3 0.3434 0.0141 0.0150 0.0125
3 0.3603 0.0081 0.0112 0.0100
3 0.4350 0.0675 0.0075 0.0163
3 0.4612 0.0706 0.0100 0.0163
3 0.4434 0.0925 0.0087 0.0163
3 0.4669 0.0950 0.0087 0.0150
3 0.4619 0.1559 0.0112 0.0150
3 0.4847 0.1537 0.0100 0.0138
3 0.4909 0.1712 0.0100 0.0175
3 0.5447 0.0512 0.0112 0.0150
3 0.5109 0.0591 0.0125 0.0150
3 0.4956 0.0647 0.0100 0.0138
3 0.5431 0.0959 0.0112 0.0138
3 0.5272 0.0975 0.0075 0.0138
3 0.5200 0.0975 0.0087 0.0138
3 0.5059 0.1012 0.0087 0.0150
3 0.4912 0.1075 0.0075 0.0150
3 0.5409 0.2003 0.0163 0.0100
3 0.5550 0.2153 0.0163 0.0087
3 0.6797 0.0550 0.0125 0.0100
3 0.9831 0.0806 0.0100 0.0175
3 0.9950 0.0175 0.0087 0.0163
3 0.9647 0.2450 0.0138 0.0087
3 0.9887 0.9806 0.0087 0.0175
3 0.9831 0.9634 0.0100 0.0175
3 0.9794 0.9447 0.0087 0.0175
3 0.9731 0.9256 0.0087 0.0200
3 0.1113 0.9291 0.0100 0.0175
3 0.1019 0.9303 0.0100 0.0138
3 0.0959 0.9316 0.0075 0.0163
3 0.0825 0.9331 0.0087 0.0163
3 0.0247 0.9800 0.0087 0.0163
3 0.9803 0.6903 0.0138 0.0087
