3 0.1747 0.1381 0.0087 0.0138
3 0.0988 0.5703 0.0163 0.0063
3 0.0966 0.5850 0.0150 0.0075
3 0.3250 0.5309 0.0187 0.0087
3 0.2900 0.5122 0.0175 0.0087
3 0.3409 0.4975 0.0100 0.0138
3 0.2487 0.5872 0.0100 0.0150
3 0.0272 0.6447 0.0075 0.0175
3 0.0216 0.3628 0.0087 0.0163
3 0.7375 0.5031 0.0125 0.0125
3 0.6687 0.5959 0.0187 0.0138
3 0.4616 0.9387 0.0200 0.0087
3 0.3550 0.8906 0.0163 0.0125
3 0.5681 0.7250 0.0175 0.0125
3 0.4141 0.7044 0.0125 0.0150
3 0.6944 0.8900 0.0138 0.0112
3 0.7850 0.8812 0.0138 0.0063
3 0.7625 0.8606 0.0063 0.0150
3 0.7981 0.5475 0.0150 0.0075
3 0.8031 0.5553 0.0125 0.0075
3 0.8094 0.5600 0.0125 0.0075
3 0.8228 0.5706 0.0175 0.0100
3 0.8262 0.5756 0.0150 0.0075
3 0.8334 0.5822 0.0138 0.0112
3 0.8391 0.5872 0.0125 0.0087
3 0.8444 0.5925 0.0138 0.0100
3 0.7913 0.5878 0.0138 0.0100
3 0.7838 0.6041 0.0112 0.0112
3 0.8438 0.2241 0.0187 0.0075
3 0.9959 0.3081 0.0075 0.0163
3 0.1575 0.1734 0.0087 0.0125
3 0.2584 0.5859 0.0075 0.0125
3 0.0534 0.7475 0.0100 0.0138
3 0.0187 0.7678 0.0187 0.0075
3 0.0584 0.8169 0.0075 0.0150
3 0.3456 0.7578 0.0163 0.0125
3 0.3588 0.9672 0.0112 0.0125
3 0.8950 0.8275 0.0087 0.0175
3 0.7750 0.5719 0.0125 0.0125
3 0.8025 0.5997 0.0112 0.0087
3 0.8075 0.6050 0.0087 0.0100
3 0.8141 0.6119 0.0125 0.0112
3 0.5581 0.7128 0.0163 0.0100
