3 0.9025 0.0453 0.0112 0.0187
3 0.8175 0.2562 0.0100 0.0312
3 0.8406 0.3638 0.0063 0.0212
3 0.8422 0.4075 0.0063 0.0150
3 0.8169 0.4056 0.0087 0.0175
3 0.8137 0.7225 0.0087 0.0325
3 0.8434 0.7106 0.0087 0.0212
3 0.8466 0.6025 0.0087 0.0238
3 0.8084 0.7766 0.0075 0.0312
3 0.8356 0.7531 0.0087 0.0187
3 0.8419 0.7700 0.0087 0.0150
3 0.8328 0.8153 0.0063 0.0150
3 0.8419 0.8838 0.0087 0.0238
3 0.8075 0.9175 0.0087 0.0225
3 0.8081 0.8297 0.0100 0.0250
3 0.8116 0.8794 0.0075 0.0275
3 0.8466 0.9666 0.0087 0.0300
3 0.7578 0.8269 0.0063 0.0225
3 0.7600 0.9269 0.0075 0.0225
3 0.7250 0.8516 0.0125 0.0625
3 0.7584 0.8981 0.0075 0.0087
3 0.8381 0.6669 0.0075 0.0150
3 0.6894 0.1250 0.0100 0.0187
3 0.6919 0.0762 0.0087 0.0212
3 0.6887 0.1822 0.0087 0.0238
3 0.6887 0.2081 0.0087 0.0225
3 0.6919 0.2450 0.0087 0.0212
3 0.7225 0.2150 0.0075 0.0112
3 0.7406 0.2119 0.0063 0.0238
3 0.8553 0.2341 0.0075 0.0150
