3 0.3325 0.6303 0.0212 0.0075
3 0.3066 0.8538 0.0163 0.0075
3 0.4534 0.7866 0.0163 0.0075
3 0.4553 0.8022 0.0200 0.0075
3 0.4588 0.8262 0.0175 0.0087
3 0.4588 0.8419 0.0175 0.0087
3 0.5287 0.7809 0.0138 0.0087
3 0.5281 0.7881 0.0187 0.0075
3 0.5250 0.7972 0.0187 0.0100
3 0.5234 0.8162 0.0187 0.0075
3 0.5197 0.8281 0.0175 0.0063
3 0.5237 0.8450 0.0163 0.0087
3 0.5244 0.8522 0.0175 0.0075
3 0.5197 0.8622 0.0175 0.0087
3 0.5200 0.8694 0.0212 0.0075
3 0.5237 0.8772 0.0163 0.0075
3 0.4588 0.8484 0.0175 0.0063
3 0.4594 0.8575 0.0187 0.0087
3 0.9075 0.3322 0.0087 0.0175
3 0.8041 0.3369 0.0112 0.0175
3 0.9222 0.3153 0.0100 0.0150
3 0.7331 0.4053 0.0163 0.0075
3 0.7338 0.4166 0.0175 0.0050
3 0.9756 0.3541 0.0200 0.0112
3 0.9091 0.3659 0.0212 0.0100
3 0.2897 0.0766 0.0075 0.0125
3 0.2100 0.2462 0.0075 0.0112
3 0.0653 0.5803 0.0212 0.0075
3 0.0766 0.5891 0.0063 0.0125
3 0.0725 0.5969 0.0138 0.0063
3 0.0853 0.5906 0.0050 0.0125
3 0.0938 0.5909 0.0063 0.0163
3 0.1006 0.5912 0.0075 0.0138
3 0.1075 0.5797 0.0150 0.0063
3 0.1253 0.5541 0.0163 0.0050
3 0.1425 0.5531 0.0163 0.0063
3 0.1428 0.5594 0.0138 0.0063
3 0.1244 0.5606 0.0175 0.0087
3 0.1097 0.5719 0.0163 0.0063
3 0.1244 0.5694 0.0175 0.0075
3 0.1263 0.5763 0.0150 0.0087
3 0.1169 0.5891 0.0087 0.0125
3 0.1256 0.5878 0.0075 0.0163
3 0.1409 0.5875 0.0163 0.0063
3 0.1419 0.5828 0.0150 0.0063
3 0.1403 0.5750 0.0150 0.0063
3 0.1444 0.5713 0.0138 0.0050
3 0.1569 0.5813 0.0138 0.0063
3 0.1581 0.5759 0.0163 0.0050
3 0.1588 0.5750 0.0175 0.0063
3 0.1597 0.5703 0.0163 0.0063
3 0.1600 0.5650 0.0138 0.0050
3 0.1603 0.5597 0.0112 0.0037
3 0.1581 0.5881 0.0163 0.0075
3 0.1725 0.5875 0.0138 0.0063
3 0.1909 0.5869 0.0163 0.0050
3 0.1894 0.5813 0.0163 0.0063
3 0.1731 0.5806 0.0150 0.0050
3 0.1731 0.5750 0.0150 0.0063
3 0.1909 0.5744 0.0163 0.0050
3 0.1909 0.5697 0.0163 0.0050
3 0.1772 0.5563 0.0200 0.0063
3 0.3259 0.4909 0.0175 0.0100
3 0.1700 0.9653 0.0212 0.0087
3 0.1681 0.9747 0.0175 0.0087
3 0.1691 0.8403 0.0163 0.0087
3 0.2103 0.8381 0.0175 0.0075
3 0.6809 0.2072 0.0087 0.0175
3 0.6819 0.2231 0.0075 0.0150
3 0.7131 0.2350 0.0075 0.0138
