3 0.1881 0.1281 0.0075 0.0125
3 0.1250 0.1391 0.0063 0.0125
3 0.1328 0.1241 0.0063 0.0138
3 0.1709 0.1744 0.0138 0.0050
3 0.0938 0.1781 0.0187 0.0063
3 0.0750 0.1400 0.0063 0.0112
3 0.0784 0.2462 0.0037 0.0112
3 0.1334 0.2059 0.0075 0.0150
3 0.2237 0.2687 0.0163 0.0063
3 0.2525 0.2978 0.0175 0.0050
3 0.1484 0.4147 0.0063 0.0138
3 0.2759 0.6022 0.0112 0.0138
3 0.2741 0.6831 0.0138 0.0100
3 0.2762 0.6856 0.0150 0.0150
3 0.4447 0.7184 0.0175 0.0087
3 0.4456 0.7256 0.0163 0.0075
3 0.0366 0.6312 0.0138 0.0063
3 0.0481 0.8187 0.0150 0.0063
3 0.0241 0.8688 0.0138 0.0063
3 0.0887 0.4178 0.0087 0.0138
3 0.4966 0.8238 0.0087 0.0163
3 0.4669 0.7922 0.0150 0.0063
3 0.3412 0.4694 0.0138 0.0075
3 0.3050 0.2928 0.0100 0.0138
3 0.2888 0.3169 0.0087 0.0150
3 0.4369 0.3547 0.0175 0.0063
3 0.4625 0.0416 0.0125 0.0112
3 0.4569 0.2856 0.0075 0.0150
3 0.4584 0.3038 0.0075 0.0138
3 0.4781 0.3381 0.0063 0.0138
3 0.5091 0.3547 0.0150 0.0063
3 0.5091 0.3631 0.0150 0.0075
3 0.4369 0.3672 0.0175 0.0063
3 0.4813 0.3809 0.0063 0.0087
3 0.4850 0.3987 0.0075 0.0163
3 0.4944 0.8072 0.0075 0.0112
3 0.6194 0.9662 0.0075 0.0138
3 0.6112 0.8472 0.0100 0.0100
3 0.6750 0.5672 0.0187 0.0063
3 0.6656 0.3178 0.0125 0.0138
3 0.6181 0.2069 0.0112 0.0075
3 0.5575 0.0559 0.0150 0.0150
3 0.5881 0.0462 0.0138 0.0112
3 0.7288 0.2406 0.0138 0.0125
3 0.8219 0.2375 0.0125 0.0125
3 0.8287 0.5594 0.0138 0.0125
3 0.8109 0.8300 0.0063 0.0163
3 0.8172 0.9200 0.0063 0.0150
3 0.8200 0.9725 0.0087 0.0138
3 0.7797 0.8344 0.0125 0.0125
3 0.8162 0.2978 0.0138 0.0112
3 0.6706 0.2437 0.0100 0.0125
3 0.6381 0.4191 0.0075 0.0163
3 0.6438 0.4188 0.0063 0.0125
3 0.9247 0.3206 0.0150 0.0100
3 0.9363 0.3469 0.0163 0.0125
3 0.9397 0.4000 0.0138 0.0125
3 0.9256 0.4147 0.0200 0.0075
3 0.6528 0.5966 0.0087 0.0150
3 0.4322 0.3219 0.0112 0.0125
3 0.7678 0.0663 0.0138 0.0138
3 0.1562 0.4062 0.0063 0.0125
