1 0.8297 0.9641 0.0906 0.0719
1 0.9609 0.9117 0.0781 0.0797
1 0.9734 0.7805 0.0531 0.1016
1 0.4984 0.9789 0.0406 0.0422
1 0.3680 0.9648 0.0797 0.0703
1 0.2500 0.9203 0.0531 0.0500
1 0.6602 0.6867 0.0703 0.0828
1 0.5805 0.7250 0.0703 0.0844
1 0.5023 0.7633 0.0734 0.0797
1 0.4250 0.8016 0.0688 0.0813
1 0.3461 0.8320 0.0797 0.0797
1 0.9625 0.4813 0.0750 0.0656
1 0.9266 0.3953 0.0781 0.0656
1 0.8922 0.3219 0.0563 0.0437
1 0.7703 0.5273 0.0875 0.0797
1 0.7297 0.4484 0.0969 0.0781
1 0.6883 0.3469 0.0641 0.0500
1 0.6062 0.1953 0.0875 0.0750
1 0.5703 0.1172 0.0844 0.0719
1 0.5484 0.5195 0.0625 0.0484
1 0.2961 0.6375 0.0516 0.0531
1 0.3609 0.5938 0.0437 0.0531
1 0.5133 0.4609 0.0578 0.0406
1 0.4547 0.3406 0.0563 0.0437
1 0.4266 0.2391 0.0406 0.0375
1 0.0531 0.6531 0.0688 0.0500
1 0.0688 0.5984 0.0500 0.0469
1 0.0852 0.5500 0.0484 0.0437
1 0.1125 0.4453 0.0531 0.0469
1 0.0195 0.0891 0.0391 0.0594
