1 0.8230 0.2777 0.0836 0.0805
1 0.8805 0.4422 0.0797 0.0750
1 0.9098 0.5305 0.0820 0.0766
1 0.6309 0.4012 0.0523 0.0430
1 0.6492 0.4527 0.0484 0.0430
1 0.6277 0.5910 0.0430 0.0477
1 0.4723 0.4660 0.0633 0.0508
1 0.4938 0.5172 0.0531 0.0406
1 0.5215 0.6258 0.0430 0.0547
1 0.6680 0.6684 0.0547 0.0492
1 0.8832 0.6395 0.0883 0.0758
1 0.1105 0.6121 0.0773 0.0930
1 0.8547 0.7270 0.0500 0.0570
1 0.7039 0.7871 0.0734 0.0867
1 0.5398 0.8438 0.0734 0.0906
1 0.1219 0.7359 0.0906 0.0844
1 0.2598 0.7961 0.0883 0.0797
1 0.3656 0.8992 0.0781 0.1016
1 0.2812 0.9277 0.0781 0.1023
1 0.7867 0.9602 0.0797 0.0797
1 0.7039 0.9758 0.0734 0.0484
1 0.9789 0.9656 0.0422 0.0656
