1 0.8547 0.0242 0.0500 0.0484
1 0.7039 0.0809 0.0734 0.0867
1 0.5398 0.1359 0.0734 0.0906
1 0.1219 0.0355 0.0906 0.0711
1 0.2598 0.0883 0.0883 0.0797
1 0.3656 0.1930 0.0781 0.1016
1 0.2812 0.2199 0.0781 0.1023
1 0.7867 0.2582 0.0797 0.0883
1 0.7051 0.2871 0.0727 0.0805
1 0.5953 0.3227 0.0688 0.0797
1 0.5188 0.3445 0.0406 0.0516
1 0.4277 0.3801 0.0711 0.0789
1 0.4723 0.6066 0.0508 0.0477
1 0.2586 0.5191 0.0797 0.0664
1 0.2199 0.6051 0.0773 0.0664
1 0.1855 0.6777 0.0555 0.0430
1 0.0629 0.4742 0.0883 0.0797
1 0.0355 0.5520 0.0711 0.0789
1 0.9789 0.2578 0.0422 0.0656
