1 0.9641 0.8297 0.0719 0.0906
1 0.9117 0.9609 0.0797 0.0781
1 0.7805 0.9734 0.1016 0.0531
1 0.9789 0.4984 0.0422 0.0406
1 0.9648 0.3680 0.0703 0.0797
1 0.9203 0.2500 0.0500 0.0531
1 0.6867 0.6602 0.0828 0.0703
1 0.7250 0.5805 0.0844 0.0703
1 0.7633 0.5023 0.0797 0.0734
1 0.8016 0.4250 0.0813 0.0688
1 0.8320 0.3461 0.0797 0.0797
1 0.4813 0.9625 0.0656 0.0750
1 0.3953 0.9266 0.0656 0.0781
1 0.3219 0.8922 0.0437 0.0563
1 0.5273 0.7703 0.0797 0.0875
1 0.4484 0.7297 0.0781 0.0969
1 0.3469 0.6883 0.0500 0.0641
1 0.1953 0.6062 0.0750 0.0875
1 0.1172 0.5703 0.0719 0.0844
1 0.5195 0.5484 0.0484 0.0625
1 0.6375 0.2961 0.0531 0.0516
1 0.5938 0.3609 0.0531 0.0437
1 0.4609 0.5133 0.0406 0.0578
1 0.3406 0.4547 0.0437 0.0563
1 0.2391 0.4266 0.0375 0.0406
1 0.6531 0.0531 0.0500 0.0688
1 0.5984 0.0688 0.0469 0.0500
1 0.5500 0.0852 0.0437 0.0484
1 0.4453 0.1125 0.0469 0.0531
1 0.0891 0.0195 0.0594 0.0391
