3 0.3969 0.6088 0.0125 0.0175
3 0.4619 0.6800 0.0112 0.0100
3 0.4562 0.6863 0.0125 0.0163
3 0.1575 0.1475 0.0212 0.0138
3 0.7216 0.6594 0.0150 0.0250
3 0.6322 0.5853 0.0175 0.0175
3 0.5059 0.5175 0.0087 0.0163
3 0.5878 0.4116 0.0100 0.0138
3 0.1581 0.6344 0.0100 0.0125
3 0.1762 0.3666 0.0150 0.0112
3 0.1422 0.3866 0.0125 0.0075
3 0.5400 0.1794 0.0112 0.0150
3 0.0228 0.1872 0.0175 0.0087
3 0.1609 0.2194 0.0063 0.0138
3 0.1688 0.2178 0.0063 0.0138
3 0.1837 0.2263 0.0112 0.0087
3 0.0916 0.3719 0.0112 0.0125
3 0.0894 0.3997 0.0163 0.0087
3 0.0881 0.4075 0.0138 0.0087
3 0.1831 0.3906 0.0100 0.0125
3 0.3287 0.3059 0.0138 0.0150
3 0.0475 0.7222 0.0138 0.0100
3 0.0541 0.7288 0.0112 0.0075
3 0.4247 0.9644 0.0150 0.0100
3 0.4838 0.7856 0.0112 0.0150
3 0.8162 0.8812 0.0138 0.0125
3 0.9659 0.9434 0.0163 0.0087
3 0.9556 0.9544 0.0112 0.0150
3 0.6656 0.8512 0.0125 0.0150
3 0.3872 0.5928 0.0150 0.0200
3 0.2831 0.2316 0.0100 0.0100
3 0.2888 0.2369 0.0087 0.0112
3 0.3013 0.2228 0.0150 0.0112
3 0.3122 0.2147 0.0087 0.0075
3 0.5138 0.1506 0.0087 0.0138
3 0.5825 0.4744 0.0087 0.0175
3 0.6628 0.6319 0.0100 0.0138
3 0.8775 0.6434 0.0175 0.0087
3 0.1847 0.1478 0.0100 0.0112
3 0.2431 0.1862 0.0175 0.0163
