3 0.0734 0.5606 0.0063 0.0150
3 0.0803 0.6531 0.0075 0.0125
3 0.0681 0.7603 0.0050 0.0112
3 0.0688 0.7744 0.0063 0.0112
3 0.0963 0.1103 0.0112 0.0050
3 0.1256 0.1081 0.0138 0.0037
3 0.2828 0.1000 0.0125 0.0063
3 0.2362 0.7500 0.0163 0.0063
3 0.2313 0.7572 0.0187 0.0050
3 0.5034 0.3850 0.0163 0.0075
3 0.5281 0.1591 0.0063 0.0150
3 0.5731 0.9938 0.0150 0.0063
3 0.6031 0.9544 0.0063 0.0150
3 0.6031 0.9662 0.0063 0.0138
3 0.6194 0.9344 0.0075 0.0125
3 0.6016 0.9344 0.0063 0.0125
3 0.6125 0.8375 0.0063 0.0125
3 0.6141 0.8725 0.0063 0.0138
3 0.6156 0.8897 0.0063 0.0138
3 0.6125 0.8150 0.0063 0.0112
3 0.5906 0.7953 0.0063 0.0125
3 0.5922 0.8113 0.0063 0.0100
3 0.6613 0.7150 0.0163 0.0050
3 0.8422 0.2703 0.0063 0.0125
3 0.8334 0.2703 0.0075 0.0125
3 0.8344 0.2856 0.0063 0.0150
3 0.0813 0.9184 0.0063 0.0150
3 0.0834 0.9406 0.0075 0.0125
3 0.2894 0.0591 0.0100 0.0150
3 0.8675 0.5647 0.0163 0.0075
3 0.9566 0.5841 0.0100 0.0150
3 0.6312 0.2953 0.0063 0.0187
