3 0.0566 0.3197 0.0163 0.0488
3 0.6175 0.5169 0.0287 0.0150
3 0.5378 0.5338 0.0287 0.0112
3 0.3978 0.3394 0.0238 0.0100
3 0.3916 0.3228 0.0300 0.0112
3 0.5069 0.3259 0.0263 0.0112
3 0.4319 0.3572 0.0263 0.0112
3 0.3953 0.4009 0.0312 0.0112
3 0.3903 0.4319 0.0338 0.0138
3 0.3897 0.4647 0.0325 0.0138
3 0.4284 0.3091 0.0350 0.0150
3 0.0306 0.5819 0.0300 0.0138
3 0.0287 0.5491 0.0263 0.0138
3 0.4719 0.2281 0.0125 0.0250
3 0.4400 0.2256 0.0112 0.0263
3 0.3962 0.2269 0.0112 0.0287
3 0.4456 0.1456 0.0287 0.0100
3 0.3753 0.1437 0.0350 0.0125
3 0.2888 0.1437 0.0275 0.0125
3 0.2069 0.1413 0.0263 0.0138
3 0.5456 0.1472 0.0287 0.0100
3 0.2772 0.8709 0.0138 0.0263
3 0.2109 0.8672 0.0125 0.0250
3 0.1675 0.8891 0.0287 0.0125
3 0.1641 0.7925 0.0187 0.0100
3 0.1394 0.7197 0.0225 0.0112
3 0.0209 0.8519 0.0325 0.0225
3 0.0231 0.7412 0.0338 0.0263
3 0.5400 0.6594 0.0300 0.0125
3 0.3503 0.6547 0.0287 0.0125
3 0.5262 0.7162 0.0150 0.0325
3 0.6850 0.6994 0.0263 0.0238
3 0.7475 0.5687 0.0138 0.0312
3 0.5803 0.6219 0.0138 0.0250
3 0.7044 0.4806 0.0150 0.0362
3 0.7025 0.4153 0.0175 0.0338
3 0.7069 0.3741 0.0138 0.0263
3 0.3094 0.8694 0.0125 0.0263
3 0.4287 0.9425 0.0263 0.0100
3 0.7228 0.9097 0.0175 0.0350
3 0.7456 0.8238 0.0163 0.0287
3 0.6806 0.8628 0.0300 0.0287
3 0.6844 0.8137 0.0250 0.0275
3 0.6844 0.7469 0.0250 0.0250
3 0.9703 0.6450 0.0312 0.0150
3 0.9103 0.6203 0.0112 0.0312
3 0.8741 0.6234 0.0138 0.0312
3 0.8412 0.6244 0.0138 0.0300
3 0.8153 0.9766 0.0275 0.0125
3 0.7569 0.0187 0.0138 0.0312
3 0.5806 0.0116 0.0238 0.0200
3 0.4803 0.0381 0.0200 0.0200
