3 0.3794 0.4009 0.0150 0.0175
3 0.3750 0.3922 0.0125 0.0125
3 0.3850 0.4097 0.0138 0.0163
3 0.4047 0.4306 0.0125 0.0175
3 0.3894 0.4266 0.0163 0.0125
3 0.8978 0.5969 0.0175 0.0125
3 0.9209 0.5813 0.0138 0.0125
3 0.8316 0.7178 0.0225 0.0325
3 0.8594 0.7016 0.0187 0.0250
3 0.8438 0.7281 0.0187 0.0250
3 0.9262 0.6537 0.0087 0.0138
3 0.9491 0.6787 0.0138 0.0138
3 0.9491 0.6028 0.0138 0.0087
3 0.9434 0.6266 0.0087 0.0125
3 0.1553 0.5200 0.0138 0.0087
3 0.2297 0.4569 0.0063 0.0138
3 0.1913 0.5125 0.0138 0.0125
3 0.3225 0.5200 0.0138 0.0087
3 0.3381 0.5281 0.0138 0.0125
3 0.1850 0.5256 0.0138 0.0075
3 0.2303 0.6631 0.0075 0.0138
3 0.2350 0.6656 0.0075 0.0125
3 0.2444 0.6725 0.0075 0.0138
3 0.2506 0.6766 0.0075 0.0125
3 0.2569 0.6781 0.0075 0.0125
3 0.2631 0.6828 0.0075 0.0125
3 0.2687 0.6850 0.0063 0.0138
3 0.4162 0.6162 0.0075 0.0138
3 0.4513 0.5563 0.0087 0.0125
3 0.4934 0.5250 0.0087 0.0125
3 0.4537 0.5959 0.0075 0.0138
3 0.4294 0.6350 0.0087 0.0138
3 0.4231 0.6469 0.0087 0.0125
3 0.4169 0.6594 0.0087 0.0125
3 0.4631 0.5781 0.0075 0.0125
3 0.4281 0.5944 0.0125 0.0138
3 0.2903 0.9469 0.0212 0.0125
3 0.2744 0.9584 0.0175 0.0075
3 0.3125 0.9262 0.0187 0.0087
3 0.3544 0.3706 0.0150 0.0163
3 0.3459 0.3969 0.0138 0.0125
3 0.0078 0.3763 0.0125 0.0087
3 0.0219 0.3853 0.0125 0.0112
3 0.0084 0.4463 0.0075 0.0112
3 0.0178 0.4469 0.0075 0.0125
3 0.0256 0.4487 0.0075 0.0163
3 0.0319 0.4531 0.0075 0.0187
3 0.4069 0.8566 0.0138 0.0100
3 0.4078 0.8659 0.0125 0.0100
3 0.3944 0.8166 0.0075 0.0112
3 0.4381 0.6213 0.0075 0.0112
3 0.3241 0.6034 0.0075 0.0100
3 0.3381 0.5797 0.0075 0.0125
3 0.3441 0.5672 0.0100 0.0125
3 0.4309 0.4197 0.0087 0.0112
3 0.2491 0.4709 0.0075 0.0138
3 0.1994 0.5025 0.0112 0.0112
3 0.8172 0.9466 0.0125 0.0087
3 0.7509 0.8247 0.0112 0.0087
3 0.8137 0.7972 0.0087 0.0100
3 0.8047 0.9669 0.0125 0.0087
3 0.7650 0.7688 0.0112 0.0125
3 0.7575 0.7825 0.0087 0.0087
3 0.7506 0.7916 0.0075 0.0112
3 0.7503 0.8128 0.0100 0.0100
3 0.9369 0.6388 0.0112 0.0150
3 0.8944 0.5400 0.0075 0.0112
3 0.9516 0.4759 0.0063 0.0112
