3 0.4528 0.8394 0.0087 0.0100
3 0.4584 0.8441 0.0075 0.0100
3 0.4622 0.8509 0.0087 0.0112
3 0.4700 0.8609 0.0087 0.0125
3 0.3784 0.9072 0.0100 0.0050
3 0.6028 0.9238 0.0087 0.0100
3 0.5475 0.9294 0.0075 0.0087
3 0.5513 0.9375 0.0087 0.0063
3 0.5613 0.9531 0.0100 0.0063
3 0.5709 0.9688 0.0075 0.0063
3 0.5794 0.9812 0.0087 0.0063
3 0.5544 0.9834 0.0087 0.0075
3 0.5094 0.9069 0.0063 0.0075
3 0.5188 0.9216 0.0063 0.0087
3 0.5125 0.9147 0.0063 0.0075
3 0.0744 0.7075 0.0050 0.0087
3 0.0681 0.7081 0.0050 0.0100
3 0.0644 0.7059 0.0037 0.0087
3 0.0806 0.6650 0.0050 0.0112
3 0.0759 0.6644 0.0050 0.0100
3 0.0691 0.6653 0.0037 0.0087
3 0.2097 0.6359 0.0100 0.0063
3 0.5831 0.5000 0.0100 0.0063
3 0.5837 0.5381 0.0112 0.0075
3 0.5641 0.5275 0.0063 0.0112
3 0.5503 0.5025 0.0100 0.0050
3 0.5806 0.4875 0.0112 0.0063
3 0.5753 0.4922 0.0100 0.0063
3 0.5769 0.4797 0.0100 0.0063
3 0.5497 0.4963 0.0087 0.0050
3 0.4713 0.4384 0.0112 0.0050
3 0.4325 0.4525 0.0087 0.0050
3 0.4222 0.4525 0.0100 0.0050
3 0.2831 0.1178 0.0100 0.0075
3 0.2737 0.1313 0.0100 0.0063
3 0.5012 0.0316 0.0087 0.0100
3 0.5059 0.0269 0.0087 0.0100
3 0.5097 0.0222 0.0100 0.0100
3 0.5231 0.0381 0.0087 0.0075
3 0.5338 0.0387 0.0050 0.0087
3 0.5269 0.0325 0.0100 0.0087
3 0.5334 0.0209 0.0075 0.0075
3 0.5397 0.0212 0.0075 0.0112
3 0.5437 0.0147 0.0063 0.0075
3 0.5487 0.0128 0.0100 0.0100
3 0.5537 0.0075 0.0075 0.0087
3 0.5584 0.0053 0.0075 0.0075
3 0.5384 0.0391 0.0050 0.0125
3 0.5431 0.0362 0.0050 0.0100
3 0.5487 0.0378 0.0037 0.0100
3 0.5541 0.0387 0.0050 0.0087
3 0.5728 0.0394 0.0050 0.0100
3 0.5813 0.0394 0.0063 0.0100
3 0.5813 0.0291 0.0063 0.0112
3 0.5884 0.0272 0.0050 0.0075
3 0.5687 0.0284 0.0063 0.0100
3 0.5938 0.0387 0.0063 0.0087
3 0.5884 0.0394 0.0050 0.0100
3 0.6000 0.0378 0.0063 0.0100
3 0.7106 0.9444 0.0087 0.0075
3 0.7522 0.9012 0.0075 0.0087
3 0.7397 0.9616 0.0075 0.0075
3 0.9575 0.9678 0.0087 0.0075
3 0.9653 0.9656 0.0087 0.0063
3 0.9706 0.9819 0.0100 0.0075
3 0.9575 0.9881 0.0087 0.0075
3 0.9450 0.9912 0.0087 0.0075
3 0.8381 0.8931 0.0075 0.0112
3 0.8469 0.9175 0.0063 0.0100
3 0.9625 0.8519 0.0063 0.0100
