3 0.1578 0.2228 0.0125 0.0425
3 0.1375 0.2328 0.0125 0.0500
3 0.1341 0.3078 0.0087 0.0500
3 0.1469 0.3856 0.0125 0.0400
3 0.1281 0.4406 0.0125 0.0250
3 0.6953 0.4034 0.0125 0.0287
3 0.7106 0.4050 0.0087 0.0350
3 0.7206 0.4050 0.0100 0.0350
3 0.2475 0.1231 0.0138 0.0087
3 0.2587 0.1597 0.0175 0.0100
3 0.3716 0.1403 0.0150 0.0087
3 0.5084 0.1756 0.0138 0.0075
3 0.8469 0.1984 0.0125 0.0063
3 0.8006 0.0456 0.0263 0.0100
3 0.9006 0.0591 0.0200 0.0087
3 0.9919 0.0753 0.0150 0.0100
3 0.5850 0.0241 0.0200 0.0075
3 0.2569 0.7297 0.0450 0.0125
3 0.3081 0.7334 0.0475 0.0138
3 0.3631 0.7375 0.0512 0.0125
3 0.4522 0.7409 0.0450 0.0100
