3 0.9556 0.1225 0.0175 0.0075
3 0.7719 0.1781 0.0125 0.0063
3 0.4681 0.3006 0.0175 0.0075
3 0.4553 0.4406 0.0075 0.0125
3 0.4787 0.4234 0.0138 0.0063
3 0.4816 0.4297 0.0163 0.0063
3 0.7784 0.3669 0.0100 0.0150
3 0.6203 0.5744 0.0063 0.0175
3 0.6250 0.6172 0.0063 0.0125
3 0.2084 0.5375 0.0138 0.0063
3 0.2750 0.5294 0.0063 0.0150
3 0.2500 0.5531 0.0063 0.0125
3 0.2787 0.5859 0.0075 0.0125
3 0.2531 0.5950 0.0063 0.0150
3 0.2078 0.6112 0.0125 0.0037
3 0.2812 0.6344 0.0063 0.0125
3 0.2834 0.6503 0.0075 0.0163
3 0.2872 0.7063 0.0087 0.0125
3 0.2903 0.7306 0.0087 0.0238
3 0.2938 0.7825 0.0063 0.0087
3 0.6506 0.7281 0.0075 0.0125
3 0.6509 0.7438 0.0050 0.0125
3 0.6672 0.8366 0.0063 0.0138
3 0.6075 0.8500 0.0150 0.0063
3 0.6625 0.8625 0.0063 0.0125
3 0.7066 0.7044 0.0100 0.0087
3 0.8547 0.8866 0.0063 0.0138
3 0.8131 0.9359 0.0200 0.0063
3 0.7688 0.9822 0.0063 0.0112
3 0.0212 0.9631 0.0175 0.0075
3 0.0675 0.9594 0.0163 0.0063
3 0.5828 0.5188 0.0187 0.0063
3 0.9744 0.1109 0.0050 0.0125
