3 0.7794 0.1881 0.0212 0.0075
3 0.9531 0.2059 0.0187 0.0087
3 0.8628 0.7850 0.0100 0.0138
3 0.3300 0.8566 0.0163 0.0100
3 0.3928 0.8319 0.0075 0.0138
3 0.5459 0.2203 0.0075 0.0187
3 0.5894 0.1984 0.0163 0.0063
3 0.5928 0.1113 0.0075 0.0163
3 0.8356 0.1419 0.0087 0.0150
3 0.8419 0.2038 0.0087 0.0138
3 0.5709 0.4138 0.0075 0.0150
3 0.6866 0.4153 0.0075 0.0150
3 0.7691 0.4325 0.0163 0.0087
3 0.8556 0.4450 0.0175 0.0087
3 0.9819 0.2044 0.0075 0.0150
3 0.7456 0.5653 0.0163 0.0087
3 0.6863 0.5700 0.0163 0.0087
3 0.7144 0.8309 0.0163 0.0087
3 0.1684 0.7806 0.0087 0.0175
3 0.1913 0.7744 0.0138 0.0175
3 0.2953 0.8278 0.0063 0.0150
3 0.3731 0.8234 0.0150 0.0063
3 0.2762 0.8988 0.0087 0.0163
3 0.1172 0.9334 0.0187 0.0075
3 0.1762 0.9741 0.0087 0.0138
3 0.3872 0.8603 0.0212 0.0112
3 0.4428 0.8600 0.0138 0.0075
3 0.4759 0.8428 0.0175 0.0075
3 0.6059 0.8116 0.0087 0.0138
3 0.7994 0.8419 0.0175 0.0087
3 0.8213 0.8381 0.0175 0.0075
3 0.8294 0.8234 0.0150 0.0063
3 0.8400 0.8391 0.0175 0.0063
3 0.7731 0.8662 0.0087 0.0138
3 0.9316 0.9894 0.0163 0.0100
