3 0.4941 0.5347 0.0350 0.0225
3 0.6166 0.3969 0.0112 0.0125
3 0.1691 0.6388 0.0225 0.0087
3 0.1341 0.6412 0.0150 0.0075
3 0.0106 0.4769 0.0150 0.0100
3 0.0119 0.4894 0.0175 0.0100
3 0.0112 0.5041 0.0163 0.0112
3 0.0756 0.2550 0.0200 0.0163
3 0.1659 0.1981 0.0163 0.0150
3 0.2794 0.1525 0.0150 0.0112
3 0.2631 0.0356 0.0075 0.0150
3 0.1644 0.8850 0.0287 0.0263
3 0.2706 0.5409 0.0163 0.0100
3 0.2878 0.5419 0.0163 0.0087
3 0.2494 0.5925 0.0175 0.0100
3 0.2931 0.5919 0.0175 0.0087
3 0.3091 0.5903 0.0150 0.0087
3 0.3269 0.5900 0.0163 0.0112
3 0.3419 0.5853 0.0150 0.0112
3 0.9900 0.9244 0.0112 0.0175
3 0.8331 0.4738 0.0100 0.0163
3 0.8103 0.4481 0.0112 0.0150
