3 0.3003 0.9347 0.0163 0.0163
3 0.1991 0.9134 0.0075 0.0175
3 0.2116 0.9163 0.0075 0.0138
3 0.2209 0.9181 0.0075 0.0175
3 0.2006 0.9363 0.0075 0.0163
3 0.2219 0.9372 0.0063 0.0150
3 0.1891 0.9331 0.0063 0.0163
3 0.1169 0.9137 0.0212 0.0212
3 0.1241 0.9334 0.0263 0.0263
3 0.0931 0.9222 0.0300 0.0287
3 0.0859 0.9287 0.0250 0.0263
3 0.0887 0.9734 0.0212 0.0063
3 0.1353 0.9728 0.0300 0.0112
3 0.1741 0.9744 0.0263 0.0112
3 0.3122 0.9744 0.0462 0.0112
3 0.3800 0.9769 0.0412 0.0100
3 0.0469 0.9734 0.0500 0.0125
3 0.0112 0.1141 0.0100 0.0187
3 0.0069 0.1850 0.0075 0.0200
