3 0.2719 0.5197 0.0063 0.0112
3 0.2697 0.5531 0.0050 0.0125
3 0.2256 0.6494 0.0075 0.0175
3 0.1859 0.6156 0.0125 0.0063
3 0.1859 0.6234 0.0125 0.0063
3 0.1881 0.6303 0.0138 0.0075
3 0.5094 0.8187 0.0125 0.0063
3 0.7228 0.6306 0.0112 0.0050
3 0.9000 0.6772 0.0063 0.0138
3 0.9069 0.6778 0.0075 0.0150
3 0.9650 0.5781 0.0112 0.0063
3 0.1416 0.0225 0.0112 0.0075
3 0.1828 0.0625 0.0125 0.0063
3 0.2022 0.0475 0.0075 0.0138
3 0.2587 0.0319 0.0112 0.0075
3 0.2878 0.0331 0.0100 0.0100
3 0.2675 0.0503 0.0100 0.0100
3 0.2631 0.0553 0.0075 0.0075
3 0.2572 0.0581 0.0112 0.0100
3 0.2350 0.0825 0.0075 0.0087
3 0.2297 0.0878 0.0125 0.0100
3 0.2134 0.1025 0.0112 0.0112
3 0.1666 0.1059 0.0112 0.0087
3 0.2716 0.5759 0.0087 0.0112
3 0.2547 0.5406 0.0063 0.0125
3 0.2709 0.5088 0.0075 0.0112
3 0.0534 0.8562 0.0100 0.0063
3 0.0688 0.8538 0.0125 0.0075
3 0.1291 0.8484 0.0112 0.0063
3 0.1425 0.8475 0.0100 0.0075
3 0.1666 0.8444 0.0112 0.0075
3 0.2291 0.8375 0.0112 0.0063
3 0.5894 0.2959 0.0100 0.0075
3 0.6125 0.1291 0.0063 0.0112
3 0.6194 0.2056 0.0075 0.0112
3 0.5984 0.1725 0.0063 0.0138
3 0.6194 0.2203 0.0075 0.0125
3 0.6038 0.8731 0.0075 0.0150
3 0.6234 0.8703 0.0063 0.0125
3 0.6244 0.8481 0.0050 0.0150
3 0.6250 0.9166 0.0063 0.0112
3 0.6047 0.9928 0.0063 0.0138
3 0.0838 0.8766 0.0050 0.0125
3 0.0822 0.8869 0.0050 0.0112
3 0.0819 0.8978 0.0075 0.0112
3 0.0819 0.9578 0.0075 0.0125
3 0.0797 0.9919 0.0063 0.0150
3 0.2481 0.9872 0.0087 0.0150
3 0.2494 0.8828 0.0050 0.0125
3 0.2500 0.8725 0.0063 0.0138
3 0.2491 0.8594 0.0075 0.0125
3 0.4172 0.9537 0.0063 0.0138
3 0.4178 0.9091 0.0075 0.0150
3 0.4172 0.8650 0.0063 0.0112
3 0.4188 0.8516 0.0063 0.0125
3 0.6375 0.8059 0.0125 0.0087
3 0.3694 0.8031 0.0075 0.0125
3 0.4969 0.8031 0.0063 0.0125
3 0.4819 0.8031 0.0075 0.0125
3 0.5088 0.8025 0.0050 0.0112
3 0.5141 0.8041 0.0063 0.0112
3 0.5228 0.8031 0.0050 0.0125
3 0.5287 0.8047 0.0075 0.0125
3 0.5369 0.8031 0.0050 0.0125
3 0.5447 0.8037 0.0050 0.0138
3 0.5509 0.8037 0.0050 0.0138
3 0.5563 0.8041 0.0063 0.0112
3 0.5647 0.8031 0.0075 0.0125
3 0.2559 0.0956 0.0087 0.0100
3 0.2144 0.1337 0.0100 0.0112
3 0.2300 0.1212 0.0100 0.0112
3 0.2031 0.1447 0.0125 0.0112
3 0.1684 0.1194 0.0087 0.0075
3 0.1503 0.1356 0.0100 0.0087
3 0.0769 0.2075 0.0100 0.0150
3 0.0694 0.2156 0.0075 0.0125
3 0.0666 0.2197 0.0112 0.0112
3 0.0575 0.2275 0.0087 0.0112
3 0.1150 0.2847 0.0050 0.0100
3 0.0275 0.2541 0.0112 0.0112
3 0.1056 0.2853 0.0050 0.0112
