3 0.6097 0.8300 0.0100 0.0163
3 0.8184 0.9200 0.0087 0.0150
3 0.6572 0.6597 0.0175 0.0100
3 0.6987 0.6562 0.0163 0.0063
3 0.8047 0.6687 0.0187 0.0063
3 0.5487 0.1909 0.0163 0.0163
3 0.5644 0.2662 0.0100 0.0138
3 0.5622 0.6431 0.0150 0.0050
3 0.3206 0.5628 0.0100 0.0163
3 0.1531 0.9447 0.0125 0.0112
3 0.3806 0.9700 0.0175 0.0087
3 0.3094 0.9481 0.0063 0.0150
3 0.4909 0.9647 0.0163 0.0075
3 0.5128 0.9637 0.0163 0.0087
3 0.5256 0.8816 0.0075 0.0163
3 0.7341 0.9919 0.0087 0.0150
3 0.8200 0.9512 0.0150 0.0087
3 0.9659 0.9587 0.0287 0.0112
3 0.9319 0.9794 0.0075 0.0150
3 0.9409 0.9581 0.0163 0.0100
3 0.9059 0.6991 0.0087 0.0138
3 0.7087 0.6753 0.0175 0.0100
3 0.8306 0.4116 0.0112 0.0138
3 0.9194 0.4172 0.0075 0.0187
3 0.9400 0.4088 0.0050 0.0112
3 0.9400 0.4228 0.0050 0.0112
