3 0.0856 0.3497 0.0150 0.0150
3 0.1266 0.7819 0.0125 0.0075
3 0.6950 0.7972 0.0087 0.0163
3 0.6881 0.8353 0.0075 0.0175
3 0.7022 0.8350 0.0075 0.0138
3 0.7094 0.7975 0.0063 0.0138
3 0.7412 0.9181 0.0075 0.0175
3 0.0231 0.4244 0.0150 0.0175
3 0.1969 0.2156 0.0125 0.0125
3 0.2650 0.1009 0.0112 0.0112
3 0.5938 0.0375 0.0125 0.0125
3 0.0906 0.3100 0.0125 0.0138
3 0.1609 0.2591 0.0125 0.0150
3 0.2391 0.7803 0.0125 0.0075
3 0.1628 0.8156 0.0100 0.0125
3 0.0059 0.4459 0.0087 0.0138
3 0.7634 0.5737 0.0112 0.0100
3 0.7516 0.5309 0.0125 0.0087
3 0.6616 0.9844 0.0138 0.0063
