3 0.0063 0.3328 0.0063 0.0187
3 0.0191 0.3325 0.0100 0.0212
3 0.0294 0.3325 0.0087 0.0212
3 0.0381 0.3331 0.0075 0.0225
3 0.0494 0.3331 0.0112 0.0225
3 0.0606 0.3331 0.0087 0.0225
3 0.0713 0.3328 0.0112 0.0250
3 0.0825 0.3325 0.0087 0.0212
3 0.0934 0.3331 0.0087 0.0225
3 0.1050 0.3341 0.0100 0.0212
3 0.1241 0.3325 0.0075 0.0212
3 0.1347 0.3350 0.0100 0.0263
3 0.0047 0.2391 0.0063 0.0187
3 0.0059 0.2750 0.0087 0.0250
3 0.0141 0.2756 0.0063 0.0200
3 0.0263 0.2756 0.0087 0.0200
3 0.0350 0.2769 0.0075 0.0225
3 0.0138 0.2434 0.0087 0.0212
3 0.0256 0.2419 0.0075 0.0212
3 0.0353 0.2403 0.0112 0.0212
3 0.0450 0.2762 0.0087 0.0212
3 0.0528 0.2775 0.0087 0.0238
3 0.0628 0.2791 0.0100 0.0238
3 0.0709 0.2787 0.0075 0.0200
3 0.0466 0.2413 0.0087 0.0200
3 0.0569 0.2450 0.0075 0.0212
3 0.0800 0.2769 0.0100 0.0225
3 0.0903 0.2766 0.0087 0.0187
3 0.1003 0.2778 0.0100 0.0212
3 0.0700 0.2425 0.0087 0.0225
3 0.0788 0.2425 0.0075 0.0225
3 0.0912 0.2406 0.0075 0.0250
3 0.1006 0.2434 0.0075 0.0212
3 0.1122 0.2419 0.0087 0.0212
3 0.1209 0.2441 0.0075 0.0225
3 0.1325 0.2447 0.0087 0.0238
3 0.1444 0.2444 0.0075 0.0200
3 0.1559 0.2450 0.0087 0.0212
3 0.1663 0.2444 0.0075 0.0200
3 0.1769 0.2456 0.0100 0.0225
3 0.1116 0.2762 0.0075 0.0212
3 0.1200 0.2784 0.0087 0.0225
3 0.1288 0.2806 0.0075 0.0238
3 0.1381 0.2797 0.0075 0.0187
3 0.1466 0.2800 0.0087 0.0225
3 0.1575 0.2784 0.0087 0.0225
3 0.1659 0.2794 0.0100 0.0212
3 0.1762 0.2809 0.0087 0.0212
3 0.2519 0.2459 0.0100 0.0200
3 0.2497 0.2825 0.0087 0.0212
3 0.2597 0.2841 0.0100 0.0212
3 0.2628 0.2497 0.0100 0.0212
3 0.2737 0.2513 0.0100 0.0212
3 0.2694 0.2834 0.0075 0.0200
3 0.2797 0.2825 0.0063 0.0212
3 0.2831 0.2506 0.0100 0.0200
3 0.2950 0.2516 0.0087 0.0187
3 0.2881 0.2844 0.0075 0.0187
3 0.2991 0.2841 0.0075 0.0212
3 0.3097 0.2831 0.0100 0.0225
3 0.3194 0.2834 0.0075 0.0200
3 0.3316 0.2869 0.0100 0.0238
3 0.3050 0.2491 0.0100 0.0263
3 0.3159 0.2513 0.0100 0.0212
3 0.3263 0.2506 0.0087 0.0200
3 0.3450 0.2503 0.0087 0.0225
3 0.3547 0.2513 0.0063 0.0212
3 0.3506 0.2844 0.0075 0.0187
3 0.3591 0.2847 0.0087 0.0225
3 0.3700 0.2875 0.0087 0.0187
3 0.3809 0.2866 0.0087 0.0200
3 0.3888 0.2894 0.0087 0.0225
3 0.4012 0.2894 0.0087 0.0225
3 0.4100 0.2884 0.0075 0.0238
3 0.4200 0.2888 0.0087 0.0212
3 0.4294 0.2894 0.0087 0.0225
3 0.4403 0.2881 0.0087 0.0200
3 0.3638 0.2513 0.0087 0.0212
3 0.3737 0.2534 0.0100 0.0225
3 0.3819 0.2513 0.0075 0.0212
3 0.3912 0.2531 0.0075 0.0250
3 0.4012 0.2538 0.0087 0.0200
3 0.4113 0.2538 0.0100 0.0263
3 0.4209 0.2544 0.0075 0.0212
3 0.4309 0.2550 0.0087 0.0225
3 0.4394 0.2544 0.0100 0.0212
3 0.5081 0.2081 0.0100 0.0225
3 0.4991 0.2062 0.0075 0.0187
3 0.4897 0.2069 0.0075 0.0200
3 0.4797 0.2062 0.0063 0.0187
3 0.4700 0.2066 0.0087 0.0163
3 0.4612 0.2075 0.0100 0.0212
3 0.4516 0.2069 0.0063 0.0200
3 0.4416 0.2069 0.0112 0.0200
3 0.4319 0.2075 0.0075 0.0212
3 0.4247 0.2075 0.0087 0.0212
3 0.4138 0.2075 0.0087 0.0212
3 0.4028 0.2069 0.0087 0.0200
3 0.3944 0.2059 0.0075 0.0212
3 0.3831 0.2066 0.0100 0.0225
3 0.3731 0.2044 0.0087 0.0212
3 0.3638 0.2034 0.0087 0.0225
3 0.3525 0.2056 0.0112 0.0238
3 0.3303 0.2003 0.0200 0.0100
3 0.3006 0.1997 0.0200 0.0087
3 0.2766 0.1997 0.0187 0.0087
3 0.2544 0.1981 0.0212 0.0087
3 0.2300 0.1978 0.0163 0.0112
3 0.2081 0.1966 0.0225 0.0087
3 0.1788 0.1966 0.0200 0.0087
3 0.1547 0.1966 0.0187 0.0087
3 0.1263 0.1941 0.0212 0.0100
3 0.0981 0.1947 0.0212 0.0112
3 0.0741 0.1916 0.0200 0.0112
3 0.0469 0.1919 0.0250 0.0087
3 0.0209 0.1903 0.0200 0.0087
3 0.0394 0.2100 0.0225 0.0138
3 0.5650 0.2066 0.0112 0.0225
3 0.6019 0.2053 0.0100 0.0200
3 0.6138 0.2066 0.0087 0.0225
3 0.6253 0.2075 0.0100 0.0212
3 0.6356 0.2075 0.0087 0.0212
3 0.6462 0.2075 0.0112 0.0212
3 0.6575 0.2078 0.0087 0.0187
3 0.6653 0.2078 0.0087 0.0250
3 0.6753 0.2059 0.0100 0.0212
3 0.5409 0.2622 0.0100 0.0212
3 0.5519 0.2612 0.0100 0.0225
3 0.5622 0.2612 0.0087 0.0225
3 0.5700 0.2591 0.0087 0.0212
3 0.5825 0.2606 0.0087 0.0212
3 0.5909 0.2631 0.0100 0.0200
3 0.6019 0.2625 0.0100 0.0187
3 0.6112 0.2634 0.0100 0.0238
3 0.6222 0.2641 0.0100 0.0250
3 0.6325 0.2653 0.0087 0.0212
3 0.6428 0.2634 0.0075 0.0238
3 0.6528 0.2647 0.0087 0.0200
3 0.6634 0.2669 0.0112 0.0212
