1 0.6047 0.6117 0.0437 0.0609
1 0.6469 0.7281 0.0375 0.0469
1 0.7336 0.9391 0.0391 0.0563
1 0.9750 0.7266 0.0375 0.0406
1 0.8859 0.3844 0.0344 0.0531
1 0.9313 0.3641 0.0344 0.0563
1 0.8891 0.2047 0.0375 0.0437
1 0.9375 0.1844 0.0344 0.0500
1 0.3422 0.5719 0.0437 0.0469
1 0.4984 0.4320 0.0469 0.0328
1 0.6984 0.8508 0.0375 0.0516
1 0.3422 0.5703 0.0406 0.0500
1 0.5000 0.4352 0.0469 0.0391
1 0.6008 0.6125 0.0391 0.0469
1 0.6453 0.7250 0.0406 0.0469
1 0.6977 0.8531 0.0391 0.0437
1 0.7352 0.9437 0.0391 0.0531
1 0.9344 0.3656 0.0375 0.0469
1 0.8891 0.3852 0.0375 0.0484
1 0.8891 0.2031 0.0375 0.0437
1 0.9375 0.1844 0.0375 0.0437
1 0.9781 0.7297 0.0437 0.0375
