1 0.9742 0.0625 0.0391 0.0563
1 0.6203 0.0102 0.0344 0.0203
1 0.7328 0.2734 0.0375 0.0406
1 0.8219 0.6156 0.0344 0.0531
1 0.7750 0.6375 0.0344 0.0563
1 0.8187 0.7969 0.0375 0.0437
1 0.7703 0.8172 0.0344 0.0500
1 0.6813 0.6766 0.0344 0.0531
1 0.5969 0.5969 0.0406 0.0406
1 0.5875 0.5461 0.0375 0.0359
1 0.5578 0.5000 0.0437 0.0281
1 0.5156 0.4781 0.0344 0.0375
1 0.5250 0.4148 0.0312 0.0453
1 0.4750 0.3922 0.0375 0.0469
1 0.4906 0.3227 0.0344 0.0391
1 0.4391 0.2953 0.0344 0.0437
1 0.3656 0.1156 0.0437 0.0344
1 0.9727 0.0578 0.0391 0.0531
1 0.6188 0.0094 0.0437 0.0187
1 0.3688 0.1125 0.0375 0.0375
1 0.4406 0.2953 0.0375 0.0406
1 0.4883 0.3203 0.0453 0.0375
1 0.4773 0.3867 0.0391 0.0391
1 0.5258 0.4117 0.0422 0.0391
1 0.5141 0.4781 0.0375 0.0406
1 0.5602 0.5031 0.0453 0.0375
1 0.5891 0.5453 0.0469 0.0375
1 0.5953 0.5938 0.0469 0.0375
1 0.6805 0.6719 0.0391 0.0469
1 0.7734 0.6344 0.0375 0.0469
1 0.8187 0.6164 0.0375 0.0484
1 0.8187 0.7977 0.0375 0.0422
1 0.7703 0.8156 0.0375 0.0437
1 0.7297 0.2719 0.0437 0.0375
