1 0.0613 0.0273 0.0570 0.0391
1 0.0102 0.3812 0.0203 0.0344
1 0.2730 0.2684 0.0398 0.0367
1 0.6152 0.1781 0.0523 0.0344
1 0.6363 0.2246 0.0570 0.0336
1 0.7969 0.1824 0.0437 0.0367
1 0.8160 0.2297 0.0508 0.0344
1 0.6766 0.3187 0.0531 0.0344
1 0.5957 0.4031 0.0414 0.0406
1 0.5461 0.4129 0.0359 0.0383
1 0.5000 0.4437 0.0281 0.0437
1 0.4770 0.4840 0.0383 0.0336
1 0.4148 0.4750 0.0453 0.0312
1 0.3926 0.5250 0.0477 0.0375
1 0.3227 0.5098 0.0391 0.0352
1 0.2949 0.5613 0.0430 0.0352
1 0.1145 0.6340 0.0352 0.0430
1 0.0574 0.0273 0.0523 0.0391
1 0.0090 0.3824 0.0180 0.0430
1 0.1129 0.6316 0.0383 0.0383
1 0.2953 0.5598 0.0406 0.0383
1 0.3207 0.5133 0.0383 0.0453
1 0.3867 0.5227 0.0391 0.0391
1 0.4117 0.4742 0.0391 0.0422
1 0.4781 0.4863 0.0406 0.0383
1 0.5031 0.4398 0.0375 0.0453
1 0.5457 0.4125 0.0383 0.0469
1 0.5926 0.4051 0.0383 0.0477
1 0.6723 0.3195 0.0477 0.0391
1 0.6344 0.2266 0.0469 0.0375
1 0.6164 0.1816 0.0484 0.0383
1 0.7980 0.1828 0.0430 0.0375
1 0.8156 0.2297 0.0437 0.0375
1 0.2715 0.2707 0.0367 0.0445
