1 0.6117 0.6047 0.0609 0.0437
1 0.7281 0.6469 0.0469 0.0375
1 0.9391 0.7336 0.0563 0.0391
1 0.7266 0.9750 0.0406 0.0375
1 0.3844 0.8859 0.0531 0.0344
1 0.3641 0.9313 0.0563 0.0344
1 0.2047 0.8891 0.0437 0.0375
1 0.1844 0.9375 0.0500 0.0344
1 0.5719 0.3422 0.0469 0.0437
1 0.4320 0.4984 0.0328 0.0469
1 0.8508 0.6984 0.0516 0.0375
1 0.5703 0.3422 0.0500 0.0406
1 0.4352 0.5000 0.0391 0.0469
1 0.6125 0.6008 0.0469 0.0391
1 0.7250 0.6453 0.0469 0.0406
1 0.8531 0.6977 0.0437 0.0391
1 0.9437 0.7352 0.0531 0.0391
1 0.3656 0.9344 0.0469 0.0375
1 0.3852 0.8891 0.0484 0.0375
1 0.2031 0.8891 0.0437 0.0375
1 0.1844 0.9375 0.0437 0.0375
1 0.7297 0.9781 0.0375 0.0437
