3 0.0087 0.4384 0.0112 0.0175
3 0.3047 0.4562 0.0125 0.0125
3 0.3125 0.4416 0.0125 0.0112
3 0.4316 0.8266 0.0100 0.0125
3 0.4266 0.8409 0.0125 0.0163
3 0.4062 0.8344 0.0125 0.0125
3 0.4019 0.8509 0.0100 0.0112
3 0.4509 0.7288 0.0112 0.0138
3 0.4694 0.7409 0.0075 0.0163
3 0.4369 0.7656 0.0112 0.0125
3 0.3438 0.9075 0.0187 0.0087
3 0.3225 0.8769 0.0138 0.0163
3 0.4816 0.9156 0.0163 0.0125
3 0.4059 0.1584 0.0150 0.0138
3 0.5675 0.1387 0.0163 0.0087
3 0.6816 0.1053 0.0163 0.0200
3 0.7787 0.0531 0.0138 0.0125
3 0.7775 0.1044 0.0112 0.0150
3 0.8337 0.2334 0.0112 0.0138
3 0.7209 0.5388 0.0075 0.0150
3 0.7541 0.5487 0.0175 0.0100
3 0.7556 0.5597 0.0175 0.0100
3 0.9266 0.5891 0.0063 0.0125
3 0.9350 0.5878 0.0075 0.0163
3 0.7400 0.6150 0.0112 0.0175
3 0.8081 0.7244 0.0100 0.0175
3 0.8206 0.9088 0.0163 0.0112
3 0.4066 0.9106 0.0100 0.0150
3 0.4134 0.9256 0.0112 0.0138
3 0.1647 0.8988 0.0200 0.0100
3 0.1734 0.9150 0.0187 0.0112
3 0.2150 0.7522 0.0112 0.0138
3 0.4006 0.6097 0.0138 0.0100
3 0.5428 0.4897 0.0138 0.0075
3 0.5291 0.5041 0.0175 0.0112
3 0.6356 0.4225 0.0150 0.0075
3 0.7041 0.0066 0.0175 0.0100
