3 0.0241 0.2231 0.0200 0.0150
3 0.0150 0.2462 0.0175 0.0112
3 0.0744 0.2516 0.0175 0.0125
3 0.1778 0.4247 0.0150 0.0212
3 0.1409 0.4506 0.0163 0.0200
3 0.1772 0.4525 0.0138 0.0175
3 0.1447 0.4984 0.0112 0.0125
3 0.1084 0.5291 0.0138 0.0175
3 0.1791 0.5128 0.0238 0.0163
3 0.2081 0.4481 0.0225 0.0150
3 0.1706 0.5275 0.0163 0.0112
3 0.1659 0.5363 0.0163 0.0100
3 0.1609 0.5459 0.0187 0.0138
3 0.2056 0.4572 0.0300 0.0175
3 0.1212 0.5062 0.0175 0.0187
3 0.1137 0.5134 0.0150 0.0175
3 0.2362 0.4941 0.0163 0.0100
3 0.0650 0.2728 0.0112 0.0175
3 0.2003 0.5666 0.0163 0.0112
3 0.1947 0.5791 0.0175 0.0112
3 0.1925 0.5884 0.0163 0.0112
3 0.1119 0.5637 0.0175 0.0212
3 0.0119 0.5834 0.0112 0.0200
3 0.0109 0.6200 0.0187 0.0150
3 0.0406 0.6319 0.0187 0.0138
3 0.0631 0.6406 0.0200 0.0125
3 0.0781 0.6619 0.0125 0.0175
3 0.0891 0.6681 0.0125 0.0175
3 0.1087 0.7103 0.0112 0.0175
3 0.0869 0.7288 0.0175 0.0138
3 0.0241 0.7841 0.0200 0.0212
3 0.0419 0.8106 0.0150 0.0150
3 0.0919 0.8022 0.0150 0.0200
3 0.1234 0.7747 0.0187 0.0150
3 0.2606 0.8053 0.0150 0.0200
3 0.3078 0.7872 0.0187 0.0275
3 0.3369 0.7325 0.0175 0.0212
3 0.3528 0.7059 0.0150 0.0212
3 0.3544 0.6356 0.0150 0.0212
3 0.3678 0.6100 0.0200 0.0263
3 0.3812 0.5831 0.0187 0.0225
3 0.4331 0.4881 0.0163 0.0200
3 0.4453 0.4637 0.0187 0.0212
3 0.4819 0.5622 0.0200 0.0150
3 0.4763 0.4069 0.0150 0.0200
3 0.4862 0.3881 0.0163 0.0200
3 0.5153 0.3356 0.0150 0.0212
3 0.5119 0.4138 0.0175 0.0212
3 0.5487 0.3509 0.0163 0.0175
3 0.5616 0.3362 0.0138 0.0163
3 0.5641 0.3150 0.0187 0.0175
3 0.5053 0.2838 0.0200 0.0175
3 0.4938 0.1791 0.0187 0.0175
3 0.4809 0.0122 0.0150 0.0150
3 0.5809 0.0400 0.0150 0.0175
3 0.7681 0.1062 0.0175 0.0187
3 0.8331 0.0581 0.0225 0.0225
3 0.8609 0.0291 0.0187 0.0175
3 0.8794 0.0131 0.0150 0.0138
3 0.7472 0.3200 0.0163 0.0212
3 0.7312 0.3488 0.0125 0.0225
3 0.7594 0.3481 0.0125 0.0212
3 0.7553 0.3750 0.0138 0.0187
3 0.7512 0.3975 0.0150 0.0200
3 0.7787 0.4006 0.0138 0.0200
3 0.8006 0.3650 0.0200 0.0112
3 0.7850 0.4253 0.0138 0.0225
3 0.7922 0.4491 0.0125 0.0200
3 0.8016 0.4756 0.0125 0.0200
3 0.8072 0.5069 0.0112 0.0200
3 0.8113 0.5312 0.0100 0.0187
3 0.8144 0.5588 0.0100 0.0175
3 0.8203 0.6075 0.0125 0.0275
3 0.8231 0.7047 0.0150 0.0187
3 0.6094 0.8791 0.0125 0.0175
3 0.6200 0.9037 0.0212 0.0138
3 0.7003 0.9563 0.0163 0.0125
3 0.7625 0.9522 0.0187 0.0138
3 0.7888 0.9606 0.0212 0.0150
3 0.7662 0.9775 0.0138 0.0112
3 0.8187 0.9703 0.0187 0.0125
3 0.8769 0.9863 0.0100 0.0163
3 0.8844 0.9650 0.0125 0.0175
3 0.8806 0.9191 0.0112 0.0163
3 0.9144 0.8972 0.0163 0.0225
3 0.8672 0.8887 0.0187 0.0087
3 0.9062 0.8584 0.0125 0.0200
3 0.9156 0.8397 0.0125 0.0200
3 0.9447 0.8334 0.0112 0.0138
3 0.9563 0.8072 0.0125 0.0175
3 0.9922 0.7338 0.0125 0.0175
3 0.4519 0.5241 0.0163 0.0200
3 0.1953 0.6725 0.0187 0.0138
3 0.2787 0.7078 0.0263 0.0187
3 0.8431 0.1241 0.0175 0.0200
3 0.9738 0.1562 0.0225 0.0187
3 0.8119 0.7331 0.0175 0.0100
3 0.8816 0.8453 0.0225 0.0125
3 0.8719 0.8756 0.0250 0.0200
3 0.3056 0.9116 0.0175 0.0200
3 0.1038 0.5787 0.0138 0.0138
3 0.2538 0.4619 0.0200 0.0175
3 0.5637 0.3975 0.0212 0.0200
3 0.7475 0.4537 0.0200 0.0138
3 0.5584 0.4222 0.0138 0.0163
3 0.5494 0.4384 0.0175 0.0175
3 0.5266 0.4881 0.0187 0.0138
3 0.5109 0.5003 0.0250 0.0163
3 0.4412 0.5159 0.0138 0.0163
3 0.9788 0.6287 0.0200 0.0138
