3 0.0869 0.0319 0.0175 0.0075
3 0.0897 0.0406 0.0138 0.0063
3 0.0925 0.0506 0.0163 0.0075
3 0.0969 0.0631 0.0125 0.0075
3 0.1228 0.0163 0.0175 0.0075
3 0.1253 0.0256 0.0225 0.0075
3 0.1281 0.0381 0.0125 0.0075
3 0.1303 0.0534 0.0138 0.0100
3 0.1144 0.0709 0.0100 0.0138
3 0.1231 0.0672 0.0087 0.0125
3 0.2203 0.0994 0.0125 0.0175
3 0.2059 0.3419 0.0150 0.0087
3 0.1375 0.3812 0.0125 0.0063
3 0.0578 0.3844 0.0187 0.0063
3 0.0822 0.3934 0.0175 0.0087
3 0.1541 0.3638 0.0300 0.0087
3 0.6169 0.0387 0.0150 0.0087
3 0.6175 0.0450 0.0163 0.0087
3 0.6213 0.0591 0.0112 0.0087
3 0.6244 0.0700 0.0175 0.0087
3 0.8025 0.0216 0.0112 0.0150
3 0.8863 0.0691 0.0100 0.0163
3 0.8806 0.0994 0.0112 0.0175
3 0.9900 0.4006 0.0112 0.0200
3 0.9700 0.3231 0.0087 0.0150
3 0.9544 0.4944 0.0150 0.0075
3 0.9356 0.5031 0.0150 0.0125
3 0.9213 0.5081 0.0112 0.0100
3 0.9031 0.5147 0.0125 0.0138
3 0.8856 0.5197 0.0150 0.0112
3 0.8397 0.5331 0.0138 0.0100
3 0.7688 0.5566 0.0187 0.0100
3 0.4544 0.9512 0.0150 0.0087
3 0.5219 0.9325 0.0125 0.0087
3 0.6925 0.8809 0.0163 0.0087
3 0.6803 0.9156 0.0075 0.0125
3 0.1437 0.4547 0.0125 0.0125
3 0.1862 0.4738 0.0100 0.0163
3 0.1888 0.4959 0.0087 0.0138
3 0.1784 0.5781 0.0100 0.0187
3 0.2059 0.5747 0.0087 0.0212
3 0.2428 0.5706 0.0075 0.0163
3 0.1641 0.6231 0.0125 0.0087
3 0.1659 0.6319 0.0163 0.0075
3 0.2581 0.5853 0.0100 0.0112
3 0.2487 0.5859 0.0100 0.0125
3 0.2388 0.5903 0.0087 0.0150
3 0.1950 0.5928 0.0150 0.0138
3 0.2028 0.4912 0.0087 0.0138
3 0.2138 0.4900 0.0087 0.0175
3 0.3728 0.8181 0.0050 0.0175
3 0.3328 0.7987 0.0063 0.0163
3 0.1844 0.9809 0.0125 0.0150
3 0.1744 0.9528 0.0112 0.0150
3 0.1666 0.9363 0.0112 0.0163
3 0.3047 0.9131 0.0063 0.0138
3 0.4366 0.2462 0.0200 0.0112
3 0.7784 0.1369 0.0163 0.0112
3 0.9334 0.3172 0.0075 0.0125
3 0.8716 0.3800 0.0087 0.0163
3 0.8481 0.3472 0.0087 0.0163
3 0.8147 0.5606 0.0075 0.0150
3 0.7134 0.5428 0.0112 0.0138
3 0.7206 0.5922 0.0100 0.0125
3 0.4700 0.9809 0.0087 0.0150
3 0.3362 0.5622 0.0100 0.0212
3 0.4731 0.3878 0.0150 0.0225
3 0.4656 0.3937 0.0125 0.0187
3 0.3150 0.4325 0.0112 0.0212
3 0.0387 0.4025 0.0150 0.0112
3 0.0078 0.3116 0.0125 0.0075
3 0.6469 0.1022 0.0125 0.0075
