3 0.0344 0.0406 0.0125 0.0063
3 0.0725 0.0147 0.0138 0.0075
3 0.1656 0.0063 0.0125 0.0063
3 0.1431 0.0156 0.0112 0.0063
3 0.1391 0.0312 0.0125 0.0063
3 0.1469 0.0375 0.0125 0.0063
3 0.0891 0.0444 0.0125 0.0075
3 0.0663 0.0375 0.0138 0.0063
3 0.0647 0.0241 0.0138 0.0075
3 0.0400 0.1109 0.0050 0.0125
3 0.0397 0.1700 0.0075 0.0150
3 0.0547 0.2087 0.0063 0.0112
3 0.3087 0.1459 0.0238 0.0138
3 0.3500 0.1591 0.0187 0.0087
3 0.0547 0.3241 0.0063 0.0138
3 0.5831 0.3200 0.0225 0.0087
3 0.5203 0.2859 0.0063 0.0125
3 0.4522 0.3359 0.0075 0.0125
3 0.4319 0.3406 0.0075 0.0125
3 0.4375 0.3381 0.0063 0.0138
3 0.4447 0.3353 0.0050 0.0112
3 0.4053 0.3625 0.0138 0.0063
3 0.4047 0.3703 0.0125 0.0063
3 0.5072 0.3656 0.0050 0.0125
3 0.2044 0.8100 0.0087 0.0138
3 0.2138 0.8506 0.0087 0.0138
3 0.4741 0.4547 0.0075 0.0125
3 0.5169 0.4516 0.0087 0.0125
