3 0.3400 0.2750 0.0112 0.0125
3 0.3472 0.2681 0.0100 0.0112
3 0.3550 0.2594 0.0100 0.0125
3 0.3641 0.2522 0.0125 0.0138
3 0.3681 0.2444 0.0112 0.0138
3 0.3775 0.2384 0.0112 0.0112
3 0.3806 0.2322 0.0112 0.0112
3 0.3503 0.2294 0.0100 0.0150
3 0.3581 0.2147 0.0100 0.0138
3 0.3659 0.2000 0.0100 0.0125
3 0.4256 0.1475 0.0138 0.0138
3 0.4359 0.1588 0.0125 0.0112
3 0.4372 0.1819 0.0150 0.0138
3 0.4356 0.1900 0.0087 0.0112
3 0.4300 0.1925 0.0100 0.0100
3 0.4237 0.1947 0.0100 0.0112
3 0.4206 0.2000 0.0100 0.0125
3 0.4113 0.2097 0.0100 0.0100
3 0.4019 0.2159 0.0100 0.0100
3 0.3919 0.2256 0.0150 0.0138
3 0.1163 0.3347 0.0138 0.0100
3 0.1422 0.3697 0.0125 0.0050
3 0.3263 0.0666 0.0087 0.0112
3 0.3334 0.0672 0.0075 0.0125
3 0.3556 0.0756 0.0050 0.0138
3 0.3631 0.0766 0.0075 0.0125
3 0.3741 0.0834 0.0075 0.0138
3 0.3909 0.0900 0.0100 0.0112
3 0.3991 0.0909 0.0075 0.0100
3 0.4047 0.0956 0.0063 0.0100
3 0.3513 0.0428 0.0087 0.0138
3 0.3672 0.0469 0.0063 0.0125
3 0.3856 0.0537 0.0087 0.0138
3 0.4400 0.0644 0.0112 0.0100
3 0.5031 0.0344 0.0125 0.0125
3 0.3909 0.0419 0.0100 0.0087
3 0.4016 0.0462 0.0063 0.0112
3 0.3731 0.0353 0.0087 0.0112
3 0.4131 0.0175 0.0075 0.0100
3 0.4069 0.0150 0.0075 0.0112
3 0.3888 0.0078 0.0087 0.0125
3 0.3944 0.0103 0.0075 0.0112
