3 0.1469 0.6109 0.0125 0.0312
3 0.1609 0.6109 0.0125 0.0312
3 0.1800 0.6131 0.0163 0.0325
3 0.1994 0.6125 0.0112 0.0312
3 0.2125 0.6141 0.0125 0.0312
3 0.2288 0.6131 0.0138 0.0387
3 0.2466 0.6144 0.0150 0.0350
3 0.2797 0.5956 0.0375 0.0100
3 0.2803 0.6144 0.0263 0.0100
3 0.2775 0.6322 0.0300 0.0112
3 0.2791 0.6503 0.0300 0.0100
3 0.2753 0.6659 0.0287 0.0100
3 0.2750 0.6813 0.0312 0.0063
3 0.2737 0.7003 0.0287 0.0100
3 0.2725 0.7150 0.0325 0.0112
3 0.2725 0.7331 0.0263 0.0100
3 0.2756 0.7506 0.0325 0.0138
3 0.2725 0.7656 0.0263 0.0125
3 0.2722 0.7825 0.0287 0.0087
3 0.2719 0.8012 0.0312 0.0087
3 0.2737 0.8147 0.0287 0.0075
3 0.2744 0.8316 0.0300 0.0100
3 0.2744 0.8478 0.0300 0.0112
3 0.2744 0.8656 0.0300 0.0063
3 0.2731 0.8803 0.0275 0.0138
3 0.2744 0.8981 0.0300 0.0087
3 0.2728 0.9153 0.0300 0.0087
3 0.2719 0.9306 0.0250 0.0112
3 0.2725 0.9488 0.0263 0.0100
3 0.2709 0.9659 0.0263 0.0100
3 0.2712 0.9819 0.0300 0.0075
3 0.2719 0.9953 0.0250 0.0063
3 0.1006 0.7375 0.0387 0.0125
3 0.0978 0.7559 0.0362 0.0087
3 0.1022 0.7716 0.0325 0.0150
3 0.0991 0.7894 0.0325 0.0100
3 0.0947 0.8053 0.0362 0.0138
3 0.1837 0.8238 0.0488 0.0600
3 0.1794 0.8956 0.0462 0.0600
3 0.1747 0.9266 0.0462 0.0625
3 0.1791 0.9656 0.0550 0.0625
3 0.1663 0.9825 0.0387 0.0338
3 0.3138 0.9437 0.0275 0.0125
