3 0.0906 0.4653 0.0187 0.0087
3 0.1225 0.4831 0.0200 0.0100
3 0.2119 0.5316 0.0238 0.0100
3 0.1819 0.4669 0.0200 0.0087
3 0.2719 0.4684 0.0187 0.0087
3 0.2791 0.4862 0.0175 0.0100
3 0.3834 0.4619 0.0263 0.0175
3 0.8819 0.6250 0.0075 0.0187
3 0.8909 0.8753 0.0100 0.0225
3 0.7025 0.8916 0.0425 0.0112
3 0.2681 0.9950 0.0175 0.0087
3 0.2891 0.9950 0.0187 0.0087
3 0.3612 0.9944 0.0163 0.0075
3 0.4344 0.9959 0.0187 0.0075
3 0.4803 0.9944 0.0200 0.0075
3 0.5041 0.9959 0.0175 0.0075
3 0.5294 0.9950 0.0212 0.0087
3 0.5797 0.9950 0.0187 0.0087
3 0.6444 0.9944 0.0200 0.0075
3 0.7112 0.9950 0.0225 0.0087
3 0.7344 0.9959 0.0187 0.0075
3 0.7575 0.9950 0.0212 0.0087
3 0.4412 0.2156 0.0263 0.0125
3 0.8650 0.9569 0.0112 0.0200
