3 0.0528 0.8653 0.0275 0.0087
3 0.1934 0.8772 0.0275 0.0138
3 0.2269 0.8953 0.0350 0.0125
3 0.2462 0.8719 0.0362 0.0125
3 0.2863 0.8912 0.0350 0.0138
3 0.3459 0.8919 0.0263 0.0150
3 0.3731 0.8994 0.0275 0.0112
3 0.7688 0.0887 0.0187 0.0087
3 0.9088 0.0481 0.0112 0.0087
3 0.8625 0.0725 0.0125 0.0075
3 0.8625 0.0875 0.0125 0.0063
3 0.9113 0.1022 0.0100 0.0075
3 0.9437 0.1447 0.0063 0.0112
3 0.9375 0.1719 0.0063 0.0125
3 0.9375 0.2850 0.0063 0.0138
3 0.9228 0.3259 0.0050 0.0112
3 0.9328 0.3650 0.0063 0.0112
3 0.9297 0.4550 0.0063 0.0100
3 0.9266 0.4994 0.0063 0.0112
3 0.9134 0.5166 0.0050 0.0112
3 0.9244 0.5725 0.0050 0.0138
3 0.3325 0.0081 0.0087 0.0100
3 0.2931 0.0344 0.0112 0.0063
3 0.3987 0.0437 0.0100 0.0063
3 0.4291 0.0575 0.0112 0.0087
3 0.4659 0.0319 0.0100 0.0075
3 0.4778 0.0350 0.0087 0.0075
3 0.4559 0.0303 0.0087 0.0075
3 0.5212 0.0428 0.0112 0.0075
3 0.5322 0.0437 0.0112 0.0063
3 0.5806 0.0531 0.0112 0.0063
3 0.6509 0.0694 0.0112 0.0075
3 0.6856 0.0762 0.0150 0.0087
3 0.7125 0.0831 0.0125 0.0100
3 0.8534 0.0631 0.0100 0.0075
3 0.8416 0.0656 0.0112 0.0063
3 0.8781 0.0569 0.0125 0.0075
3 0.9550 0.0334 0.0100 0.0075
3 0.9947 0.0225 0.0112 0.0075
3 0.9219 0.3500 0.0063 0.0125
3 0.9662 0.3869 0.0075 0.0112
3 0.9453 0.1281 0.0063 0.0125
3 0.9391 0.1331 0.0063 0.0100
3 0.9369 0.1875 0.0050 0.0125
3 0.9306 0.1884 0.0050 0.0112
3 0.9297 0.2009 0.0063 0.0112
3 0.9291 0.2128 0.0050 0.0100
3 0.9275 0.2237 0.0050 0.0100
3 0.9266 0.2394 0.0063 0.0100
3 0.9266 0.2519 0.0063 0.0100
3 0.9266 0.2641 0.0063 0.0125
3 0.9250 0.2775 0.0063 0.0112
3 0.9397 0.2712 0.0075 0.0112
3 0.9391 0.2609 0.0063 0.0125
3 0.9353 0.1991 0.0050 0.0075
3 0.9359 0.2087 0.0063 0.0112
3 0.9353 0.2228 0.0050 0.0112
3 0.9406 0.2259 0.0063 0.0112
3 0.9369 0.3125 0.0050 0.0125
3 0.9772 0.3856 0.0075 0.0087
3 0.9172 0.4297 0.0063 0.0125
3 0.9181 0.4156 0.0050 0.0125
3 0.9156 0.4800 0.0063 0.0100
3 0.9156 0.4938 0.0063 0.0125
3 0.9259 0.5212 0.0050 0.0112
3 0.9259 0.5344 0.0050 0.0125
3 0.9109 0.5759 0.0063 0.0112
3 0.9094 0.5963 0.0063 0.0112
3 0.9088 0.6088 0.0050 0.0112
3 0.9084 0.6213 0.0075 0.0112
3 0.9062 0.6503 0.0063 0.0100
3 0.9056 0.6597 0.0050 0.0100
3 0.9041 0.7222 0.0050 0.0100
3 0.9031 0.7372 0.0063 0.0087
3 0.9181 0.7009 0.0050 0.0112
3 0.8181 0.8084 0.0112 0.0075
3 0.8463 0.8162 0.0112 0.0075
3 0.8981 0.8275 0.0087 0.0112
3 0.7572 0.8084 0.0112 0.0075
3 0.7456 0.8147 0.0100 0.0075
3 0.7312 0.8084 0.0125 0.0075
3 0.7150 0.8078 0.0112 0.0063
3 0.6972 0.8091 0.0100 0.0087
3 0.6859 0.8088 0.0125 0.0050
3 0.6737 0.8078 0.0100 0.0063
3 0.6619 0.8084 0.0112 0.0075
3 0.6469 0.8078 0.0125 0.0063
3 0.6353 0.8078 0.0112 0.0063
3 0.6234 0.8091 0.0125 0.0087
3 0.6106 0.8072 0.0087 0.0050
3 0.6003 0.8078 0.0100 0.0063
3 0.5769 0.8078 0.0100 0.0063
3 0.5656 0.8078 0.0125 0.0063
3 0.5525 0.8078 0.0112 0.0063
3 0.3956 0.8834 0.0100 0.0075
3 0.3975 0.8600 0.0075 0.0075
3 0.2650 0.8178 0.0112 0.0075
3 0.3038 0.8122 0.0138 0.0087
3 0.3453 0.8131 0.0125 0.0075
3 0.2775 0.8172 0.0112 0.0063
3 0.2394 0.8109 0.0100 0.0063
3 0.2694 0.8597 0.0075 0.0163
3 0.2000 0.8037 0.0125 0.0075
3 0.0275 0.8063 0.0112 0.0063
3 0.4437 0.8072 0.0063 0.0112
3 0.3778 0.8100 0.0087 0.0075
3 0.4188 0.8200 0.0125 0.0087
3 0.5237 0.8072 0.0100 0.0050
3 0.5363 0.8069 0.0100 0.0075
3 0.1206 0.4172 0.0037 0.0125
3 0.1166 0.5463 0.0050 0.0112
3 0.1041 0.5597 0.0050 0.0100
3 0.1031 0.5700 0.0063 0.0087
3 0.1087 0.5969 0.0050 0.0125
3 0.1125 0.6209 0.0063 0.0138
3 0.1087 0.6737 0.0050 0.0100
3 0.1031 0.5794 0.0063 0.0087
3 0.0931 0.7400 0.0050 0.0112
3 0.0991 0.7512 0.0075 0.0150
3 0.0984 0.7850 0.0063 0.0138
3 0.1178 0.5278 0.0075 0.0150
