3 0.6381 0.0553 0.0200 0.0075
3 0.7812 0.3244 0.0063 0.0175
3 0.7975 0.5791 0.0075 0.0175
3 0.7956 0.6350 0.0100 0.0200
3 0.7691 0.8525 0.0100 0.0175
3 0.7950 0.9928 0.0087 0.0138
3 0.2534 0.9741 0.0163 0.0075
3 0.1903 0.9603 0.0150 0.0050
3 0.8384 0.3444 0.0175 0.0075
3 0.9081 0.4859 0.0225 0.0063
3 0.9531 0.4819 0.0250 0.0075
3 0.9259 0.5447 0.0112 0.0175
3 0.9875 0.5178 0.0187 0.0075
3 0.9528 0.7275 0.0087 0.0175
3 0.9522 0.8213 0.0200 0.0112
3 0.9850 0.8200 0.0138 0.0212
3 0.9216 0.8197 0.0087 0.0175
3 0.9269 0.1609 0.0100 0.0187
3 0.8481 0.6222 0.0212 0.0100
