1 0.3758 0.0516 0.0547 0.0625
1 0.2195 0.0852 0.0953 0.1016
1 0.9281 0.1562 0.0625 0.0719
1 0.8477 0.1961 0.0609 0.0797
1 0.7484 0.2266 0.0844 0.0969
1 0.5836 0.2875 0.0766 0.1000
1 0.4797 0.2953 0.0719 0.0781
1 0.4078 0.3453 0.0625 0.0625
1 0.1344 0.4641 0.0594 0.0656
1 0.0180 0.5164 0.0359 0.1109
1 0.9016 0.3250 0.0469 0.0625
1 0.8031 0.3625 0.0594 0.0625
1 0.7297 0.4078 0.0563 0.0656
1 0.6453 0.4266 0.0563 0.0750
1 0.5477 0.4609 0.0578 0.0688
1 0.4719 0.5047 0.0437 0.0563
1 0.9734 0.4844 0.0531 0.0688
