1 0.3746 0.0516 0.0555 0.0625
1 0.2191 0.0852 0.0945 0.1016
1 0.9277 0.1551 0.0617 0.0727
1 0.8477 0.1961 0.0609 0.0797
1 0.7488 0.2270 0.0852 0.0977
1 0.5836 0.2871 0.0766 0.0992
1 0.4797 0.2941 0.0719 0.0789
1 0.4074 0.3457 0.0617 0.0633
1 0.1348 0.4637 0.0602 0.0648
1 0.0172 0.5164 0.0344 0.1109
1 0.9004 0.3250 0.0477 0.0625
1 0.8020 0.3625 0.0602 0.0625
1 0.7301 0.4078 0.0570 0.0656
1 0.6441 0.4266 0.0570 0.0750
1 0.5477 0.4605 0.0578 0.0680
1 0.4719 0.5051 0.0437 0.0570
1 0.9723 0.4848 0.0539 0.0695
