1 0.9500 0.3750 0.0625 0.0563
1 0.9148 0.2188 0.1016 0.0938
1 0.8453 0.9281 0.0719 0.0625
1 0.8055 0.8477 0.0797 0.0609
1 0.7734 0.7484 0.0969 0.0844
1 0.7141 0.5836 0.1000 0.0766
1 0.7063 0.4797 0.0781 0.0719
1 0.6547 0.4078 0.0625 0.0625
1 0.5375 0.1344 0.0656 0.0594
1 0.4836 0.0187 0.1109 0.0344
1 0.6766 0.9008 0.0625 0.0484
1 0.6375 0.8031 0.0625 0.0594
1 0.5938 0.7297 0.0656 0.0563
1 0.5750 0.6453 0.0750 0.0563
1 0.5406 0.5477 0.0688 0.0578
1 0.4953 0.4719 0.0563 0.0437
1 0.5156 0.9734 0.0688 0.0531
