3 0.9859 0.0544 0.0250 0.0087
3 0.9916 0.4778 0.0112 0.0087
3 0.9950 0.4537 0.0087 0.0075
3 0.9853 0.4619 0.0112 0.0112
3 0.9641 0.4775 0.0125 0.0112
3 0.9409 0.4894 0.0100 0.0100
3 0.9269 0.5200 0.0100 0.0087
3 0.9206 0.5044 0.0100 0.0087
3 0.9113 0.5106 0.0100 0.0087
3 0.8834 0.5306 0.0138 0.0112
3 0.8653 0.5422 0.0150 0.0125
3 0.8538 0.5503 0.0138 0.0100
3 0.8294 0.5666 0.0150 0.0112
3 0.8141 0.5766 0.0125 0.0125
3 0.7984 0.5891 0.0125 0.0125
3 0.7631 0.6162 0.0138 0.0138
3 0.7500 0.6275 0.0125 0.0112
3 0.7106 0.6622 0.0087 0.0087
3 0.7159 0.6794 0.0100 0.0087
3 0.7025 0.6894 0.0112 0.0100
3 0.7013 0.6700 0.0087 0.0087
3 0.6025 0.6838 0.0112 0.0112
3 0.5837 0.6834 0.0112 0.0138
3 0.6131 0.6966 0.0075 0.0087
3 0.6150 0.7219 0.0112 0.0125
3 0.6550 0.7319 0.0100 0.0075
3 0.6922 0.7003 0.0125 0.0100
3 0.6638 0.7231 0.0087 0.0087
3 0.5947 0.7581 0.0112 0.0100
3 0.5784 0.7716 0.0100 0.0087
3 0.5687 0.7794 0.0125 0.0087
3 0.5478 0.7950 0.0112 0.0087
3 0.5363 0.8034 0.0100 0.0100
3 0.5253 0.8128 0.0100 0.0100
3 0.5150 0.8206 0.0112 0.0100
3 0.5034 0.8262 0.0100 0.0087
3 0.4844 0.8447 0.0125 0.0112
3 0.4862 0.9009 0.0100 0.0112
3 0.3922 0.9025 0.0125 0.0112
3 0.3719 0.9150 0.0125 0.0112
3 0.3212 0.9466 0.0112 0.0087
3 0.2634 0.9788 0.0112 0.0075
3 0.2509 0.9834 0.0112 0.0075
3 0.2734 0.9734 0.0125 0.0063
3 0.3053 0.9544 0.0138 0.0087
3 0.7328 0.9387 0.0125 0.0087
3 0.7306 0.9331 0.0112 0.0100
3 0.7284 0.9200 0.0100 0.0087
3 0.7256 0.9137 0.0075 0.0087
3 0.7222 0.9091 0.0100 0.0087
3 0.7388 0.8884 0.0087 0.0112
3 0.8000 0.8400 0.0063 0.0112
3 0.7484 0.8869 0.0063 0.0112
3 0.7316 0.8894 0.0100 0.0100
3 0.7200 0.8916 0.0087 0.0112
3 0.7144 0.8956 0.0100 0.0100
3 0.8216 0.8031 0.0087 0.0125
3 0.8034 0.7816 0.0100 0.0100
3 0.8391 0.7959 0.0125 0.0075
3 0.8550 0.7528 0.0100 0.0150
3 0.8844 0.7391 0.0125 0.0125
3 0.9706 0.6281 0.0100 0.0125
