3 0.0503 0.0347 0.0163 0.0100
3 0.2000 0.1009 0.0187 0.0112
3 0.3456 0.0537 0.0163 0.0138
3 0.6438 0.1478 0.0187 0.0112
3 0.9103 0.1731 0.0112 0.0087
3 0.9669 0.3053 0.0087 0.0200
3 0.1969 0.3812 0.0125 0.0063
3 0.1263 0.3775 0.0212 0.0112
3 0.2381 0.4019 0.0200 0.0100
3 0.3072 0.4062 0.0238 0.0125
3 0.1234 0.7256 0.0125 0.0200
3 0.4194 0.4525 0.0075 0.0238
3 0.6931 0.5109 0.0112 0.0187
3 0.9463 0.5591 0.0112 0.0212
3 0.9697 0.5478 0.0112 0.0175
3 0.9713 0.4384 0.0112 0.0175
3 0.9287 0.4203 0.0138 0.0125
3 0.7100 0.7344 0.0138 0.0125
3 0.9406 0.3594 0.0125 0.0125
3 0.3759 0.8541 0.0112 0.0238
3 0.6497 0.8556 0.0087 0.0175
3 0.7016 0.9103 0.0187 0.0112
3 0.8869 0.9131 0.0175 0.0138
3 0.7034 0.7616 0.0163 0.0138
3 0.5062 0.1619 0.0063 0.0175
3 0.5900 0.4463 0.0112 0.0175
3 0.3350 0.3644 0.0075 0.0163
3 0.0469 0.3488 0.0063 0.0163
3 0.4428 0.3675 0.0075 0.0163
3 0.3475 0.7622 0.0200 0.0087
3 0.7016 0.8981 0.0187 0.0087
3 0.9331 0.8137 0.0100 0.0212
3 0.9716 0.9762 0.0150 0.0087
3 0.8944 0.9747 0.0138 0.0087
3 0.9744 0.7987 0.0175 0.0100
3 0.9119 0.7925 0.0175 0.0100
3 0.9863 0.6863 0.0163 0.0100
3 0.7369 0.6119 0.0112 0.0175
3 0.9622 0.3931 0.0087 0.0175
