3 0.4197 0.9437 0.0112 0.0063
3 0.4234 0.9553 0.0125 0.0075
3 0.3444 0.7606 0.0138 0.0087
3 0.3525 0.7778 0.0112 0.0087
3 0.3547 0.7922 0.0125 0.0063
3 0.3431 0.7372 0.0112 0.0087
3 0.3597 0.7409 0.0100 0.0100
3 0.3650 0.7512 0.0112 0.0087
3 0.3653 0.7594 0.0087 0.0125
3 0.3975 0.8400 0.0075 0.0112
3 0.4019 0.8466 0.0100 0.0087
3 0.4084 0.8644 0.0075 0.0100
3 0.3919 0.6569 0.0087 0.0075
3 0.3934 0.6631 0.0087 0.0075
3 0.3962 0.6678 0.0112 0.0075
3 0.3981 0.6734 0.0087 0.0063
3 0.4016 0.6850 0.0125 0.0075
3 0.4037 0.6887 0.0138 0.0087
3 0.4066 0.6959 0.0100 0.0075
3 0.4088 0.7022 0.0112 0.0075
3 0.4106 0.7075 0.0087 0.0087
3 0.4128 0.7137 0.0100 0.0087
3 0.4153 0.7188 0.0087 0.0063
3 0.4191 0.7225 0.0100 0.0075
3 0.4206 0.7297 0.0100 0.0063
3 0.4244 0.7419 0.0112 0.0087
3 0.4025 0.6506 0.0112 0.0075
3 0.4066 0.6581 0.0100 0.0100
3 0.4088 0.6644 0.0112 0.0100
3 0.4106 0.6678 0.0087 0.0075
3 0.4109 0.6741 0.0125 0.0075
3 0.4181 0.6912 0.0112 0.0075
3 0.4216 0.6959 0.0087 0.0075
3 0.4222 0.7022 0.0100 0.0075
3 0.4244 0.7084 0.0112 0.0075
3 0.4263 0.7156 0.0087 0.0063
3 0.4397 0.7400 0.0075 0.0112
3 0.4222 0.6294 0.0100 0.0087
3 0.4244 0.6366 0.0112 0.0075
3 0.4291 0.6491 0.0112 0.0075
3 0.4322 0.6588 0.0112 0.0112
3 0.4341 0.6631 0.0087 0.0075
3 0.4359 0.6694 0.0125 0.0075
3 0.4384 0.6741 0.0112 0.0075
3 0.4416 0.6803 0.0112 0.0075
3 0.4431 0.6850 0.0112 0.0075
3 0.4456 0.6887 0.0100 0.0087
3 0.4503 0.7013 0.0100 0.0087
3 0.3716 0.6800 0.0087 0.0100
3 0.3844 0.7087 0.0063 0.0112
3 0.3991 0.7228 0.0075 0.0112
3 0.4437 0.8287 0.0063 0.0138
3 0.4497 0.8644 0.0087 0.0100
3 0.4584 0.8922 0.0075 0.0125
3 0.4556 0.7184 0.0112 0.0087
3 0.4584 0.7225 0.0138 0.0075
3 0.4612 0.7297 0.0100 0.0063
3 0.7309 0.7484 0.0087 0.0125
3 0.7247 0.7500 0.0087 0.0125
3 0.7153 0.7494 0.0087 0.0112
3 0.7081 0.7500 0.0100 0.0125
3 0.6972 0.7525 0.0100 0.0112
3 0.6900 0.7534 0.0112 0.0100
3 0.4862 0.8409 0.0100 0.0100
3 0.4928 0.8400 0.0075 0.0112
3 0.5325 0.8244 0.0087 0.0112
3 0.5394 0.8209 0.0100 0.0138
3 0.5450 0.8175 0.0087 0.0100
3 0.5600 0.8094 0.0075 0.0125
3 0.5791 0.8144 0.0112 0.0100
3 0.5988 0.7963 0.0100 0.0112
3 0.5675 0.8094 0.0100 0.0125
3 0.5031 0.9222 0.0125 0.0100
3 0.5078 0.9341 0.0125 0.0087
3 0.5103 0.9387 0.0112 0.0087
3 0.5134 0.9456 0.0112 0.0100
3 0.5159 0.9559 0.0100 0.0087
3 0.5269 0.9575 0.0100 0.0087
3 0.5275 0.9794 0.0112 0.0087
3 0.5300 0.9856 0.0100 0.0087
3 0.5338 0.9903 0.0112 0.0087
3 0.5388 0.9725 0.0087 0.0138
3 0.5588 0.9762 0.0112 0.0087
3 0.5619 0.9844 0.0112 0.0063
3 0.5666 0.9928 0.0112 0.0075
3 0.5828 0.9569 0.0125 0.0075
3 0.5884 0.9741 0.0112 0.0075
3 0.5931 0.9825 0.0112 0.0087
3 0.5978 0.9903 0.0112 0.0087
3 0.5709 0.8344 0.0075 0.0125
3 0.5756 0.8328 0.0075 0.0125
3 0.5819 0.8306 0.0075 0.0112
3 0.5925 0.8250 0.0100 0.0125
3 0.5981 0.8225 0.0087 0.0138
3 0.6041 0.8231 0.0112 0.0150
3 0.6084 0.8175 0.0075 0.0100
3 0.6138 0.8156 0.0087 0.0125
3 0.5756 0.8041 0.0075 0.0112
3 0.6084 0.7909 0.0075 0.0100
3 0.5706 0.8500 0.0100 0.0125
3 0.5763 0.8484 0.0087 0.0125
3 0.5813 0.8450 0.0063 0.0087
3 0.6256 0.8266 0.0075 0.0125
3 0.6175 0.8287 0.0100 0.0138
3 0.6078 0.8322 0.0063 0.0112
3 0.6016 0.8356 0.0063 0.0087
3 0.5809 0.8728 0.0087 0.0112
3 0.5841 0.8703 0.0087 0.0125
3 0.5903 0.8678 0.0087 0.0138
3 0.5950 0.8641 0.0087 0.0125
3 0.6022 0.8625 0.0075 0.0125
3 0.6138 0.8588 0.0087 0.0112
3 0.6194 0.8569 0.0075 0.0138
3 0.6287 0.8525 0.0075 0.0112
3 0.6359 0.8494 0.0063 0.0112
3 0.5797 0.8859 0.0063 0.0125
3 0.5850 0.8834 0.0075 0.0138
3 0.5897 0.8812 0.0075 0.0125
3 0.5959 0.8781 0.0075 0.0125
3 0.6022 0.8759 0.0075 0.0112
3 0.6069 0.8734 0.0075 0.0125
3 0.6156 0.8725 0.0125 0.0138
3 0.6231 0.8697 0.0087 0.0112
3 0.6278 0.8644 0.0087 0.0100
3 0.6331 0.8641 0.0100 0.0125
3 0.6528 0.8344 0.0087 0.0125
3 0.6634 0.9256 0.0112 0.0075
3 0.6641 0.9309 0.0125 0.0087
3 0.6650 0.9372 0.0112 0.0087
3 0.6675 0.9428 0.0100 0.0075
3 0.6713 0.9475 0.0112 0.0075
3 0.6713 0.9537 0.0112 0.0075
3 0.6759 0.9569 0.0112 0.0075
3 0.6766 0.9631 0.0125 0.0075
3 0.6775 0.9700 0.0112 0.0087
3 0.6813 0.9753 0.0125 0.0100
3 0.6828 0.9816 0.0125 0.0100
3 0.6838 0.9859 0.0112 0.0063
3 0.6144 0.9437 0.0100 0.0063
3 0.6156 0.9537 0.0125 0.0075
3 0.6213 0.9616 0.0112 0.0075
3 0.6228 0.9700 0.0112 0.0087
3 0.6050 0.9172 0.0100 0.0125
3 0.6112 0.9156 0.0100 0.0125
3 0.6156 0.9131 0.0063 0.0138
3 0.6200 0.9088 0.0087 0.0112
3 0.6269 0.9094 0.0100 0.0125
3 0.6319 0.9047 0.0075 0.0125
3 0.6381 0.9031 0.0075 0.0125
3 0.6428 0.9000 0.0075 0.0125
3 0.6491 0.8969 0.0075 0.0125
3 0.6497 0.8844 0.0087 0.0125
3 0.6444 0.8859 0.0075 0.0125
3 0.6388 0.8875 0.0087 0.0125
3 0.6319 0.8906 0.0075 0.0125
3 0.6284 0.8938 0.0100 0.0125
3 0.6231 0.8969 0.0087 0.0125
3 0.6169 0.8984 0.0087 0.0125
3 0.6900 0.9194 0.0112 0.0075
3 0.6900 0.9256 0.0112 0.0075
3 0.6941 0.9319 0.0100 0.0075
3 0.6966 0.9366 0.0087 0.0075
3 0.7009 0.9475 0.0112 0.0075
3 0.7031 0.9519 0.0125 0.0100
3 0.7091 0.9631 0.0150 0.0075
3 0.7116 0.9753 0.0138 0.0100
