3 0.0619 0.3741 0.0112 0.0138
3 0.1359 0.3112 0.0125 0.0100
3 0.1666 0.3222 0.0175 0.0100
3 0.2097 0.3347 0.0163 0.0100
3 0.2659 0.3519 0.0163 0.0100
3 0.2806 0.3541 0.0112 0.0112
3 0.3737 0.3822 0.0163 0.0112
3 0.3947 0.3884 0.0112 0.0112
3 0.4166 0.3944 0.0175 0.0138
3 0.3669 0.3128 0.0087 0.0163
3 0.3700 0.0856 0.0087 0.0150
3 0.3712 0.1038 0.0112 0.0138
3 0.3700 0.1328 0.0087 0.0125
3 0.4575 0.1806 0.0150 0.0112
3 0.4763 0.1881 0.0150 0.0075
3 0.4406 0.4009 0.0125 0.0112
3 0.4556 0.4047 0.0112 0.0063
3 0.4909 0.4994 0.0100 0.0175
3 0.5375 0.4156 0.0125 0.0125
3 0.5744 0.4278 0.0175 0.0087
3 0.6022 0.4341 0.0138 0.0087
3 0.6162 0.4384 0.0138 0.0112
3 0.6297 0.4425 0.0125 0.0100
3 0.6459 0.4487 0.0138 0.0100
3 0.6594 0.4503 0.0125 0.0100
3 0.6900 0.4969 0.0112 0.0125
3 0.6831 0.5159 0.0100 0.0100
3 0.7175 0.3653 0.0100 0.0150
3 0.7238 0.3291 0.0100 0.0112
3 0.7256 0.3172 0.0075 0.0125
3 0.7450 0.2325 0.0087 0.0150
3 0.7459 0.2156 0.0075 0.0125
3 0.7519 0.1856 0.0100 0.0150
3 0.7669 0.1616 0.0087 0.0138
3 0.8363 0.0747 0.0163 0.0150
3 0.8494 0.0847 0.0112 0.0100
3 0.8662 0.0956 0.0138 0.0100
3 0.8816 0.1062 0.0100 0.0125
3 0.9275 0.1403 0.0112 0.0150
3 0.6550 0.0094 0.0163 0.0125
3 0.6725 0.0122 0.0138 0.0087
3 0.7016 0.0191 0.0125 0.0100
3 0.7238 0.0244 0.0163 0.0112
3 0.9822 0.1806 0.0112 0.0112
3 0.9084 0.2469 0.0075 0.0187
3 0.8603 0.4391 0.0112 0.0125
3 0.8556 0.4566 0.0112 0.0163
3 0.8713 0.3906 0.0112 0.0125
3 0.8378 0.5388 0.0100 0.0150
3 0.8287 0.5741 0.0075 0.0138
3 0.8269 0.6144 0.0100 0.0225
3 0.8059 0.6544 0.0087 0.0150
3 0.7997 0.6853 0.0087 0.0175
3 0.7778 0.7662 0.0087 0.0200
3 0.7612 0.8356 0.0100 0.0150
3 0.7575 0.8525 0.0087 0.0112
3 0.6763 0.5400 0.0087 0.0112
3 0.4781 0.5388 0.0125 0.0212
3 0.4719 0.5678 0.0125 0.0138
3 0.4128 0.7656 0.0100 0.0125
3 0.4016 0.8113 0.0125 0.0163
3 0.3700 0.9106 0.0087 0.0150
3 0.6194 0.7625 0.0075 0.0125
3 0.6209 0.7475 0.0075 0.0138
3 0.6403 0.6775 0.0087 0.0112
3 0.6328 0.7063 0.0063 0.0125
3 0.5791 0.9128 0.0112 0.0163
3 0.5903 0.8744 0.0087 0.0112
3 0.9700 0.7156 0.0087 0.0187
3 0.9581 0.7509 0.0100 0.0175
3 0.9447 0.8100 0.0112 0.0138
3 0.9075 0.9587 0.0087 0.0238
3 0.7306 0.9550 0.0112 0.0163
3 0.5725 0.9478 0.0075 0.0175
3 0.3650 0.9334 0.0112 0.0138
3 0.3591 0.9516 0.0087 0.0125
3 0.3538 0.9775 0.0075 0.0175
3 0.3469 0.9897 0.0125 0.0138
3 0.8931 0.1159 0.0112 0.0100
3 0.7309 0.3038 0.0087 0.0138
3 0.9850 0.6475 0.0075 0.0138
3 0.7519 0.8791 0.0100 0.0175
3 0.9534 0.7734 0.0100 0.0125
3 0.9503 0.7881 0.0100 0.0138
3 0.2231 0.9519 0.0087 0.0100
3 0.2806 0.8872 0.0175 0.0087
3 0.2194 0.9600 0.0075 0.0075
3 0.6822 0.6403 0.0175 0.0087
3 0.3694 0.2356 0.0075 0.0150
3 0.3694 0.2641 0.0075 0.0125
