3 0.2562 0.6341 0.0437 0.0087
3 0.2256 0.6884 0.0200 0.0112
3 0.3038 0.7028 0.0200 0.0087
3 0.3072 0.6312 0.0238 0.0063
3 0.3316 0.6562 0.0225 0.0063
3 0.4122 0.6231 0.0275 0.0087
3 0.4534 0.6516 0.0225 0.0063
3 0.4578 0.6734 0.0250 0.0063
3 0.4612 0.6953 0.0225 0.0063
3 0.5094 0.6353 0.0250 0.0050
3 0.3056 0.5734 0.0238 0.0063
3 0.3484 0.5766 0.0250 0.0063
3 0.4659 0.6188 0.0475 0.0063
3 0.5706 0.6763 0.0225 0.0087
3 0.5369 0.6987 0.0300 0.0100
3 0.5613 0.6209 0.0287 0.0075
3 0.5791 0.6056 0.0238 0.0050
3 0.6388 0.6303 0.0338 0.0138
3 0.6841 0.5594 0.0275 0.0063
3 0.7841 0.5563 0.0212 0.0063
3 0.8900 0.5494 0.0238 0.0050
3 0.9791 0.5444 0.0238 0.0075
3 0.4713 0.5506 0.0238 0.0075
3 0.5500 0.5481 0.0250 0.0087
3 0.4478 0.4162 0.0238 0.0075
3 0.3731 0.4178 0.0275 0.0075
3 0.5744 0.4069 0.0238 0.0075
3 0.5500 0.3688 0.0063 0.0187
3 0.3941 0.4950 0.0287 0.0087
3 0.3253 0.4338 0.0225 0.0112
3 0.2634 0.4659 0.0362 0.0163
3 0.2712 0.4844 0.0362 0.0125
3 0.1572 0.5156 0.0238 0.0125
3 0.0984 0.5356 0.0437 0.0150
3 0.2059 0.5325 0.0212 0.0087
3 0.1744 0.5591 0.0238 0.0087
3 0.2462 0.5575 0.0238 0.0087
