1 0.1277 0.0352 0.1086 0.0703
1 0.0492 0.1289 0.0984 0.0766
1 0.7078 0.0602 0.0719 0.0734
1 0.4688 0.0477 0.0750 0.0828
1 0.6172 0.1836 0.1344 0.1109
1 0.4117 0.3121 0.1203 0.1211
1 0.2832 0.3855 0.1070 0.1086
1 0.1289 0.5086 0.1203 0.1234
1 0.1117 0.7516 0.0922 0.1062
1 0.5160 0.5539 0.0633 0.0734
1 0.5992 0.5574 0.0609 0.0773
1 0.6816 0.5660 0.0664 0.0758
1 0.8539 0.6664 0.0672 0.0734
1 0.8289 0.7766 0.0672 0.0656
1 0.6707 0.7695 0.0695 0.0703
1 0.6531 0.9480 0.0656 0.0617
1 0.5754 0.9508 0.0695 0.0703
1 0.4957 0.9430 0.0695 0.0672
1 0.3211 0.9371 0.0703 0.0742
