1 0.1391 0.8203 0.0469 0.0406
1 0.0969 0.8797 0.0500 0.0406
1 0.0477 0.9344 0.0453 0.0406
1 0.0133 0.9852 0.0266 0.0297
1 0.6906 0.9352 0.0344 0.0422
1 0.6414 0.9578 0.0297 0.0375
1 0.6172 0.7578 0.0250 0.0344
1 0.6500 0.7750 0.0250 0.0375
1 0.7492 0.8203 0.0234 0.0344
1 0.7820 0.8375 0.0234 0.0375
1 0.7719 0.6945 0.0375 0.0453
1 0.8359 0.7031 0.0437 0.0531
1 0.8828 0.7250 0.0406 0.0437
1 0.9375 0.7438 0.0406 0.0500
1 0.9844 0.7352 0.0312 0.0391
1 0.8344 0.4766 0.0688 0.0719
1 0.7547 0.4359 0.0406 0.0437
1 0.6750 0.4141 0.0375 0.0500
1 0.5938 0.3805 0.0406 0.0578
1 0.8828 0.2805 0.0437 0.0484
1 0.6906 0.1906 0.0375 0.0469
1 0.6227 0.1625 0.0359 0.0469
