1 0.7203 0.1031 0.0469 0.0531
1 0.5000 0.0516 0.0625 0.0500
1 0.5344 0.1062 0.0531 0.0469
1 0.5578 0.1703 0.0563 0.0469
1 0.2820 0.1250 0.0422 0.0594
1 0.2141 0.1469 0.0500 0.0594
1 0.1656 0.1906 0.0563 0.0563
1 0.1391 0.2547 0.0563 0.0469
1 0.1062 0.3109 0.0594 0.0531
1 0.0781 0.4703 0.0469 0.0563
1 0.1680 0.4906 0.0484 0.0531
1 0.2094 0.5641 0.0594 0.0469
1 0.2297 0.4703 0.0469 0.0531
1 0.4617 0.5875 0.0484 0.0563
1 0.3984 0.6203 0.0500 0.0531
1 0.3367 0.6508 0.0547 0.0578
1 0.3031 0.7898 0.0375 0.0422
1 0.3578 0.8344 0.0437 0.0500
1 0.4164 0.8109 0.0453 0.0531
1 0.4734 0.7766 0.0563 0.0719
1 0.4719 0.9805 0.0531 0.0359
1 0.5242 0.9688 0.0391 0.0563
1 0.9703 0.8758 0.0594 0.0953
