1 0.1281 0.3414 0.0656 0.0734
1 0.0437 0.3047 0.0844 0.0844
1 0.5469 0.2641 0.0750 0.0688
1 0.9688 0.1953 0.0625 0.0750
1 0.6391 0.5258 0.0344 0.0422
1 0.7937 0.5984 0.0719 0.0906
1 0.7047 0.7656 0.0406 0.0375
1 0.6859 0.8094 0.0406 0.0375
1 0.6680 0.8531 0.0391 0.0375
1 0.1250 0.3383 0.0688 0.0766
1 0.7953 0.6000 0.0719 0.0844
1 0.6391 0.5250 0.0375 0.0406
1 0.7063 0.7633 0.0469 0.0391
1 0.6875 0.8086 0.0469 0.0391
1 0.6680 0.8539 0.0453 0.0391
1 0.0422 0.3055 0.0844 0.0859
1 0.9672 0.1961 0.0656 0.0672
1 0.5453 0.2625 0.0781 0.0656
1 0.8187 0.0094 0.0656 0.0187
