1 0.0070 0.5820 0.0141 0.0484
1 0.4031 0.4938 0.0312 0.0500
1 0.4578 0.5008 0.0437 0.0547
1 0.5141 0.5094 0.0469 0.0563
1 0.5687 0.5016 0.0375 0.0469
1 0.8750 0.9187 0.0563 0.0531
1 0.9094 0.8609 0.0594 0.0469
1 0.8703 0.7625 0.0531 0.0406
1 0.8281 0.7047 0.0563 0.0437
1 0.8016 0.6516 0.0437 0.0437
1 0.7500 0.6164 0.0469 0.0484
1 0.6820 0.5203 0.0391 0.0531
1 0.6219 0.5156 0.0437 0.0594
1 0.7656 0.4594 0.0531 0.0656
1 0.8625 0.4977 0.0406 0.0516
1 0.9000 0.2641 0.0469 0.0437
1 0.9609 0.1734 0.0375 0.0406
1 0.8375 0.0719 0.0500 0.0406
1 0.8500 0.0148 0.0500 0.0297
