1 0.0070 0.4195 0.0141 0.0484
1 0.4027 0.5074 0.0305 0.0492
1 0.4574 0.5008 0.0430 0.0547
1 0.5129 0.4910 0.0477 0.0570
1 0.5684 0.4984 0.0367 0.0469
1 0.8754 0.0824 0.0570 0.0523
1 0.9090 0.1387 0.0586 0.0461
1 0.8703 0.2387 0.0531 0.0398
1 0.8270 0.2949 0.0570 0.0430
1 0.8016 0.3484 0.0437 0.0437
1 0.7496 0.3836 0.0461 0.0484
1 0.6820 0.4797 0.0391 0.0531
1 0.6219 0.4840 0.0437 0.0586
1 0.7652 0.5406 0.0523 0.0656
1 0.8625 0.5035 0.0406 0.0508
1 0.9000 0.7359 0.0469 0.0437
1 0.9609 0.8281 0.0375 0.0406
1 0.8363 0.9285 0.0508 0.0414
1 0.8504 0.9852 0.0508 0.0297
