2 0.2444 0.9356 0.0138 0.0150
2 0.0825 0.8688 0.0087 0.0125
2 0.1137 0.8834 0.0087 0.0138
2 0.0844 0.6500 0.0125 0.0063
2 0.1356 0.8881 0.0150 0.0200
2 0.0944 0.8734 0.0075 0.0125
2 0.0713 0.8600 0.0112 0.0138
2 0.2828 0.9541 0.0125 0.0112
2 0.5669 0.7969 0.0150 0.0125
2 0.2291 0.7200 0.0112 0.0087
2 0.0894 0.8713 0.0100 0.0112
2 0.0484 0.3744 0.0063 0.0175
2 0.3300 0.4334 0.0100 0.0263
2 0.7625 0.0841 0.0063 0.0150
2 0.7825 0.4456 0.0087 0.0163
2 0.7891 0.5200 0.0125 0.0087
2 0.7897 0.5381 0.0138 0.0075
2 0.1059 0.5844 0.0087 0.0125
2 0.1131 0.5891 0.0075 0.0125
