1 0.4441 0.3465 0.0664 0.0461
1 0.5934 0.5922 0.0617 0.0469
1 0.7629 0.6008 0.0570 0.0453
1 0.9129 0.6473 0.0602 0.0445
1 0.9133 0.8133 0.0578 0.0453
1 0.9160 0.9195 0.0539 0.0422
1 0.7566 0.9309 0.0539 0.0430
1 0.3492 0.5895 0.0734 0.0508
1 0.5023 0.6480 0.0578 0.0430
1 0.5078 0.7090 0.0656 0.0523
1 0.3477 0.7004 0.0703 0.0445
1 0.3457 0.7617 0.0695 0.0484
1 0.3477 0.8875 0.0703 0.0469
1 0.3445 0.9480 0.0547 0.0492
1 0.5098 0.9922 0.0477 0.0156
1 0.3344 0.9898 0.0656 0.0203
1 0.0938 0.5879 0.0594 0.0477
1 0.0855 0.6988 0.0680 0.0508
1 0.0953 0.8949 0.0750 0.0523
