1 0.2070 0.9906 0.0672 0.0187
1 0.1984 0.8125 0.0750 0.0531
1 0.2000 0.6367 0.0719 0.0547
1 0.1977 0.4359 0.0703 0.0563
1 0.1938 0.3133 0.0594 0.0547
1 0.1953 0.2531 0.0656 0.0500
1 0.3500 0.1875 0.0813 0.0625
1 0.4453 0.2836 0.0625 0.0703
1 0.6078 0.3117 0.0625 0.0453
1 0.5180 0.3875 0.0328 0.0375
1 0.3414 0.5500 0.0766 0.0531
1 0.3406 0.4734 0.0813 0.0625
1 0.6086 0.4922 0.0641 0.0500
1 0.6094 0.6188 0.0656 0.0469
1 0.5992 0.7188 0.0453 0.0344
1 0.6008 0.8844 0.0484 0.0500
1 0.3438 0.7937 0.0719 0.0437
1 0.3539 0.7281 0.0672 0.0563
