1 0.3242 0.0340 0.0828 0.0680
1 0.1617 0.1008 0.1016 0.0859
1 0.1832 0.1945 0.0602 0.0641
1 0.2262 0.2703 0.0711 0.0656
1 0.1703 0.3793 0.1187 0.1117
1 0.1012 0.5148 0.0648 0.0703
1 0.1957 0.5230 0.0633 0.0805
1 0.0609 0.7141 0.0625 0.0688
1 0.1375 0.6996 0.0625 0.0617
1 0.0973 0.8844 0.0695 0.0656
1 0.6195 0.6711 0.1266 0.1203
1 0.6168 0.5367 0.1055 0.1078
1 0.8758 0.6730 0.0703 0.0648
1 0.8840 0.5402 0.1211 0.1117
1 0.8938 0.4066 0.1313 0.1164
1 0.6148 0.4047 0.1141 0.1156
1 0.8922 0.2613 0.1344 0.1195
1 0.6109 0.1379 0.1250 0.1195
1 0.8766 0.1012 0.1062 0.1117
1 0.6109 0.0312 0.1250 0.0625
