1 0.2781 0.1914 0.0656 0.0609
1 0.3563 0.1844 0.0656 0.0625
1 0.4453 0.1891 0.0656 0.0625
1 0.5359 0.1906 0.0656 0.0625
1 0.6125 0.1867 0.0625 0.0609
1 0.7234 0.3242 0.1031 0.0828
1 0.8086 0.1617 0.0859 0.1016
1 0.9008 0.1828 0.0641 0.0594
1 0.9711 0.2258 0.0578 0.0703
1 0.9539 0.8922 0.0922 0.1344
1 0.8453 0.6109 0.1187 0.1250
1 0.8094 0.8766 0.1125 0.1062
1 0.6500 0.8844 0.1125 0.1156
1 0.7109 0.6109 0.1187 0.1250
1 0.5781 0.6094 0.1187 0.1250
1 0.4594 0.8781 0.1187 0.1250
1 0.2828 0.8938 0.1187 0.1281
1 0.3141 0.6195 0.0625 0.0672
1 0.4047 0.4609 0.1156 0.1094
1 0.0984 0.6188 0.0625 0.0625
