1 0.0258 0.9211 0.0484 0.0547
1 0.1594 0.9375 0.0563 0.0500
1 0.1281 0.8828 0.0656 0.0469
1 0.1922 0.8031 0.0625 0.0437
1 0.1562 0.7312 0.0656 0.0531
1 0.2687 0.7312 0.0437 0.0469
1 0.2734 0.6141 0.0469 0.0625
1 0.4031 0.6453 0.0500 0.0594
1 0.4578 0.6305 0.0469 0.0609
1 0.3008 0.4250 0.0734 0.0844
1 0.2469 0.3781 0.0500 0.0531
1 0.2195 0.3266 0.0484 0.0500
1 0.3688 0.4484 0.0437 0.0531
1 0.4266 0.4492 0.0469 0.0578
1 0.4859 0.4500 0.0469 0.0531
1 0.5391 0.4672 0.0531 0.0563
1 0.5953 0.6172 0.0500 0.0563
1 0.1719 0.2148 0.0469 0.0453
1 0.1094 0.0820 0.0625 0.0516
