1 0.6789 0.2629 0.0266 0.0383
1 0.6336 0.2621 0.0297 0.0430
1 0.5895 0.2699 0.0320 0.0461
1 0.5402 0.2840 0.0367 0.0398
1 0.3504 0.2961 0.0320 0.0422
1 0.3137 0.2980 0.0273 0.0398
1 0.2457 0.2871 0.0320 0.0398
1 0.2035 0.2961 0.0320 0.0391
1 0.1246 0.2887 0.0367 0.0273
1 0.1078 0.3797 0.0344 0.0281
1 0.2031 0.3883 0.0344 0.0266
1 0.2598 0.4000 0.0352 0.0281
1 0.3438 0.0672 0.0563 0.0312
1 0.2965 0.4941 0.0367 0.0414
1 0.2676 0.5641 0.0414 0.0344
1 0.2574 0.6023 0.0461 0.0328
1 0.2297 0.6379 0.0469 0.0383
1 0.2402 0.6859 0.0461 0.0344
1 0.2348 0.7758 0.0508 0.0328
1 0.1191 0.8133 0.0383 0.0297
1 0.2719 0.8980 0.0469 0.0336
1 0.1703 0.8758 0.0344 0.0297
1 0.1313 0.9898 0.0469 0.0203
1 0.3074 0.9711 0.0430 0.0359
