1 0.9320 0.7656 0.0328 0.0500
1 0.8945 0.8812 0.0297 0.0375
1 0.8094 0.7297 0.0344 0.0469
1 0.8305 0.8297 0.0297 0.0344
1 0.7117 0.8688 0.0297 0.0469
1 0.6664 0.8492 0.0297 0.0422
1 0.6289 0.8187 0.0297 0.0375
1 0.5922 0.7867 0.0344 0.0391
1 0.7352 0.6922 0.0359 0.0437
1 0.6961 0.6656 0.0391 0.0406
1 0.6328 0.6031 0.0406 0.0375
1 0.5797 0.4406 0.0469 0.0375
1 0.5703 0.3937 0.0469 0.0406
1 0.4562 0.3492 0.0344 0.0391
1 0.4188 0.3453 0.0375 0.0500
1 0.3016 0.3172 0.0531 0.0500
1 0.3125 0.4914 0.0531 0.0516
1 0.0453 0.7656 0.0844 0.0906
