1 0.3984 0.4609 0.0469 0.0531
1 0.4609 0.4594 0.0437 0.0531
1 0.5156 0.4500 0.0531 0.0625
1 0.8797 0.0273 0.0750 0.0547
1 0.8812 0.0820 0.0625 0.0453
1 0.8266 0.2141 0.0688 0.0500
1 0.8125 0.2805 0.0656 0.0547
1 0.7875 0.3344 0.0656 0.0563
1 0.7523 0.3805 0.0484 0.0578
1 0.6953 0.4109 0.0469 0.0563
1 0.6430 0.4484 0.0453 0.0563
1 0.5766 0.4547 0.0500 0.0656
1 0.8063 0.6750 0.0469 0.0688
1 0.9055 0.7953 0.0516 0.0500
1 0.8773 0.8805 0.0672 0.0484
1 0.7008 0.6898 0.0484 0.0641
1 0.6547 0.6453 0.0375 0.0625
1 0.5953 0.6414 0.0500 0.0641
1 0.5375 0.6297 0.0437 0.0688
1 0.4719 0.6164 0.0531 0.0641
1 0.4016 0.6156 0.0469 0.0719
1 0.8656 0.9836 0.0563 0.0297
