1 0.1320 0.2879 0.0547 0.0352
1 0.2113 0.4098 0.0414 0.0352
1 0.2520 0.4441 0.0414 0.0383
1 0.6680 0.4988 0.0578 0.0352
1 0.6566 0.4441 0.0414 0.0477
1 0.2207 0.0230 0.0445 0.0336
1 0.2309 0.0688 0.0492 0.0344
1 0.2535 0.1027 0.0383 0.0430
1 0.3652 0.3363 0.0430 0.0414
1 0.4379 0.3848 0.0383 0.0477
1 0.4742 0.4191 0.0391 0.0414
1 0.5129 0.4313 0.0383 0.0500
1 0.5574 0.4227 0.0367 0.0453
1 0.6051 0.4289 0.0383 0.0578
1 0.6578 0.5793 0.0563 0.0430
1 0.6852 0.6590 0.0453 0.0680
1 0.3656 0.6910 0.0906 0.0883
1 0.2324 0.9551 0.0930 0.0758
