1 0.1297 0.0375 0.1187 0.0750
1 0.0516 0.1270 0.1031 0.0914
1 0.1562 0.2711 0.0656 0.0734
1 0.8363 0.3316 0.1195 0.1258
1 0.5367 0.3133 0.1141 0.1203
1 0.4113 0.3098 0.1195 0.1195
1 0.2887 0.3816 0.1148 0.1289
1 0.8395 0.5773 0.0695 0.0703
1 0.7590 0.5766 0.0617 0.0781
1 0.6805 0.5617 0.0641 0.0609
1 0.6020 0.5602 0.0664 0.0609
1 0.5215 0.5535 0.0648 0.0695
1 0.6707 0.7652 0.0727 0.0898
1 0.5117 0.7625 0.0734 0.0844
1 0.7316 0.9469 0.0664 0.0688
1 0.6500 0.9508 0.0656 0.0734
1 0.4191 0.9398 0.0695 0.0703
1 0.3219 0.9371 0.0656 0.0648
1 0.1145 0.7555 0.0883 0.1016
1 0.0219 0.7594 0.0437 0.0781
