1 0.0391 0.8719 0.0750 0.1187
1 0.1281 0.9484 0.0906 0.1031
1 0.2711 0.8438 0.0734 0.0656
1 0.3328 0.1641 0.1250 0.1187
1 0.3133 0.4633 0.1203 0.1141
1 0.3094 0.5891 0.1187 0.1187
1 0.3828 0.7125 0.1281 0.1156
1 0.5773 0.1609 0.0703 0.0688
1 0.5766 0.2406 0.0781 0.0625
1 0.5617 0.3195 0.0609 0.0641
1 0.5602 0.3984 0.0609 0.0656
1 0.5531 0.4797 0.0688 0.0656
1 0.7656 0.3297 0.0906 0.0719
1 0.7625 0.4883 0.0844 0.0734
1 0.9469 0.2687 0.0688 0.0656
1 0.9508 0.3500 0.0734 0.0656
1 0.9398 0.5813 0.0703 0.0688
1 0.9375 0.6797 0.0656 0.0656
1 0.7555 0.8867 0.1016 0.0891
1 0.7594 0.9773 0.0781 0.0453
