1 0.5219 0.8984 0.0500 0.0437
1 0.8961 0.7203 0.0703 0.0844
1 0.9852 0.5281 0.0297 0.0500
1 0.7906 0.4750 0.0437 0.0437
1 0.6203 0.5750 0.0437 0.0469
1 0.5625 0.0109 0.0469 0.0219
1 0.0437 0.5070 0.0844 0.0953
1 0.5359 0.1461 0.0375 0.0422
1 0.4414 0.1828 0.0828 0.0906
1 0.0969 0.1031 0.0750 0.0875
1 0.2680 0.0578 0.0734 0.0750
1 0.1352 0.3141 0.0703 0.0969
1 0.2188 0.3391 0.0750 0.0844
1 0.3031 0.3539 0.0656 0.0797
1 0.3891 0.3828 0.0656 0.0781
1 0.4562 0.4664 0.0406 0.0453
1 0.4188 0.6031 0.0750 0.0719
1 0.4031 0.8672 0.0656 0.0594
1 0.9641 0.8859 0.0719 0.0719
