1 0.0234 0.8688 0.0469 0.0500
1 0.0234 0.7797 0.0469 0.0469
1 0.0250 0.6547 0.0469 0.0469
1 0.0250 0.4750 0.0469 0.0500
1 0.0203 0.5938 0.0406 0.0469
1 0.0250 0.3531 0.0469 0.0500
1 0.4258 0.9594 0.0641 0.0437
1 0.2719 0.9469 0.0625 0.0500
1 0.2711 0.7469 0.0672 0.0500
1 0.2766 0.6922 0.0625 0.0531
1 0.2766 0.6328 0.0625 0.0500
1 0.6930 0.9398 0.0484 0.0328
1 0.8359 0.8219 0.0531 0.0375
1 0.8281 0.7727 0.0531 0.0391
1 0.8359 0.7156 0.0531 0.0375
1 0.6875 0.6781 0.0469 0.0312
1 0.9938 0.7672 0.0125 0.0500
1 0.4203 0.5766 0.0656 0.0500
1 0.2773 0.5797 0.0672 0.0500
1 0.2609 0.5227 0.0625 0.0516
1 0.2805 0.4094 0.0703 0.0563
1 0.2875 0.3477 0.0625 0.0516
1 0.5938 0.4391 0.0375 0.0563
1 0.6844 0.5703 0.0469 0.0375
1 0.8273 0.5500 0.0609 0.0437
1 0.8516 0.4484 0.0563 0.0500
1 0.2859 0.1500 0.0437 0.0531
1 0.6594 0.1062 0.0531 0.0437
