1 0.5742 0.9758 0.0422 0.0328
1 0.5437 0.8758 0.0375 0.0422
1 0.4641 0.8812 0.0375 0.0406
1 0.3891 0.8820 0.0344 0.0391
1 0.3398 0.7953 0.0641 0.0531
1 0.1156 0.8719 0.0375 0.0531
1 0.0664 0.8797 0.0391 0.0531
1 0.0148 0.8727 0.0297 0.0516
1 0.0609 0.7016 0.0500 0.0344
1 0.0281 0.5859 0.0563 0.0781
1 0.4523 0.5789 0.0484 0.0609
1 0.5375 0.5875 0.0781 0.0844
1 0.4547 0.4320 0.0500 0.0672
1 0.7164 0.6156 0.0359 0.0375
1 0.5359 0.2281 0.0312 0.0250
1 0.1859 0.2844 0.0719 0.0594
1 0.1938 0.2047 0.0719 0.0531
