1 0.0141 0.9414 0.0281 0.0859
1 0.0887 0.7949 0.0773 0.0836
1 0.1844 0.8379 0.0813 0.1008
1 0.2738 0.8859 0.0820 0.1000
1 0.0730 0.9750 0.0805 0.0500
1 0.9836 0.8094 0.0328 0.0625
1 0.9234 0.8004 0.0500 0.0602
1 0.6980 0.8496 0.0461 0.0586
1 0.5859 0.9488 0.0437 0.0508
1 0.5398 0.9852 0.0453 0.0297
1 0.3656 0.9305 0.0844 0.1078
1 0.8402 0.7203 0.0367 0.0437
1 0.6082 0.6730 0.0508 0.0617
1 0.8395 0.5500 0.0383 0.0312
1 0.6898 0.4945 0.0797 0.0922
1 0.6016 0.4449 0.0781 0.0930
1 0.5125 0.3480 0.0312 0.0398
1 0.4082 0.3777 0.0789 0.0930
1 0.3371 0.3980 0.0523 0.0711
1 0.3051 0.4531 0.0570 0.0500
1 0.2996 0.5242 0.0930 0.0859
1 0.3934 0.5648 0.0523 0.0797
