1 0.9563 0.7562 0.0531 0.0563
1 0.9445 0.2758 0.0766 0.0516
1 0.7859 0.0797 0.0625 0.0469
1 0.7500 0.5328 0.0813 0.0656
1 0.8187 0.4062 0.0437 0.0344
1 0.8313 0.3547 0.0437 0.0344
1 0.7969 0.3047 0.0500 0.0469
1 0.7453 0.2750 0.0469 0.0594
1 0.6852 0.2953 0.0516 0.0625
1 0.6531 0.3406 0.0563 0.0469
1 0.6172 0.4000 0.0500 0.0469
1 0.5836 0.4594 0.0516 0.0469
1 0.4609 0.3859 0.0594 0.0500
1 0.4359 0.3359 0.0500 0.0437
1 0.4711 0.2234 0.0547 0.0500
1 0.4938 0.1633 0.0531 0.0484
1 0.4594 0.0250 0.0531 0.0437
1 0.3766 0.1062 0.0500 0.0531
1 0.3109 0.1062 0.0500 0.0531
1 0.2328 0.3586 0.0344 0.0453
1 0.1766 0.3250 0.0563 0.0500
1 0.1453 0.2125 0.0594 0.0469
1 0.2305 0.5703 0.0516 0.0563
1 0.1703 0.5563 0.0469 0.0594
1 0.1086 0.5344 0.0453 0.0531
1 0.0688 0.4250 0.0594 0.0469
1 0.1031 0.7156 0.0625 0.0469
1 0.0938 0.7828 0.0594 0.0500
1 0.1437 0.9930 0.0594 0.0141
1 0.0187 0.8672 0.0344 0.0375
