1 0.0453 0.2437 0.0531 0.0563
1 0.0570 0.7242 0.0766 0.0516
1 0.2156 0.9219 0.0625 0.0469
1 0.2500 0.4672 0.0813 0.0656
1 0.1828 0.5938 0.0437 0.0344
1 0.1703 0.6453 0.0437 0.0344
1 0.2031 0.6953 0.0500 0.0469
1 0.2562 0.7266 0.0469 0.0594
1 0.3148 0.7063 0.0516 0.0625
1 0.3484 0.6594 0.0563 0.0469
1 0.3844 0.6000 0.0500 0.0469
1 0.4180 0.5406 0.0516 0.0469
1 0.5406 0.6141 0.0594 0.0500
1 0.5656 0.6641 0.0500 0.0437
1 0.5289 0.7766 0.0547 0.0500
1 0.5078 0.8367 0.0531 0.0484
1 0.5406 0.9758 0.0531 0.0453
1 0.6234 0.8945 0.0500 0.0516
1 0.6891 0.8938 0.0500 0.0531
1 0.7688 0.6430 0.0344 0.0453
1 0.8234 0.6750 0.0563 0.0500
1 0.8562 0.7883 0.0594 0.0484
1 0.7711 0.4313 0.0516 0.0563
1 0.8313 0.4453 0.0469 0.0594
1 0.8930 0.4656 0.0453 0.0531
1 0.9328 0.5750 0.0594 0.0469
1 0.8969 0.2844 0.0625 0.0469
1 0.9078 0.2172 0.0594 0.0500
1 0.8578 0.0070 0.0594 0.0141
1 0.9828 0.1328 0.0344 0.0375
