1 0.2437 0.9563 0.0563 0.0531
1 0.7242 0.9445 0.0516 0.0766
1 0.9219 0.7859 0.0469 0.0625
1 0.4672 0.7504 0.0656 0.0820
1 0.5941 0.8184 0.0352 0.0430
1 0.6457 0.8301 0.0352 0.0445
1 0.6949 0.7969 0.0461 0.0500
1 0.7262 0.7441 0.0586 0.0477
1 0.7063 0.6852 0.0625 0.0516
1 0.6598 0.6520 0.0477 0.0570
1 0.6004 0.6160 0.0477 0.0508
1 0.5410 0.5836 0.0477 0.0516
1 0.6137 0.4609 0.0492 0.0594
1 0.6645 0.4348 0.0445 0.0508
1 0.7766 0.4711 0.0500 0.0547
1 0.8367 0.4926 0.0484 0.0539
1 0.9754 0.4598 0.0445 0.0539
1 0.8949 0.3762 0.0523 0.0492
1 0.8934 0.3105 0.0523 0.0492
1 0.6430 0.2328 0.0453 0.0344
1 0.6746 0.1762 0.0492 0.0555
1 0.7879 0.1453 0.0477 0.0594
1 0.4313 0.2305 0.0563 0.0516
1 0.4453 0.1699 0.0594 0.0461
1 0.4652 0.1086 0.0523 0.0453
1 0.5754 0.0688 0.0477 0.0594
1 0.2840 0.1027 0.0461 0.0617
1 0.2172 0.0926 0.0500 0.0602
1 0.0070 0.1434 0.0141 0.0586
1 0.1320 0.0172 0.0359 0.0344
