1 0.0453 0.6375 0.0312 0.0469
1 0.0898 0.6539 0.0328 0.0453
1 0.1367 0.6703 0.0297 0.0437
1 0.3156 0.7484 0.0406 0.0469
1 0.4031 0.7867 0.0437 0.0516
1 0.8617 0.9078 0.0391 0.0500
1 0.6164 0.8195 0.0422 0.0359
1 0.4938 0.6750 0.0437 0.0344
1 0.1141 0.3656 0.0406 0.0375
1 0.0109 0.4750 0.0219 0.0375
1 0.2047 0.4023 0.0500 0.0391
1 0.5703 0.5500 0.0437 0.0375
1 0.6727 0.6813 0.0453 0.0375
1 0.6516 0.7297 0.0469 0.0375
1 0.6328 0.7719 0.0406 0.0344
1 0.7609 0.9141 0.0406 0.0375
1 0.8141 0.7695 0.0437 0.0328
1 0.8320 0.7234 0.0422 0.0344
1 0.8523 0.6758 0.0391 0.0297
1 0.8727 0.6281 0.0391 0.0344
