1 0.0430 0.9406 0.0859 0.1156
1 0.0187 0.3828 0.0344 0.0719
1 0.0352 0.2781 0.0703 0.0719
1 0.1328 0.6742 0.0719 0.0703
1 0.1883 0.5391 0.0703 0.0625
1 0.2258 0.4203 0.0797 0.0625
1 0.2578 0.3484 0.0688 0.0750
1 0.2828 0.2844 0.0656 0.0594
1 0.3125 0.2156 0.0656 0.0656
1 0.5422 0.1180 0.1031 0.1203
1 0.9430 0.0375 0.1109 0.0719
1 0.0164 0.3797 0.0328 0.0625
1 0.0352 0.2766 0.0703 0.0656
1 0.3094 0.2125 0.0688 0.0625
1 0.2828 0.2820 0.0719 0.0641
1 0.2555 0.3469 0.0703 0.0656
1 0.2281 0.4172 0.0781 0.0625
1 0.1891 0.5391 0.0688 0.0625
1 0.1328 0.6727 0.0719 0.0641
1 0.0445 0.9406 0.0891 0.1156
1 0.5422 0.1195 0.1031 0.1172
1 0.9398 0.0367 0.1141 0.0734
