1 0.2344 0.7438 0.1187 0.1000
1 0.2828 0.6289 0.1375 0.1109
1 0.3359 0.5016 0.1250 0.1062
1 0.3828 0.3563 0.1187 0.1062
1 0.4414 0.2172 0.1297 0.1156
1 0.4945 0.0734 0.1359 0.1219
1 0.2578 0.9594 0.0656 0.0719
1 0.3469 0.9187 0.0688 0.0781
1 0.6469 0.7648 0.1031 0.1203
1 0.6266 0.9648 0.1062 0.0703
1 0.7359 0.9406 0.1125 0.1156
1 0.6672 0.5750 0.0750 0.0656
1 0.7047 0.3828 0.0750 0.0719
1 0.7406 0.2781 0.0719 0.0719
1 0.8391 0.6742 0.0719 0.0703
1 0.8945 0.5391 0.0703 0.0625
1 0.9320 0.4203 0.0797 0.0625
1 0.9641 0.3484 0.0688 0.0750
1 0.9781 0.2844 0.0437 0.0594
1 0.4922 0.0711 0.1375 0.1203
1 0.4430 0.2156 0.1297 0.1125
1 0.3859 0.3547 0.1156 0.1062
1 0.3359 0.5000 0.1250 0.1094
1 0.2828 0.6312 0.1344 0.1156
1 0.2336 0.7438 0.1141 0.1000
1 0.2547 0.9547 0.0625 0.0719
1 0.3500 0.9164 0.0625 0.0797
1 0.6461 0.7625 0.1047 0.1125
1 0.6672 0.5750 0.0719 0.0625
1 0.7047 0.3812 0.0719 0.0625
1 0.7414 0.2766 0.0703 0.0656
1 0.9766 0.2820 0.0469 0.0641
1 0.9633 0.3469 0.0703 0.0656
1 0.9344 0.4172 0.0781 0.0625
1 0.8953 0.5391 0.0688 0.0625
1 0.8391 0.6727 0.0719 0.0641
1 0.7406 0.9406 0.1125 0.1156
1 0.6281 0.9648 0.1062 0.0703
