1 0.0266 0.9648 0.0531 0.0703
1 0.0195 0.7172 0.0391 0.0656
1 0.0781 0.6875 0.0656 0.0656
1 0.1758 0.4586 0.1203 0.1047
1 0.7063 0.2594 0.0750 0.0656
1 0.4305 0.1812 0.0703 0.0938
1 0.5109 0.1609 0.0656 0.0750
1 0.6906 0.0891 0.0844 0.0938
1 0.7672 0.0641 0.0531 0.0625
1 0.2875 0.0586 0.1344 0.1109
1 0.8555 0.0273 0.0672 0.0484
1 0.0250 0.9648 0.0500 0.0703
1 0.0813 0.6906 0.0625 0.0688
1 0.0219 0.7172 0.0437 0.0719
1 0.1742 0.4586 0.1172 0.1047
1 0.7047 0.2602 0.0719 0.0672
1 0.7680 0.0656 0.0547 0.0719
1 0.6906 0.0906 0.0844 0.0938
1 0.5117 0.1625 0.0609 0.0688
1 0.4297 0.1844 0.0688 0.0938
1 0.2859 0.0602 0.1344 0.1141
1 0.8562 0.0273 0.0625 0.0516
