1 0.0352 0.9734 0.0703 0.0531
1 0.2828 0.9805 0.0656 0.0391
1 0.3125 0.9219 0.0656 0.0656
1 0.5422 0.8258 0.1031 0.1203
1 0.7422 0.2938 0.0656 0.0750
1 0.8187 0.5711 0.0938 0.0703
1 0.8406 0.4906 0.0750 0.0656
1 0.9109 0.3094 0.0938 0.0844
1 0.9375 0.2328 0.0625 0.0531
1 0.9430 0.7125 0.1109 0.1344
1 0.9734 0.1445 0.0469 0.0672
1 0.0352 0.9750 0.0703 0.0500
1 0.3094 0.9195 0.0688 0.0641
1 0.2828 0.9781 0.0719 0.0437
1 0.5422 0.8258 0.1031 0.1172
1 0.7398 0.2953 0.0672 0.0719
1 0.9359 0.2320 0.0719 0.0547
1 0.9109 0.3109 0.0938 0.0844
1 0.8375 0.4898 0.0688 0.0609
1 0.8172 0.5719 0.0938 0.0688
1 0.9414 0.7141 0.1141 0.1344
1 0.9727 0.1453 0.0516 0.0625
