1 0.1402 0.0699 0.0648 0.0523
1 0.2523 0.1129 0.0359 0.0477
1 0.5133 0.1602 0.0328 0.0453
1 0.4734 0.1637 0.0375 0.0555
1 0.4238 0.1699 0.0383 0.0555
1 0.3723 0.1684 0.0383 0.0523
1 0.6086 0.2680 0.0359 0.0547
1 0.5703 0.2840 0.0375 0.0586
1 0.4969 0.2984 0.0375 0.0531
1 0.4570 0.3125 0.0391 0.0563
1 0.3832 0.3531 0.0320 0.0437
1 0.3480 0.3047 0.0336 0.0469
1 0.3141 0.3070 0.0312 0.0453
1 0.2746 0.3051 0.0336 0.0414
1 0.1867 0.3355 0.0391 0.0336
1 0.1844 0.3684 0.0531 0.0305
1 0.2109 0.3961 0.0406 0.0297
1 0.1234 0.4059 0.0375 0.0523
1 0.3305 0.4141 0.0359 0.0312
1 0.3180 0.4648 0.0422 0.0328
1 0.2762 0.5742 0.0367 0.0297
1 0.2566 0.6066 0.0477 0.0320
1 0.2348 0.6398 0.0383 0.0391
1 0.1660 0.6762 0.0383 0.0617
1 0.1098 0.7168 0.0570 0.0398
1 0.2262 0.7391 0.0461 0.0344
1 0.2309 0.7730 0.0492 0.0336
1 0.2496 0.8434 0.0430 0.0336
1 0.2621 0.8789 0.0492 0.0359
1 0.0141 0.9055 0.0250 0.0484
1 0.1203 0.9227 0.0437 0.0328
1 0.1293 0.9922 0.0430 0.0156
1 0.3051 0.9711 0.0445 0.0359
1 0.3238 0.9922 0.0383 0.0156
