1 0.1098 0.0148 0.0570 0.0297
1 0.2262 0.0328 0.0461 0.0344
1 0.2309 0.0652 0.0492 0.0336
1 0.2496 0.1371 0.0430 0.0336
1 0.2621 0.1727 0.0492 0.0359
1 0.0141 0.1992 0.0250 0.0484
1 0.1203 0.2148 0.0437 0.0328
1 0.1293 0.2926 0.0430 0.0320
1 0.1570 0.3402 0.0391 0.0336
1 0.1844 0.3770 0.0344 0.0258
1 0.2117 0.4160 0.0422 0.0320
1 0.3051 0.2648 0.0445 0.0359
1 0.3238 0.2980 0.0383 0.0398
1 0.3059 0.3656 0.0461 0.0437
1 0.6633 0.5098 0.0547 0.0414
1 0.6516 0.5492 0.0469 0.0422
1 0.2004 0.5082 0.0508 0.0383
1 0.0125 0.6008 0.0250 0.0578
1 0.6285 0.6949 0.0539 0.0711
1 0.4379 0.7027 0.0570 0.0680
1 0.3699 0.7039 0.0492 0.0609
1 0.2324 0.6895 0.0617 0.0602
1 0.2406 0.7863 0.0781 0.0664
1 0.2391 0.8680 0.1000 0.0922
1 0.2383 0.9559 0.1172 0.0836
