1 0.0891 0.0109 0.0656 0.0219
1 0.0930 0.1922 0.0609 0.0469
1 0.0922 0.2656 0.0750 0.0594
1 0.0914 0.5641 0.0641 0.0531
1 0.0969 0.6867 0.0625 0.0484
1 0.0984 0.7500 0.0563 0.0469
1 0.0961 0.8078 0.0609 0.0469
1 0.5039 0.0133 0.0547 0.0266
1 0.5047 0.1891 0.0656 0.0437
1 0.3469 0.2406 0.0500 0.0469
1 0.3523 0.3000 0.0578 0.0437
1 0.5078 0.2500 0.0594 0.0437
1 0.5109 0.3031 0.0594 0.0469
1 0.5047 0.3906 0.0500 0.0531
1 0.4984 0.4523 0.0594 0.0422
1 0.4984 0.5141 0.0656 0.0437
1 0.4922 0.5766 0.0625 0.0437
1 0.5008 0.6969 0.0609 0.0469
1 0.5047 0.7602 0.0625 0.0484
1 0.3563 0.5141 0.0656 0.0437
1 0.3523 0.5781 0.0641 0.0469
1 0.3555 0.6375 0.0703 0.0437
1 0.3555 0.7602 0.0672 0.0453
1 0.9234 0.0078 0.0531 0.0156
1 0.7562 0.0117 0.0563 0.0234
1 0.9141 0.1070 0.0500 0.0422
1 0.7562 0.1719 0.0563 0.0375
1 0.7594 0.2234 0.0594 0.0344
1 0.9187 0.2102 0.0594 0.0391
1 0.9219 0.2648 0.0531 0.0359
1 0.9125 0.3656 0.0531 0.0563
1 0.9094 0.5922 0.0531 0.0469
1 0.9109 0.6500 0.0500 0.0375
1 0.7609 0.6469 0.0469 0.0500
1 0.6781 0.7703 0.0375 0.0656
1 0.8906 0.8141 0.0437 0.0500
