1 0.9125 0.0109 0.0656 0.0219
1 0.9070 0.1922 0.0609 0.0469
1 0.9078 0.2656 0.0750 0.0594
1 0.9086 0.5641 0.0641 0.0531
1 0.9031 0.6867 0.0625 0.0484
1 0.9016 0.7500 0.0563 0.0469
1 0.9039 0.8086 0.0609 0.0484
1 0.4961 0.0133 0.0547 0.0266
1 0.4953 0.1891 0.0656 0.0437
1 0.6531 0.2406 0.0500 0.0469
1 0.6492 0.3000 0.0578 0.0437
1 0.4938 0.2500 0.0594 0.0437
1 0.4906 0.3031 0.0594 0.0469
1 0.4969 0.3906 0.0500 0.0531
1 0.5031 0.4523 0.0594 0.0422
1 0.5031 0.5141 0.0656 0.0437
1 0.5078 0.5766 0.0625 0.0437
1 0.5008 0.6969 0.0609 0.0469
1 0.4969 0.7602 0.0625 0.0484
1 0.6453 0.5141 0.0656 0.0437
1 0.6477 0.5781 0.0641 0.0469
1 0.6461 0.6375 0.0703 0.0437
1 0.6461 0.7602 0.0672 0.0453
1 0.0781 0.0078 0.0531 0.0156
1 0.2437 0.0117 0.0563 0.0234
1 0.0859 0.1070 0.0500 0.0422
1 0.2437 0.1719 0.0563 0.0375
1 0.2406 0.2234 0.0594 0.0344
1 0.0813 0.2102 0.0594 0.0391
1 0.0789 0.2648 0.0547 0.0359
1 0.0875 0.3656 0.0531 0.0563
1 0.0906 0.5922 0.0531 0.0469
1 0.0906 0.6500 0.0500 0.0375
1 0.2406 0.6469 0.0469 0.0500
1 0.3234 0.7703 0.0375 0.0656
1 0.1109 0.8141 0.0437 0.0500
