1 0.9172 0.5164 0.0437 0.0453
1 0.8016 0.5156 0.0437 0.0375
1 0.7164 0.5984 0.0391 0.0437
1 0.5578 0.6141 0.0469 0.0563
1 0.4945 0.6094 0.0453 0.0531
1 0.4367 0.5984 0.0484 0.0594
1 0.3719 0.6000 0.0500 0.0594
1 0.3102 0.6031 0.0516 0.0688
1 0.2352 0.6141 0.0547 0.0688
1 0.9797 0.3422 0.0406 0.0625
1 0.9266 0.3484 0.0594 0.0656
1 0.8664 0.3531 0.0609 0.0656
1 0.6219 0.3453 0.0469 0.0656
1 0.5516 0.3453 0.0531 0.0625
1 0.4750 0.3391 0.0500 0.0469
1 0.3969 0.3375 0.0563 0.0656
1 0.2516 0.3438 0.0563 0.0688
1 0.9891 0.2062 0.0219 0.0656
1 0.8094 0.2008 0.0469 0.0609
1 0.7344 0.2016 0.0594 0.0750
1 0.4375 0.2023 0.0531 0.0641
1 0.3148 0.1969 0.0484 0.0625
1 0.2516 0.1953 0.0469 0.0563
1 0.1922 0.1977 0.0469 0.0609
