1 0.4938 0.0164 0.0625 0.0328
1 0.3719 0.0187 0.0719 0.0344
1 0.1781 0.0172 0.0656 0.0312
1 0.5047 0.3047 0.0625 0.0531
1 0.3766 0.2984 0.0625 0.0625
1 0.2375 0.3016 0.0625 0.0594
1 0.1750 0.2984 0.0563 0.0563
1 0.1109 0.3000 0.0531 0.0625
1 0.0563 0.5062 0.0594 0.0594
1 0.1797 0.4742 0.0563 0.0578
1 0.2406 0.4750 0.0500 0.0563
1 0.3781 0.4734 0.0500 0.0594
1 0.4406 0.4711 0.0563 0.0609
1 0.5078 0.4766 0.0625 0.0563
1 0.4359 0.8609 0.0719 0.0625
1 0.7055 0.9758 0.0547 0.0484
1 0.5734 0.9766 0.0625 0.0469
1 0.1797 0.9750 0.0531 0.0500
1 0.0859 0.9719 0.0625 0.0563
