1 0.9156 0.6609 0.0531 0.0625
1 0.8187 0.9387 0.0344 0.0273
1 0.5953 0.8133 0.0437 0.0328
1 0.6777 0.6758 0.0398 0.0359
1 0.8316 0.4590 0.0383 0.0305
1 0.8230 0.5359 0.0398 0.0344
1 0.8359 0.5723 0.0375 0.0352
1 0.6727 0.5566 0.0422 0.0352
1 0.6770 0.5984 0.0414 0.0344
1 0.1363 0.3133 0.0570 0.0484
1 0.5203 0.6809 0.0531 0.0492
1 0.4164 0.4281 0.0578 0.0500
1 0.4352 0.5344 0.0547 0.0469
1 0.4273 0.6434 0.0516 0.0430
1 0.4285 0.7461 0.0570 0.0422
1 0.4324 0.8004 0.0523 0.0477
1 0.2664 0.5398 0.0641 0.0453
1 0.2652 0.7070 0.0617 0.0453
1 0.2703 0.7574 0.0625 0.0430
1 0.0250 0.4195 0.0469 0.0484
1 0.0230 0.4801 0.0430 0.0477
1 0.0219 0.5391 0.0437 0.0594
1 0.0266 0.7262 0.0531 0.0555
1 0.0273 0.7883 0.0547 0.0453
1 0.0266 0.8395 0.0531 0.0477
1 0.0211 0.9297 0.0422 0.0531
1 0.0187 0.9805 0.0375 0.0359
