1 0.0734 0.1230 0.0563 0.0523
1 0.3754 0.3141 0.0727 0.0750
1 0.4465 0.3602 0.0523 0.0484
1 0.5059 0.3738 0.0367 0.0477
1 0.5406 0.3824 0.0312 0.0305
1 0.5687 0.4148 0.0344 0.0359
1 0.5691 0.4457 0.0227 0.0258
1 0.5422 0.4566 0.0344 0.0383
1 0.6176 0.4367 0.0352 0.0391
1 0.6598 0.4648 0.0352 0.0391
1 0.6391 0.5031 0.0344 0.0375
1 0.7027 0.4855 0.0305 0.0336
1 0.7285 0.4895 0.0289 0.0227
1 0.6902 0.5176 0.0273 0.0320
1 0.7391 0.5090 0.0344 0.0336
1 0.7234 0.5375 0.0250 0.0250
1 0.8348 0.5711 0.0320 0.0328
1 0.8207 0.6035 0.0227 0.0289
1 0.8629 0.5844 0.0320 0.0344
1 0.8934 0.6047 0.0336 0.0375
1 0.8684 0.6496 0.0305 0.0336
1 0.0094 0.0727 0.0187 0.0422
