1 0.3047 0.0359 0.1187 0.0719
1 0.0375 0.3844 0.0656 0.0656
1 0.0297 0.5719 0.0563 0.0844
1 0.1062 0.6281 0.0531 0.0688
1 0.1602 0.3656 0.1141 0.1250
1 0.2859 0.4203 0.1094 0.1281
1 0.3812 0.2062 0.1156 0.1281
1 0.5117 0.2367 0.1047 0.1266
1 0.3953 0.4633 0.0625 0.0703
1 0.4891 0.5125 0.1156 0.1219
1 0.6156 0.5188 0.1156 0.1375
1 0.7969 0.5766 0.1469 0.1437
1 0.2141 0.6578 0.1062 0.1187
1 0.4000 0.7500 0.1156 0.1313
1 0.3250 0.9055 0.0656 0.0891
1 0.4180 0.9477 0.0641 0.0734
1 0.4891 0.7906 0.0625 0.0844
1 0.5984 0.8250 0.1187 0.1437
1 0.7125 0.8766 0.1125 0.1313
1 0.4969 0.9750 0.1094 0.0500
