1 0.8637 0.7039 0.0930 0.0891
1 0.9250 0.6066 0.0875 0.0883
1 0.9672 0.5164 0.0656 0.0797
1 0.4020 0.7828 0.0914 0.0906
1 0.4867 0.5687 0.0484 0.0406
1 0.5746 0.4266 0.0492 0.0406
1 0.4191 0.4008 0.0477 0.0422
1 0.2293 0.6770 0.0867 0.0914
1 0.1465 0.6543 0.0273 0.0367
1 0.1551 0.6168 0.0195 0.0211
1 0.1785 0.5969 0.0227 0.0250
1 0.1551 0.5891 0.0227 0.0250
1 0.1246 0.5734 0.0305 0.0375
1 0.1027 0.6082 0.0305 0.0383
1 0.0207 0.4871 0.0195 0.0211
1 0.0059 0.5051 0.0117 0.0258
1 0.0262 0.5059 0.0242 0.0273
1 0.0117 0.5379 0.0203 0.0227
