1 0.4262 0.2289 0.0523 0.0484
1 0.4375 0.1672 0.0594 0.0437
1 0.4602 0.1066 0.0609 0.0477
1 0.4988 0.0477 0.0602 0.0453
1 0.3145 0.0309 0.0508 0.0461
1 0.2828 0.1047 0.0500 0.0656
1 0.2152 0.0895 0.0461 0.0602
1 0.1594 0.0621 0.0469 0.0555
1 0.9727 0.3187 0.0484 0.0500
1 0.8582 0.2562 0.0633 0.0437
1 0.8359 0.1848 0.0750 0.0633
1 0.7180 0.1262 0.0484 0.0648
1 0.6699 0.1777 0.0555 0.0586
1 0.8359 0.4867 0.0469 0.0578
1 0.7730 0.4738 0.0367 0.0570
1 0.6066 0.4633 0.0477 0.0484
1 0.5961 0.6246 0.0578 0.0617
1 0.7340 0.9109 0.0617 0.0656
1 0.5949 0.8238 0.0336 0.0508
1 0.5312 0.7797 0.0469 0.0656
1 0.4621 0.7441 0.0492 0.0727
