1 0.7711 0.5734 0.0484 0.0531
1 0.8344 0.5641 0.0437 0.0594
1 0.8938 0.5414 0.0469 0.0609
1 0.9539 0.5016 0.0453 0.0594
1 0.9703 0.6859 0.0469 0.0500
1 0.8953 0.7188 0.0656 0.0500
1 0.9109 0.7852 0.0594 0.0453
1 0.9375 0.8406 0.0563 0.0469
1 0.6828 0.0289 0.0500 0.0484
1 0.7453 0.1422 0.0437 0.0625
1 0.8156 0.1641 0.0625 0.0750
1 0.8750 0.2820 0.0656 0.0484
1 0.8234 0.3297 0.0594 0.0563
1 0.5133 0.1656 0.0578 0.0469
1 0.5266 0.2281 0.0563 0.0375
1 0.5367 0.3937 0.0484 0.0469
1 0.3750 0.4055 0.0625 0.0578
1 0.0906 0.2656 0.0656 0.0625
1 0.1766 0.4062 0.0500 0.0344
1 0.2203 0.4703 0.0656 0.0469
1 0.2562 0.5375 0.0719 0.0500
