1 0.3000 0.3203 0.0531 0.0437
1 0.3125 0.3719 0.0531 0.0469
1 0.2984 0.4297 0.0531 0.0469
1 0.3125 0.4953 0.0531 0.0437
1 0.3031 0.5656 0.0563 0.0469
1 0.3109 0.6375 0.0875 0.0844
1 0.3063 0.7078 0.0531 0.0437
1 0.3203 0.7750 0.0813 0.0719
1 0.7109 0.8703 0.0312 0.0500
1 0.6641 0.8516 0.0312 0.0469
1 0.6211 0.8297 0.0359 0.0437
1 0.5906 0.7867 0.0437 0.0359
1 0.4188 0.3406 0.0312 0.0531
1 0.4578 0.3547 0.0344 0.0437
1 0.5016 0.3312 0.0312 0.0437
1 0.5703 0.3937 0.0437 0.0406
1 0.5781 0.4437 0.0437 0.0375
1 0.5750 0.4875 0.0437 0.0344
1 0.5813 0.5297 0.0344 0.0312
1 0.6656 0.6375 0.0344 0.0375
1 0.6367 0.6016 0.0328 0.0406
1 0.6172 0.5625 0.0406 0.0375
1 0.8938 0.7484 0.0344 0.0500
1 0.9344 0.7695 0.0312 0.0484
1 0.9781 0.7766 0.0344 0.0469
