1 0.6813 0.7012 0.0437 0.0523
1 0.6285 0.6879 0.0477 0.0539
1 0.5699 0.7020 0.0461 0.0539
1 0.5059 0.6891 0.0430 0.0531
1 0.4348 0.6973 0.0477 0.0570
1 0.3625 0.6906 0.0844 0.0875
1 0.2934 0.6949 0.0430 0.0523
1 0.2266 0.6813 0.0719 0.0813
1 0.1309 0.2891 0.0492 0.0312
1 0.1488 0.3363 0.0477 0.0320
1 0.1715 0.3789 0.0430 0.0359
1 0.2133 0.4090 0.0359 0.0430
1 0.6590 0.5828 0.0523 0.0312
1 0.6469 0.5434 0.0437 0.0336
1 0.6684 0.5000 0.0430 0.0312
1 0.6062 0.4301 0.0406 0.0445
1 0.5563 0.4215 0.0375 0.0430
1 0.5129 0.4250 0.0352 0.0437
1 0.4719 0.4203 0.0312 0.0344
1 0.3625 0.3344 0.0375 0.0344
1 0.4000 0.3633 0.0406 0.0328
1 0.4387 0.3840 0.0367 0.0398
1 0.2531 0.1062 0.0500 0.0344
1 0.2320 0.0672 0.0484 0.0312
1 0.2238 0.0219 0.0477 0.0344
