1 0.9898 0.1313 0.0203 0.0500
1 0.8141 0.2531 0.0344 0.0500
1 0.7734 0.2320 0.0312 0.0484
1 0.7281 0.2250 0.0344 0.0469
1 0.6891 0.2430 0.0312 0.0516
1 0.6391 0.2313 0.0375 0.0469
1 0.6094 0.1141 0.0312 0.0437
1 0.6031 0.2617 0.0344 0.0547
1 0.5664 0.2734 0.0297 0.0563
1 0.5281 0.2734 0.0437 0.0469
1 0.4953 0.2984 0.0375 0.0375
1 0.4578 0.3180 0.0312 0.0484
1 0.4094 0.3289 0.0281 0.0422
1 0.3477 0.3828 0.0484 0.0344
1 0.3289 0.4242 0.0422 0.0359
1 0.3078 0.4562 0.0437 0.0375
1 0.2898 0.4938 0.0453 0.0281
1 0.2781 0.5414 0.0469 0.0297
1 0.2687 0.5875 0.0437 0.0312
1 0.2609 0.6781 0.0437 0.0312
1 0.2500 0.7227 0.0406 0.0297
1 0.2016 0.6391 0.0375 0.0406
1 0.1672 0.3695 0.0406 0.0297
1 0.3000 0.3453 0.0469 0.0281
1 0.2992 0.3117 0.0422 0.0297
1 0.2945 0.2781 0.0422 0.0281
1 0.2906 0.2453 0.0406 0.0250
1 0.2945 0.2047 0.0359 0.0312
1 0.3258 0.1891 0.0297 0.0437
1 0.3617 0.1797 0.0266 0.0375
1 0.3937 0.2078 0.0312 0.0344
1 0.4008 0.2570 0.0266 0.0391
