1 0.1164 0.8781 0.0453 0.0656
1 0.1461 0.8391 0.0391 0.0437
1 0.1977 0.8102 0.0359 0.0578
1 0.2391 0.7781 0.0406 0.0625
1 0.2703 0.7312 0.0469 0.0437
1 0.3047 0.6930 0.0563 0.0453
1 0.3469 0.6547 0.0563 0.0469
1 0.3625 0.5984 0.0563 0.0406
1 0.3688 0.5414 0.0469 0.0453
1 0.3797 0.4719 0.0594 0.0437
1 0.4117 0.7422 0.0453 0.0531
1 0.5437 0.4000 0.0500 0.0500
1 0.5359 0.4641 0.0563 0.0469
1 0.5531 0.5156 0.0469 0.0469
1 0.5500 0.5781 0.0500 0.0469
1 0.5531 0.6406 0.0469 0.0437
1 0.5789 0.7047 0.0641 0.0531
1 0.6172 0.7547 0.0469 0.0406
1 0.5867 0.9273 0.0578 0.0453
1 0.6359 0.9617 0.0469 0.0484
1 0.7266 0.8070 0.0375 0.0516
1 0.7844 0.8328 0.0469 0.0625
