1 0.8273 0.4000 0.0422 0.0594
1 0.7695 0.4078 0.0453 0.0531
1 0.6188 0.3937 0.0437 0.0594
1 0.5547 0.3922 0.0500 0.0625
1 0.5906 0.5672 0.0437 0.0344
1 0.3688 0.4031 0.0437 0.0625
1 0.3078 0.4008 0.0437 0.0578
1 0.2328 0.4000 0.0437 0.0625
1 0.1578 0.4031 0.0437 0.0594
1 0.4250 0.5672 0.0656 0.0531
1 0.2133 0.5641 0.0797 0.0656
1 0.3164 0.6633 0.0484 0.0641
1 0.2469 0.6594 0.0531 0.0625
1 0.9187 0.6547 0.0563 0.0656
1 0.9891 0.8008 0.0219 0.0672
1 0.6305 0.8125 0.0453 0.0563
1 0.4367 0.8047 0.0516 0.0656
1 0.3422 0.8953 0.0656 0.0500
1 0.2047 0.8938 0.0656 0.0531
1 0.0445 0.1672 0.0422 0.0656
