1 0.0930 0.0125 0.0672 0.0219
1 0.1062 0.3711 0.0563 0.0453
1 0.0969 0.5648 0.0656 0.0516
1 0.1891 0.6578 0.0500 0.0656
1 0.1875 0.7969 0.0531 0.0656
1 0.3516 0.1234 0.0656 0.0437
1 0.3477 0.2437 0.0578 0.0531
1 0.3594 0.6391 0.0719 0.0437
1 0.3570 0.7641 0.0703 0.0437
1 0.3570 0.8266 0.0703 0.0437
1 0.5078 0.0148 0.0656 0.0297
1 0.5078 0.1906 0.0656 0.0469
1 0.5141 0.2531 0.0625 0.0406
1 0.5969 0.2727 0.0469 0.0484
1 0.5047 0.4547 0.0625 0.0406
1 0.5031 0.5180 0.0625 0.0422
1 0.4984 0.5781 0.0656 0.0437
1 0.5031 0.6406 0.0625 0.0437
1 0.5078 0.7031 0.0625 0.0437
1 0.5086 0.7633 0.0672 0.0391
1 0.5109 0.8227 0.0563 0.0422
1 0.5984 0.8500 0.0437 0.0688
1 0.7602 0.0609 0.0609 0.0375
1 0.9281 0.0109 0.0531 0.0219
1 0.7625 0.2266 0.0563 0.0375
1 0.7641 0.4844 0.0531 0.0437
1 0.7641 0.5938 0.0531 0.0437
1 0.7703 0.7656 0.0531 0.0437
1 0.7875 0.8219 0.0563 0.0469
