1 0.0297 0.7281 0.0312 0.0437
1 0.1234 0.7227 0.0563 0.0703
1 0.1820 0.7227 0.0547 0.0703
1 0.2727 0.7250 0.0516 0.0625
1 0.3359 0.7234 0.0531 0.0625
1 0.4008 0.7234 0.0547 0.0656
1 0.4781 0.7289 0.0531 0.0734
1 0.5422 0.7266 0.0563 0.0688
1 0.6047 0.7281 0.0531 0.0813
1 0.7937 0.7312 0.0531 0.0625
1 0.8859 0.7297 0.0563 0.0688
1 0.9469 0.7297 0.0563 0.0688
1 0.0273 0.4898 0.0359 0.0516
1 0.0742 0.4953 0.0422 0.0469
1 0.1242 0.4930 0.0422 0.0484
1 0.1797 0.4984 0.0531 0.0563
1 0.2734 0.4984 0.0531 0.0563
1 0.3367 0.4961 0.0547 0.0578
1 0.4094 0.4891 0.0656 0.0781
1 0.4891 0.5062 0.0656 0.0750
1 0.5891 0.5023 0.0938 0.0984
1 0.5664 0.3922 0.0609 0.0563
1 0.8078 0.5188 0.0594 0.0813
1 0.9102 0.5086 0.0922 0.0922
