1 0.9699 0.2723 0.0305 0.0445
1 0.8777 0.2773 0.0555 0.0703
1 0.8191 0.2773 0.0539 0.0703
1 0.7273 0.2746 0.0516 0.0617
1 0.6641 0.2777 0.0531 0.0617
1 0.5992 0.2781 0.0547 0.0656
1 0.5234 0.2727 0.0531 0.0734
1 0.4582 0.2738 0.0570 0.0695
1 0.3969 0.2715 0.0531 0.0805
1 0.2066 0.2687 0.0539 0.0625
1 0.1141 0.2699 0.0563 0.0680
1 0.0531 0.2699 0.0563 0.0680
1 0.9723 0.5102 0.0352 0.0516
1 0.9258 0.5051 0.0422 0.0477
1 0.8773 0.5070 0.0422 0.0484
1 0.8203 0.5031 0.0531 0.0563
1 0.7270 0.5016 0.0539 0.0563
1 0.6648 0.5055 0.0547 0.0578
1 0.5902 0.5113 0.0648 0.0789
1 0.5125 0.4949 0.0656 0.0742
1 0.4113 0.4977 0.0945 0.0984
1 0.4352 0.6082 0.0609 0.0570
1 0.1926 0.4828 0.0602 0.0813
1 0.0898 0.4914 0.0922 0.0922
