1 0.1516 0.1102 0.0500 0.0516
1 0.5430 0.0102 0.0297 0.0203
1 0.5641 0.3000 0.0500 0.0594
1 0.4426 0.3031 0.0570 0.0656
1 0.2367 0.3039 0.0516 0.0578
1 0.1773 0.2984 0.0547 0.0625
1 0.0539 0.3016 0.0609 0.0656
1 0.5133 0.4762 0.0547 0.0555
1 0.3816 0.5008 0.0539 0.0609
1 0.1707 0.4707 0.0570 0.0602
1 0.1129 0.4762 0.0539 0.0617
1 0.9695 0.9781 0.0297 0.0437
1 0.8777 0.9742 0.0555 0.0516
1 0.8180 0.9742 0.0547 0.0516
1 0.7273 0.9746 0.0516 0.0492
1 0.6641 0.9766 0.0531 0.0469
1 0.5992 0.9758 0.0547 0.0484
1 0.5234 0.9711 0.0531 0.0578
1 0.4582 0.9723 0.0570 0.0539
1 0.3969 0.9684 0.0531 0.0617
1 0.2066 0.9719 0.0539 0.0563
1 0.1141 0.9711 0.0563 0.0578
1 0.0531 0.9707 0.0563 0.0570
