1 0.2734 0.9703 0.0437 0.0312
1 0.2773 0.8781 0.0703 0.0563
1 0.2773 0.8187 0.0703 0.0531
1 0.2750 0.7273 0.0625 0.0516
1 0.2781 0.6641 0.0625 0.0531
1 0.2781 0.5992 0.0656 0.0547
1 0.2727 0.5234 0.0734 0.0531
1 0.2750 0.4594 0.0688 0.0563
1 0.2719 0.3969 0.0813 0.0531
1 0.2687 0.2078 0.0625 0.0531
1 0.2703 0.1141 0.0688 0.0563
1 0.2703 0.0531 0.0688 0.0563
1 0.5102 0.9734 0.0516 0.0344
1 0.5047 0.9258 0.0469 0.0422
1 0.5070 0.8773 0.0484 0.0422
1 0.5031 0.8203 0.0563 0.0531
1 0.5016 0.7281 0.0563 0.0531
1 0.5055 0.6648 0.0578 0.0547
1 0.5125 0.5906 0.0781 0.0656
1 0.4953 0.5125 0.0750 0.0656
1 0.4977 0.4125 0.0984 0.0938
1 0.6094 0.4352 0.0563 0.0609
1 0.4828 0.1938 0.0813 0.0594
1 0.4914 0.0898 0.0922 0.0922
