1 0.8578 0.1102 0.0500 0.0516
1 0.9430 0.3039 0.0516 0.0578
1 0.8836 0.2984 0.0547 0.0625
1 0.7602 0.3016 0.0609 0.0656
1 0.6809 0.2996 0.0523 0.0617
1 0.6215 0.3012 0.0523 0.0648
1 0.5586 0.3004 0.0516 0.0633
1 0.8770 0.4707 0.0570 0.0602
1 0.8191 0.4762 0.0539 0.0617
1 0.6855 0.4746 0.0523 0.0555
1 0.6191 0.4777 0.0539 0.0617
1 0.5586 0.4715 0.0609 0.0586
1 0.9129 0.9719 0.0539 0.0563
1 0.8203 0.9711 0.0563 0.0578
1 0.6520 0.7523 0.0570 0.0547
1 0.7609 0.9707 0.0563 0.0570
1 0.6816 0.9699 0.0539 0.0586
1 0.6215 0.9727 0.0555 0.0547
1 0.5563 0.9695 0.0625 0.0609
1 0.4941 0.9676 0.0570 0.0633
1 0.4289 0.9711 0.0609 0.0578
1 0.3527 0.9711 0.0523 0.0578
1 0.2930 0.9707 0.0547 0.0570
