1 0.8914 0.8578 0.0516 0.0500
1 0.6961 0.9430 0.0578 0.0516
1 0.7031 0.8836 0.0625 0.0547
1 0.7000 0.7602 0.0656 0.0609
1 0.7016 0.6813 0.0625 0.0531
1 0.7000 0.6219 0.0656 0.0531
1 0.7000 0.5586 0.0625 0.0516
1 0.5297 0.8781 0.0594 0.0563
1 0.5250 0.8187 0.0625 0.0531
1 0.5266 0.6859 0.0563 0.0531
1 0.5234 0.6188 0.0625 0.0531
1 0.5297 0.5586 0.0594 0.0609
1 0.0281 0.9133 0.0563 0.0547
1 0.0289 0.8203 0.0578 0.0563
1 0.2492 0.6516 0.0547 0.0563
1 0.0297 0.7609 0.0563 0.0563
1 0.0297 0.6828 0.0594 0.0531
1 0.0273 0.6219 0.0547 0.0563
1 0.0305 0.5563 0.0609 0.0625
1 0.0328 0.4938 0.0625 0.0563
1 0.0289 0.4289 0.0578 0.0609
1 0.0289 0.3531 0.0578 0.0531
1 0.0297 0.2930 0.0563 0.0547
