1 0.9578 0.8750 0.0844 0.1250
1 0.9281 0.1367 0.0844 0.0672
1 0.9531 0.4562 0.0719 0.0688
1 0.6828 0.4328 0.1281 0.1000
1 0.8266 0.5797 0.1156 0.1250
1 0.6906 0.5969 0.1250 0.1125
1 0.6219 0.7156 0.1156 0.1000
1 0.4430 0.3242 0.0766 0.0703
1 0.4445 0.4820 0.0766 0.0703
1 0.2203 0.1719 0.0656 0.0531
1 0.2375 0.3344 0.0844 0.0625
1 0.2391 0.4164 0.0813 0.0703
1 0.2375 0.4922 0.0625 0.0563
1 0.0531 0.3555 0.0844 0.0734
1 0.4938 0.8766 0.1313 0.1031
1 0.4961 0.9703 0.0859 0.0594
1 0.2453 0.9836 0.0688 0.0328
1 0.0266 0.9641 0.0531 0.0719
