1 0.9719 0.9203 0.0563 0.1250
1 0.9711 0.7414 0.0578 0.1141
1 0.9680 0.5961 0.0641 0.1172
1 0.9766 0.3359 0.0469 0.0906
1 0.3797 0.7438 0.1156 0.1062
1 0.6430 0.5133 0.1359 0.1484
1 0.3727 0.4719 0.1328 0.1219
1 0.3758 0.2961 0.1141 0.1359
1 0.5102 0.3008 0.1172 0.1203
1 0.9758 0.3328 0.0484 0.0906
1 0.9680 0.5953 0.0641 0.1125
1 0.9719 0.7430 0.0563 0.1141
1 0.9695 0.9219 0.0609 0.1187
1 0.3797 0.7430 0.1187 0.1078
1 0.6461 0.5109 0.1359 0.1469
1 0.3719 0.4727 0.1313 0.1203
1 0.5125 0.3000 0.1187 0.1250
1 0.3758 0.2953 0.1172 0.1344
