1 0.8582 0.1699 0.0852 0.0742
1 0.9484 0.2305 0.0719 0.0891
1 0.7617 0.2203 0.0703 0.0656
1 0.9734 0.3676 0.0531 0.0695
1 0.7043 0.3063 0.0867 0.0750
1 0.6742 0.4070 0.1203 0.1078
1 0.6297 0.4984 0.0781 0.0656
1 0.9109 0.4852 0.1344 0.1172
1 0.5895 0.5992 0.1227 0.1109
1 0.4719 0.4262 0.0844 0.0648
1 0.4293 0.5211 0.0867 0.0672
1 0.2547 0.4008 0.1156 0.1266
1 0.1418 0.4508 0.1211 0.1453
1 0.0359 0.5133 0.0719 0.1141
1 0.0844 0.8371 0.0688 0.0805
1 0.2766 0.8145 0.1250 0.1195
1 0.5020 0.7961 0.1383 0.1203
1 0.4539 0.9070 0.1297 0.1172
1 0.1848 0.9859 0.0758 0.0281
1 0.6801 0.6828 0.0664 0.0813
1 0.8187 0.8090 0.1344 0.1180
