1 0.4203 0.7316 0.0656 0.0602
1 0.3613 0.8164 0.0664 0.0609
1 0.3273 0.9211 0.1266 0.1078
1 0.2852 0.9906 0.0703 0.0187
1 0.1297 0.9379 0.0656 0.0602
1 0.6070 0.7422 0.0578 0.0813
1 0.6285 0.8695 0.1070 0.1078
1 0.5664 0.9664 0.1203 0.0672
1 0.9617 0.9852 0.0766 0.0297
1 0.1293 0.9398 0.0586 0.0578
1 0.3277 0.9199 0.1211 0.1055
1 0.2859 0.9906 0.0656 0.0187
1 0.3625 0.8164 0.0656 0.0578
1 0.4203 0.7320 0.0656 0.0578
1 0.6055 0.7430 0.0609 0.0797
1 0.6281 0.8742 0.1094 0.0953
1 0.5676 0.9707 0.1164 0.0570
1 0.9625 0.9852 0.0750 0.0297
