3 0.3222 0.3378 0.0163 0.0225
3 0.2562 0.0084 0.0250 0.0138
3 0.2275 0.0309 0.0238 0.0212
3 0.2666 0.0294 0.0175 0.0212
3 0.2744 0.0184 0.0175 0.0150
3 0.2216 0.1397 0.0275 0.0263
3 0.2581 0.1841 0.0225 0.0212
3 0.2772 0.2503 0.0200 0.0225
3 0.1562 0.8178 0.0187 0.0200
3 0.1234 0.8256 0.0250 0.0200
3 0.1275 0.8100 0.0362 0.0325
3 0.3250 0.8334 0.0250 0.0200
3 0.2550 0.8262 0.0287 0.0212
3 0.2362 0.8088 0.0287 0.0238
3 0.1059 0.9753 0.0275 0.0225
3 0.1125 0.9641 0.0250 0.0250
3 0.1462 0.9634 0.0238 0.0238
3 0.0384 0.9303 0.0238 0.0200
3 0.0528 0.9137 0.0212 0.0212
3 0.0881 0.9109 0.0200 0.0187
3 0.0831 0.8756 0.0225 0.0200
3 0.1969 0.8984 0.0250 0.0187
3 0.2028 0.8887 0.0275 0.0212
3 0.2016 0.8556 0.0250 0.0175
3 0.2081 0.8481 0.0225 0.0150
3 0.2141 0.8391 0.0250 0.0187
3 0.2203 0.8278 0.0250 0.0212
3 0.6412 0.4228 0.0138 0.0238
3 0.6506 0.4244 0.0138 0.0238
3 0.6613 0.4275 0.0163 0.0238
3 0.6725 0.4316 0.0138 0.0225
3 0.6847 0.4338 0.0163 0.0238
3 0.4719 0.4219 0.0125 0.0250
3 0.4844 0.4213 0.0125 0.0238
3 0.4972 0.4234 0.0163 0.0250
3 0.5075 0.4269 0.0150 0.0287
3 0.5181 0.4278 0.0175 0.0275
3 0.5300 0.4287 0.0163 0.0263
3 0.5403 0.4309 0.0150 0.0275
3 0.6050 0.4162 0.0163 0.0263
3 0.6294 0.4209 0.0150 0.0200
3 0.5944 0.4128 0.0138 0.0225
3 0.6875 0.2856 0.0187 0.0275
3 0.9047 0.5938 0.0250 0.0125
3 0.8122 0.3312 0.0150 0.0250
3 0.8231 0.3350 0.0150 0.0263
3 0.8350 0.3337 0.0138 0.0238
3 0.8466 0.3397 0.0150 0.0263
3 0.8691 0.3475 0.0163 0.0263
3 0.4166 0.3312 0.0175 0.0250
3 0.4378 0.3366 0.0163 0.0263
3 0.4506 0.3378 0.0200 0.0287
3 0.3619 0.4350 0.0300 0.0263
3 0.8419 0.6656 0.0275 0.0125
3 0.8962 0.6044 0.0238 0.0150
3 0.7884 0.5578 0.0238 0.0187
3 0.7884 0.3244 0.0175 0.0238
3 0.8066 0.5284 0.0225 0.0163
3 0.6769 0.5813 0.0225 0.0187
3 0.5031 0.5781 0.0250 0.0125
3 0.3506 0.5819 0.0263 0.0200
3 0.4641 0.4594 0.0250 0.0250
3 0.4725 0.4688 0.0200 0.0250
3 0.4834 0.4728 0.0200 0.0300
3 0.4925 0.4819 0.0225 0.0263
3 0.5119 0.4975 0.0238 0.0138
3 0.5581 0.4800 0.0163 0.0287
3 0.5794 0.4819 0.0150 0.0263
3 0.5912 0.4850 0.0138 0.0263
3 0.8022 0.3272 0.0138 0.0263
3 0.7784 0.3234 0.0163 0.0250
3 0.6153 0.4894 0.0150 0.0287
3 0.8519 0.3100 0.0163 0.0263
3 0.7109 0.2872 0.0125 0.0275
3 0.7238 0.2875 0.0163 0.0250
3 0.7356 0.2888 0.0150 0.0212
3 0.7453 0.2916 0.0125 0.0238
3 0.7591 0.2931 0.0150 0.0238
3 0.7691 0.2969 0.0163 0.0250
3 0.7822 0.2969 0.0175 0.0250
3 0.7928 0.3013 0.0138 0.0275
3 0.8063 0.3022 0.0187 0.0263
3 0.8169 0.3084 0.0150 0.0263
3 0.8300 0.3106 0.0163 0.0275
3 0.8406 0.3094 0.0125 0.0250
3 0.8637 0.3131 0.0150 0.0263
3 0.7666 0.3197 0.0175 0.0238
3 0.6716 0.3063 0.0150 0.0250
3 0.6850 0.3075 0.0138 0.0212
3 0.8869 0.3172 0.0112 0.0250
3 0.9450 0.3528 0.0212 0.0275
3 0.9537 0.3297 0.0200 0.0250
3 0.9428 0.4287 0.0263 0.0263
3 0.6956 0.3075 0.0163 0.0275
3 0.7075 0.3128 0.0150 0.0225
3 0.7213 0.3125 0.0175 0.0250
3 0.7300 0.3156 0.0163 0.0250
3 0.7431 0.3169 0.0175 0.0275
3 0.7550 0.3187 0.0163 0.0250
3 0.6031 0.4891 0.0125 0.0250
3 0.6381 0.4925 0.0200 0.0287
3 0.5819 0.4109 0.0200 0.0250
3 0.6006 0.4412 0.0200 0.0263
3 0.6013 0.3678 0.0150 0.0263
3 0.5691 0.3616 0.0163 0.0263
3 0.5575 0.3600 0.0150 0.0263
3 0.5425 0.3550 0.0163 0.0287
3 0.5303 0.3534 0.0138 0.0287
3 0.5191 0.3509 0.0163 0.0238
3 0.5084 0.3500 0.0138 0.0250
3 0.6556 0.4525 0.0175 0.0238
3 0.6475 0.4503 0.0138 0.0225
3 0.6350 0.4456 0.0138 0.0225
3 0.6225 0.4453 0.0138 0.0250
3 0.6112 0.4444 0.0163 0.0263
3 0.5878 0.4388 0.0163 0.0275
3 0.6750 0.3528 0.0187 0.0275
3 0.5769 0.4372 0.0163 0.0275
3 0.5637 0.4350 0.0150 0.0263
3 0.5531 0.4328 0.0125 0.0250
3 0.4441 0.3894 0.0100 0.0225
3 0.4531 0.3894 0.0125 0.0225
3 0.4662 0.3878 0.0138 0.0225
3 0.4869 0.3956 0.0112 0.0225
3 0.5225 0.4012 0.0200 0.0275
3 0.5353 0.4031 0.0175 0.0250
3 0.5475 0.4056 0.0138 0.0238
3 0.5581 0.4069 0.0163 0.0263
3 0.5691 0.4100 0.0163 0.0263
3 0.5878 0.3656 0.0163 0.0250
3 0.6722 0.3788 0.0163 0.0263
3 0.6562 0.4919 0.0187 0.0275
3 0.7916 0.3794 0.0175 0.0275
3 0.6675 0.4906 0.0163 0.0250
3 0.6838 0.4900 0.0112 0.0238
3 0.6869 0.4700 0.0238 0.0150
3 0.7534 0.4409 0.0163 0.0287
3 0.7659 0.4456 0.0163 0.0287
3 0.8197 0.4144 0.0175 0.0287
3 0.7969 0.4088 0.0187 0.0300
3 0.7641 0.4012 0.0125 0.0212
3 0.8628 0.3916 0.0100 0.0238
3 0.8512 0.3906 0.0150 0.0250
3 0.8256 0.3816 0.0138 0.0287
3 0.8037 0.3797 0.0138 0.0250
3 0.7791 0.3775 0.0175 0.0238
3 0.6831 0.3819 0.0163 0.0263
3 0.7669 0.3759 0.0150 0.0238
3 0.7559 0.3734 0.0150 0.0250
3 0.7475 0.3719 0.0138 0.0250
3 0.7319 0.3672 0.0200 0.0250
3 0.7238 0.3656 0.0163 0.0250
3 0.7106 0.3625 0.0150 0.0250
3 0.6987 0.3569 0.0163 0.0263
3 0.6869 0.3544 0.0175 0.0275
3 0.4734 0.3425 0.0125 0.0225
3 0.4856 0.3450 0.0150 0.0275
3 0.4972 0.3478 0.0163 0.0238
3 0.7037 0.3875 0.0138 0.0250
3 0.9200 0.3900 0.0212 0.0238
3 0.7006 0.2838 0.0138 0.0238
3 0.6753 0.2816 0.0163 0.0287
3 0.7228 0.0134 0.0175 0.0238
3 0.6956 0.0103 0.0163 0.0175
3 0.7478 0.0034 0.0112 0.0037
3 0.7603 0.0047 0.0112 0.0063
3 0.7944 0.0066 0.0138 0.0100
3 0.8053 0.0078 0.0138 0.0125
3 0.8181 0.0103 0.0175 0.0175
3 0.8434 0.0116 0.0150 0.0200
3 0.6634 0.2806 0.0175 0.0300
3 0.5959 0.8762 0.0325 0.0212
3 0.8556 0.0134 0.0175 0.0238
3 0.8662 0.0125 0.0138 0.0187
3 0.8809 0.0147 0.0150 0.0263
3 0.5625 0.1825 0.0187 0.0275
3 0.3909 0.1469 0.0163 0.0250
3 0.3878 0.1738 0.0163 0.0287
3 0.4234 0.1534 0.0125 0.0225
3 0.4359 0.1572 0.0125 0.0238
3 0.4475 0.1588 0.0138 0.0238
3 0.4709 0.1678 0.0138 0.0263
3 0.4841 0.1688 0.0150 0.0250
3 0.5037 0.1716 0.0138 0.0212
3 0.5162 0.1747 0.0138 0.0212
3 0.5269 0.1769 0.0163 0.0225
3 0.5394 0.1781 0.0163 0.0250
3 0.5525 0.1800 0.0175 0.0287
3 0.5859 0.1897 0.0187 0.0263
3 0.3950 0.1272 0.0212 0.0138
3 0.5991 0.1884 0.0138 0.0238
3 0.6047 0.1613 0.0250 0.0163
3 0.6150 0.1756 0.0238 0.0138
3 0.6097 0.1913 0.0163 0.0263
3 0.6213 0.1953 0.0175 0.0250
3 0.6331 0.1956 0.0163 0.0225
3 0.6466 0.2013 0.0150 0.0212
3 0.6700 0.2031 0.0150 0.0250
3 0.6919 0.2072 0.0150 0.0238
3 0.7050 0.2084 0.0163 0.0263
3 0.7162 0.2087 0.0138 0.0238
3 0.7281 0.2144 0.0125 0.0225
3 0.3744 0.1722 0.0175 0.0287
3 0.9194 0.2025 0.0200 0.0238
3 0.7491 0.2162 0.0138 0.0263
3 0.7391 0.1644 0.0125 0.0225
3 0.5981 0.1387 0.0150 0.0275
3 0.6088 0.1406 0.0112 0.0250
3 0.6200 0.1450 0.0150 0.0212
3 0.6312 0.1462 0.0187 0.0238
3 0.6422 0.1462 0.0187 0.0238
3 0.6550 0.1522 0.0163 0.0263
3 0.6681 0.1497 0.0175 0.0212
3 0.6806 0.1519 0.0175 0.0225
3 0.6900 0.1566 0.0238 0.0287
3 0.7031 0.1588 0.0125 0.0238
3 0.7153 0.1594 0.0150 0.0250
3 0.7278 0.1634 0.0150 0.0238
3 0.7488 0.1678 0.0163 0.0263
3 0.8988 0.1988 0.0163 0.0287
3 0.7606 0.1709 0.0150 0.0263
3 0.7741 0.1738 0.0200 0.0287
3 0.7863 0.1769 0.0163 0.0287
3 0.7934 0.1784 0.0150 0.0225
3 0.8050 0.1800 0.0163 0.0287
3 0.8197 0.1834 0.0112 0.0263
3 0.8287 0.1856 0.0138 0.0275
3 0.8406 0.1862 0.0125 0.0287
3 0.8538 0.1878 0.0138 0.0287
3 0.8641 0.1919 0.0125 0.0275
3 0.8753 0.1913 0.0163 0.0263
3 0.8878 0.1975 0.0163 0.0263
3 0.7400 0.2166 0.0112 0.0238
3 0.7606 0.2194 0.0150 0.0263
3 0.8919 0.0156 0.0150 0.0250
3 0.4562 0.2388 0.0125 0.0275
3 0.7481 0.2422 0.0150 0.0250
3 0.7584 0.2459 0.0138 0.0263
3 0.7675 0.2469 0.0163 0.0250
3 0.7769 0.2497 0.0163 0.0275
3 0.7919 0.2544 0.0150 0.0275
3 0.8044 0.2556 0.0150 0.0300
3 0.8128 0.2559 0.0163 0.0212
3 0.8366 0.2600 0.0138 0.0263
3 0.8484 0.2622 0.0125 0.0212
3 0.8619 0.2666 0.0175 0.0300
3 0.3875 0.2247 0.0187 0.0275
3 0.4225 0.2325 0.0138 0.0275
3 0.4688 0.2425 0.0125 0.0287
3 0.7213 0.2388 0.0175 0.0275
3 0.4794 0.2453 0.0150 0.0250
3 0.5009 0.2513 0.0175 0.0275
3 0.5247 0.2544 0.0150 0.0275
3 0.5350 0.2562 0.0138 0.0250
3 0.5481 0.2578 0.0150 0.0250
3 0.5591 0.2606 0.0150 0.0275
3 0.5734 0.2638 0.0187 0.0275
3 0.5931 0.2666 0.0175 0.0300
3 0.6062 0.2697 0.0125 0.0238
3 0.6178 0.2703 0.0138 0.0250
3 0.6294 0.2725 0.0150 0.0263
3 0.6425 0.2775 0.0163 0.0238
3 0.7350 0.2391 0.0138 0.0250
3 0.7112 0.2350 0.0163 0.0263
3 0.7725 0.2203 0.0138 0.0250
3 0.4894 0.1941 0.0163 0.0287
3 0.7834 0.2253 0.0138 0.0225
3 0.7934 0.2256 0.0150 0.0263
3 0.8069 0.2284 0.0138 0.0287
3 0.8169 0.2319 0.0150 0.0263
3 0.8287 0.2350 0.0138 0.0263
3 0.8422 0.2359 0.0125 0.0250
3 0.8553 0.2384 0.0138 0.0238
3 0.8659 0.2403 0.0163 0.0275
3 0.8778 0.2428 0.0150 0.0263
3 0.4441 0.1841 0.0163 0.0275
3 0.4559 0.1878 0.0150 0.0287
3 0.4769 0.1906 0.0163 0.0250
3 0.5022 0.1950 0.0138 0.0275
3 0.6994 0.2325 0.0175 0.0212
3 0.5456 0.2059 0.0100 0.0212
3 0.5575 0.2066 0.0150 0.0225
3 0.5681 0.2106 0.0175 0.0275
3 0.5797 0.2106 0.0187 0.0275
3 0.6034 0.2156 0.0163 0.0250
3 0.6169 0.2181 0.0150 0.0238
3 0.6266 0.2225 0.0187 0.0263
3 0.6422 0.2241 0.0187 0.0263
3 0.6528 0.2237 0.0150 0.0225
3 0.6625 0.2253 0.0187 0.0225
3 0.6750 0.2275 0.0187 0.0238
3 0.6875 0.2303 0.0187 0.0263
3 0.9034 0.1753 0.0163 0.0287
3 0.8919 0.1712 0.0150 0.0238
3 0.8809 0.1688 0.0150 0.0250
3 0.7116 0.0575 0.0138 0.0212
3 0.5312 0.0494 0.0187 0.0300
3 0.5887 0.0597 0.0212 0.0287
3 0.6213 0.0666 0.0175 0.0238
3 0.6450 0.0719 0.0150 0.0250
3 0.6412 0.0469 0.0138 0.0250
3 0.6512 0.0475 0.0150 0.0263
3 0.6747 0.0525 0.0150 0.0238
3 0.6981 0.0553 0.0150 0.0263
3 0.6566 0.0741 0.0163 0.0325
3 0.6706 0.0775 0.0163 0.0300
3 0.6934 0.0806 0.0150 0.0238
3 0.7050 0.0819 0.0163 0.0263
3 0.7244 0.0588 0.0175 0.0238
3 0.9344 0.0494 0.0125 0.0238
3 0.7369 0.0606 0.0175 0.0212
3 0.7466 0.0631 0.0150 0.0200
3 0.7597 0.0653 0.0163 0.0212
3 0.7816 0.0716 0.0163 0.0275
3 0.7919 0.0738 0.0150 0.0287
3 0.8047 0.0759 0.0187 0.0238
3 0.8144 0.0788 0.0163 0.0263
3 0.8269 0.0800 0.0163 0.0287
3 0.8391 0.0838 0.0187 0.0238
3 0.8631 0.0891 0.0138 0.0250
3 0.8741 0.0909 0.0200 0.0287
3 0.8875 0.0922 0.0187 0.0250
3 0.9450 0.0494 0.0150 0.0238
3 0.9194 0.0456 0.0138 0.0225
3 0.8688 0.1666 0.0187 0.0238
3 0.4306 0.0097 0.0112 0.0163
3 0.9256 0.0253 0.0138 0.0225
3 0.9878 0.0409 0.0163 0.0225
3 0.9887 0.0653 0.0150 0.0212
3 0.9919 0.0887 0.0150 0.0212
3 0.9916 0.1113 0.0175 0.0225
3 0.9938 0.1363 0.0125 0.0225
3 0.9922 0.1634 0.0125 0.0238
3 0.9919 0.1913 0.0150 0.0263
3 0.9897 0.2166 0.0138 0.0238
3 0.9856 0.2409 0.0150 0.0225
3 0.4378 0.0263 0.0163 0.0212
3 0.9078 0.0444 0.0125 0.0263
3 0.4731 0.0378 0.0150 0.0225
3 0.8034 0.0244 0.0163 0.0238
3 0.8153 0.0269 0.0150 0.0225
3 0.8281 0.0297 0.0187 0.0250
3 0.8488 0.0341 0.0163 0.0275
3 0.8619 0.0384 0.0175 0.0238
3 0.8725 0.0403 0.0138 0.0275
3 0.8891 0.0434 0.0125 0.0212
3 0.8984 0.0969 0.0187 0.0250
3 0.9184 0.0975 0.0150 0.0263
3 0.9309 0.1009 0.0150 0.0300
3 0.7106 0.1337 0.0150 0.0238
3 0.5534 0.1072 0.0163 0.0238
3 0.5778 0.1113 0.0150 0.0225
3 0.5606 0.1322 0.0150 0.0238
3 0.5731 0.1381 0.0150 0.0263
3 0.5831 0.1406 0.0163 0.0250
3 0.5887 0.1144 0.0150 0.0225
3 0.5991 0.1156 0.0138 0.0250
3 0.6247 0.1175 0.0150 0.0287
3 0.6381 0.1219 0.0138 0.0250
3 0.6737 0.1288 0.0163 0.0263
3 0.6872 0.1256 0.0150 0.0263
3 0.6969 0.1322 0.0125 0.0238
3 0.7209 0.1337 0.0138 0.0238
3 0.9738 0.1053 0.0100 0.0263
3 0.7334 0.1372 0.0138 0.0275
3 0.7456 0.1406 0.0100 0.0250
3 0.7559 0.1422 0.0150 0.0250
3 0.7675 0.1453 0.0163 0.0250
3 0.7781 0.1462 0.0125 0.0238
3 0.7878 0.1491 0.0163 0.0263
3 0.8003 0.1509 0.0163 0.0238
3 0.8134 0.1556 0.0175 0.0300
3 0.8244 0.1588 0.0112 0.0238
3 0.8344 0.1588 0.0125 0.0238
3 0.8469 0.1600 0.0125 0.0263
3 0.8572 0.1622 0.0175 0.0275
3 0.5491 0.1309 0.0138 0.0212
3 0.5363 0.1288 0.0163 0.0263
3 0.9428 0.2084 0.0138 0.0263
3 0.9506 0.1328 0.0138 0.0250
3 0.5178 0.1009 0.0138 0.0238
3 0.3888 0.0944 0.0150 0.0263
3 0.4037 0.0975 0.0138 0.0263
3 0.4147 0.1016 0.0138 0.0250
3 0.4353 0.1041 0.0175 0.0238
3 0.4594 0.1116 0.0125 0.0263
3 0.4706 0.1144 0.0163 0.0287
3 0.4891 0.1212 0.0125 0.0238
3 0.5022 0.1206 0.0138 0.0225
3 0.5138 0.1250 0.0150 0.0250
3 0.7169 0.0847 0.0150 0.0287
3 0.7312 0.0859 0.0187 0.0250
3 0.7428 0.0872 0.0138 0.0275
3 0.7650 0.0941 0.0175 0.0287
3 0.7872 0.1000 0.0150 0.0250
3 0.7991 0.1028 0.0138 0.0275
3 0.8100 0.1038 0.0138 0.0263
3 0.8228 0.1059 0.0175 0.0275
3 0.8337 0.1069 0.0175 0.0263
3 0.8481 0.1091 0.0150 0.0275
3 0.8575 0.1116 0.0150 0.0263
3 0.8694 0.1147 0.0200 0.0263
3 0.8800 0.1159 0.0163 0.0225
3 0.8938 0.1206 0.0187 0.0225
3 0.9253 0.1303 0.0163 0.0263
