3 0.6500 0.8897 0.0187 0.0263
3 0.6731 0.9031 0.0212 0.0250
3 0.6825 0.9144 0.0212 0.0225
3 0.6887 0.9225 0.0212 0.0200
3 0.6944 0.9359 0.0200 0.0125
3 0.6966 0.9506 0.0212 0.0138
3 0.6997 0.9641 0.0212 0.0125
3 0.6972 0.9744 0.0225 0.0112
3 0.6944 0.9878 0.0200 0.0163
3 0.6941 0.9969 0.0225 0.0063
3 0.8434 0.6734 0.0212 0.0187
3 0.9091 0.7388 0.0212 0.0212
3 0.8591 0.7053 0.0212 0.0200
3 0.9225 0.7188 0.0200 0.0187
3 0.8425 0.5284 0.0287 0.0225
3 0.9587 0.5956 0.0238 0.0225
3 0.9397 0.6972 0.0263 0.0225
3 0.9488 0.6887 0.0225 0.0150
3 0.9563 0.6769 0.0250 0.0225
3 0.9656 0.6672 0.0250 0.0250
3 0.9750 0.6606 0.0187 0.0212
3 0.9878 0.6491 0.0225 0.0200
3 0.9775 0.7809 0.0238 0.0212
3 0.9716 0.8897 0.0275 0.0263
3 0.5662 0.3387 0.0138 0.0212
3 0.5731 0.4372 0.0150 0.0212
3 0.7150 0.5750 0.0238 0.0250
3 0.1859 0.8725 0.0187 0.0138
3 0.1631 0.8772 0.0263 0.0138
3 0.2125 0.5384 0.0187 0.0238
3 0.3359 0.9378 0.0187 0.0100
3 0.3097 0.9472 0.0163 0.0100
3 0.4113 0.9484 0.0163 0.0125
3 0.6175 0.5309 0.0163 0.0212
3 0.4094 0.9369 0.0187 0.0112
3 0.1041 0.5909 0.0238 0.0225
3 0.0450 0.5569 0.0150 0.0200
3 0.2591 0.7063 0.0275 0.0187
3 0.1716 0.7816 0.0212 0.0225
3 0.4237 0.7919 0.0225 0.0150
3 0.4997 0.2703 0.0150 0.0250
3 0.8825 0.0609 0.0212 0.0187
3 0.8909 0.0522 0.0225 0.0138
3 0.8997 0.0425 0.0212 0.0163
3 0.9256 0.0506 0.0200 0.0200
3 0.9350 0.0419 0.0263 0.0275
3 0.9137 0.0228 0.0212 0.0238
3 0.4866 0.0406 0.0200 0.0125
3 0.4731 0.3003 0.0212 0.0287
3 0.4344 0.6006 0.0250 0.0200
3 0.2731 0.0216 0.0212 0.0150
3 0.1337 0.2638 0.0300 0.0462
3 0.2894 0.1406 0.0663 0.0250
3 0.3769 0.2256 0.0600 0.0263
3 0.3812 0.3147 0.0250 0.0450
3 0.5706 0.7100 0.0225 0.0200
3 0.6278 0.8256 0.0212 0.0138
3 0.0944 0.9622 0.0200 0.0150
3 0.6334 0.6150 0.0200 0.0238
3 0.6656 0.6594 0.0187 0.0250
3 0.6116 0.6013 0.0200 0.0212
3 0.6075 0.5559 0.0212 0.0275
3 0.6619 0.8969 0.0175 0.0250
3 0.6425 0.8841 0.0163 0.0212
3 0.1638 0.8700 0.0212 0.0087
3 0.2369 0.9012 0.0175 0.0087
3 0.2569 0.9031 0.0200 0.0125
3 0.3125 0.9231 0.0187 0.0087
3 0.3084 0.9350 0.0200 0.0138
3 0.3306 0.9253 0.0175 0.0100
3 0.3328 0.9481 0.0187 0.0087
3 0.3312 0.9587 0.0187 0.0112
3 0.3291 0.9706 0.0175 0.0100
3 0.3269 0.9856 0.0225 0.0150
3 0.5097 0.8800 0.0100 0.0225
3 0.4847 0.9581 0.0225 0.0100
3 0.4841 0.9706 0.0212 0.0100
3 0.4838 0.9825 0.0175 0.0087
3 0.4806 0.9931 0.0175 0.0112
3 0.4066 0.9713 0.0225 0.0112
3 0.4650 0.9428 0.0175 0.0138
3 0.4600 0.9572 0.0200 0.0112
3 0.4641 0.9672 0.0187 0.0125
3 0.4622 0.9784 0.0212 0.0100
3 0.4597 0.9900 0.0225 0.0112
3 0.4578 0.9981 0.0187 0.0025
3 0.4872 0.9463 0.0212 0.0112
3 0.4069 0.9844 0.0200 0.0125
3 0.4047 0.9991 0.0187 0.0013
3 0.3834 0.9925 0.0200 0.0100
3 0.3856 0.9675 0.0212 0.0100
3 0.3853 0.9594 0.0238 0.0125
3 0.3872 0.9378 0.0275 0.0100
3 0.1578 0.8906 0.0187 0.0125
3 0.4850 0.8797 0.0138 0.0187
3 0.6306 0.8806 0.0175 0.0238
3 0.4763 0.8794 0.0087 0.0212
3 0.2484 0.8325 0.0187 0.0212
3 0.2800 0.8472 0.0163 0.0225
3 0.3138 0.8606 0.0150 0.0275
3 0.3344 0.8653 0.0125 0.0212
3 0.3600 0.8706 0.0138 0.0225
3 0.3716 0.8744 0.0150 0.0238
3 0.3850 0.8741 0.0138 0.0200
3 0.3962 0.8750 0.0112 0.0250
3 0.4062 0.8769 0.0125 0.0225
3 0.4291 0.8778 0.0112 0.0212
3 0.4406 0.8791 0.0125 0.0238
3 0.4544 0.8809 0.0087 0.0212
3 0.4669 0.8775 0.0150 0.0238
3 0.0097 0.9603 0.0163 0.0112
3 0.0097 0.9488 0.0163 0.0100
3 0.0103 0.9369 0.0175 0.0112
3 0.0078 0.9838 0.0125 0.0112
3 0.0059 0.9950 0.0087 0.0087
3 0.6219 0.9534 0.0187 0.0100
3 0.6247 0.9647 0.0212 0.0138
3 0.6181 0.9978 0.0175 0.0050
3 0.5637 0.9572 0.0212 0.0112
3 0.5591 0.9938 0.0212 0.0125
3 0.6178 0.8781 0.0138 0.0250
3 0.6381 0.9988 0.0200 0.0037
3 0.6403 0.9800 0.0212 0.0100
3 0.6403 0.9909 0.0212 0.0100
3 0.6206 0.9778 0.0225 0.0150
3 0.6169 0.9894 0.0212 0.0100
3 0.5400 0.9437 0.0238 0.0125
3 0.5625 0.9456 0.0187 0.0100
3 0.5403 0.9550 0.0212 0.0100
3 0.5416 0.9650 0.0175 0.0112
3 0.5388 0.9759 0.0212 0.0112
3 0.5375 0.9884 0.0187 0.0112
3 0.5381 0.9988 0.0200 0.0037
3 0.3478 0.8700 0.0112 0.0212
