3 0.0544 0.1234 0.0150 0.0063
3 0.0725 0.1256 0.0138 0.0075
3 0.2281 0.1569 0.0125 0.0075
3 0.2641 0.4028 0.0063 0.0150
3 0.3069 0.5922 0.0075 0.0125
3 0.3506 0.5206 0.0075 0.0163
3 0.3144 0.6075 0.0100 0.0150
3 0.2984 0.6247 0.0125 0.0087
3 0.3025 0.6347 0.0112 0.0100
3 0.0597 0.5444 0.0100 0.0138
3 0.0884 0.6456 0.0112 0.0100
3 0.1247 0.6412 0.0087 0.0138
3 0.1709 0.7981 0.0075 0.0150
3 0.1903 0.8031 0.0087 0.0125
3 0.3869 0.9891 0.0050 0.0125
3 0.3875 0.9725 0.0063 0.0138
3 0.3859 0.9569 0.0063 0.0138
3 0.3881 0.9350 0.0075 0.0138
3 0.3897 0.9219 0.0075 0.0125
3 0.3937 0.9016 0.0063 0.0125
3 0.4006 0.8519 0.0075 0.0225
3 0.3812 0.7741 0.0125 0.0075
3 0.5484 0.0222 0.0125 0.0100
3 0.5763 0.0450 0.0087 0.0150
3 0.5750 0.0622 0.0063 0.0150
3 0.5975 0.0716 0.0075 0.0150
3 0.5609 0.1053 0.0063 0.0138
3 0.5678 0.1081 0.0075 0.0163
3 0.5903 0.1044 0.0087 0.0150
3 0.6106 0.1084 0.0087 0.0138
3 0.6172 0.1084 0.0063 0.0138
3 0.6178 0.1350 0.0075 0.0138
3 0.6022 0.1344 0.0075 0.0125
3 0.5988 0.1600 0.0100 0.0138
3 0.6131 0.1606 0.0075 0.0150
3 0.5266 0.1122 0.0063 0.0150
3 0.5350 0.1128 0.0075 0.0163
3 0.5428 0.1156 0.0075 0.0125
3 0.5384 0.1406 0.0050 0.0125
3 0.5312 0.1413 0.0063 0.0138
3 0.5234 0.1391 0.0063 0.0125
3 0.5272 0.1512 0.0138 0.0087
3 0.6031 0.2172 0.0063 0.0125
3 0.5750 0.2138 0.0063 0.0150
3 0.5178 0.2388 0.0075 0.0150
3 0.5687 0.2487 0.0063 0.0163
3 0.5631 0.2841 0.0075 0.0150
3 0.5056 0.3156 0.0050 0.0125
3 0.5116 0.3147 0.0075 0.0138
3 0.5334 0.3153 0.0075 0.0150
3 0.5569 0.3175 0.0075 0.0163
3 0.4944 0.3444 0.0075 0.0138
3 0.5000 0.3453 0.0063 0.0125
3 0.5069 0.3453 0.0075 0.0125
3 0.5131 0.3466 0.0075 0.0150
3 0.5266 0.3563 0.0063 0.0125
3 0.5491 0.3656 0.0075 0.0125
3 0.5756 0.3766 0.0075 0.0125
3 0.5103 0.3594 0.0050 0.0125
3 0.5047 0.3600 0.0063 0.0138
3 0.4978 0.3584 0.0050 0.0138
3 0.4922 0.3572 0.0063 0.0112
3 0.4875 0.3875 0.0063 0.0125
3 0.4938 0.3881 0.0063 0.0138
3 0.5000 0.3881 0.0063 0.0138
3 0.5188 0.4009 0.0063 0.0112
3 0.4969 0.4019 0.0063 0.0100
3 0.4859 0.4022 0.0063 0.0138
3 0.5428 0.4119 0.0075 0.0112
3 0.5406 0.4250 0.0063 0.0125
3 0.5012 0.4606 0.0087 0.0150
3 0.5138 0.4731 0.0150 0.0087
3 0.5912 0.4322 0.0075 0.0112
3 0.5884 0.4562 0.0050 0.0125
3 0.5819 0.4562 0.0075 0.0125
3 0.5734 0.4556 0.0063 0.0112
3 0.5706 0.4959 0.0100 0.0138
3 0.5169 0.5012 0.0087 0.0150
3 0.5325 0.5219 0.0087 0.0125
3 0.5544 0.5162 0.0087 0.0138
3 0.5759 0.5556 0.0112 0.0175
3 0.6450 0.5550 0.0087 0.0163
3 0.6081 0.5719 0.0100 0.0125
3 0.6019 0.6116 0.0100 0.0138
3 0.6616 0.6491 0.0138 0.0075
3 0.6438 0.6691 0.0125 0.0100
3 0.6756 0.6522 0.0138 0.0075
3 0.6591 0.6747 0.0150 0.0087
3 0.6747 0.6763 0.0150 0.0087
3 0.6944 0.6559 0.0138 0.0087
3 0.7350 0.6606 0.0138 0.0087
3 0.6719 0.7044 0.0125 0.0087
3 0.5894 0.7400 0.0100 0.0112
3 0.6091 0.7541 0.0087 0.0112
3 0.6697 0.7584 0.0112 0.0075
3 0.6919 0.7625 0.0150 0.0063
3 0.6881 0.7772 0.0138 0.0075
3 0.6894 0.7828 0.0100 0.0063
3 0.7772 0.7737 0.0200 0.0100
3 0.7100 0.7116 0.0138 0.0075
3 0.7119 0.7037 0.0175 0.0075
3 0.7141 0.6831 0.0125 0.0100
3 0.7291 0.6834 0.0112 0.0075
3 0.7444 0.6872 0.0138 0.0087
3 0.7816 0.6944 0.0163 0.0075
3 0.8653 0.7069 0.0150 0.0075
3 0.7997 0.6641 0.0150 0.0063
3 0.8044 0.6512 0.0150 0.0087
3 0.7709 0.6678 0.0138 0.0075
3 0.7969 0.6703 0.0125 0.0063
3 0.8597 0.6819 0.0163 0.0075
3 0.8969 0.6459 0.0125 0.0075
3 0.8962 0.6647 0.0112 0.0075
3 0.8953 0.6872 0.0125 0.0087
3 0.9938 0.7266 0.0125 0.0063
3 0.9094 0.7131 0.0125 0.0075
3 0.6375 0.0263 0.0187 0.0087
3 0.5988 0.0594 0.0100 0.0187
3 0.6344 0.0328 0.0125 0.0063
3 0.6681 0.0316 0.0175 0.0100
3 0.6731 0.0184 0.0150 0.0087
3 0.7147 0.0272 0.0138 0.0075
3 0.7000 0.0609 0.0125 0.0063
3 0.7141 0.0563 0.0125 0.0063
3 0.7141 0.0694 0.0125 0.0075
3 0.7509 0.0694 0.0112 0.0075
3 0.7531 0.0356 0.0125 0.0087
3 0.7934 0.0203 0.0150 0.0063
3 0.8094 0.0250 0.0125 0.0063
3 0.8481 0.0584 0.0150 0.0075
3 0.8391 0.0309 0.0125 0.0087
3 0.8631 0.0116 0.0138 0.0075
3 0.8569 0.0356 0.0138 0.0087
3 0.8516 0.1219 0.0063 0.0125
3 0.8694 0.1266 0.0075 0.0125
3 0.9000 0.1328 0.0063 0.0125
3 0.8969 0.1437 0.0063 0.0125
3 0.9009 0.0194 0.0050 0.0138
3 0.9069 0.0219 0.0075 0.0125
3 0.9147 0.0228 0.0075 0.0112
3 0.9556 0.0338 0.0112 0.0112
3 0.9281 0.0200 0.0125 0.0087
3 0.9194 0.0512 0.0138 0.0087
3 0.9053 0.0484 0.0138 0.0063
3 0.8959 0.0450 0.0138 0.0087
3 0.9653 0.1131 0.0150 0.0075
3 0.9844 0.1087 0.0063 0.0112
3 0.8637 0.1684 0.0087 0.0150
3 0.8875 0.1731 0.0063 0.0150
3 0.9016 0.1747 0.0063 0.0150
3 0.9072 0.1762 0.0050 0.0150
3 0.9000 0.1872 0.0063 0.0150
3 0.9056 0.1891 0.0050 0.0125
3 0.9119 0.1900 0.0050 0.0112
3 0.9187 0.1922 0.0063 0.0125
3 0.9250 0.1928 0.0063 0.0138
3 0.9194 0.2241 0.0075 0.0138
3 0.8984 0.2497 0.0063 0.0150
3 0.8944 0.2641 0.0075 0.0125
3 0.8756 0.2466 0.0075 0.0150
3 0.8506 0.2547 0.0075 0.0125
3 0.8200 0.3175 0.0087 0.0163
3 0.8247 0.3513 0.0150 0.0087
3 0.8238 0.3584 0.0163 0.0075
3 0.8225 0.3725 0.0138 0.0075
3 0.8231 0.3663 0.0150 0.0075
3 0.8500 0.3544 0.0063 0.0150
3 0.8562 0.3550 0.0063 0.0163
3 0.8656 0.3269 0.0125 0.0100
3 0.8703 0.3325 0.0125 0.0087
3 0.9700 0.3844 0.0087 0.0187
3 0.8412 0.3975 0.0075 0.0138
3 0.8491 0.3975 0.0075 0.0138
3 0.8538 0.3984 0.0075 0.0125
3 0.8616 0.3997 0.0075 0.0150
3 0.8662 0.4028 0.0075 0.0150
3 0.8731 0.4050 0.0087 0.0163
3 0.8625 0.3550 0.0063 0.0163
3 0.9031 0.3334 0.0063 0.0138
