3 0.0675 0.1019 0.0287 0.0350
3 0.0584 0.0775 0.0263 0.0300
3 0.0619 0.0528 0.0238 0.0275
3 0.0203 0.0759 0.0187 0.0238
3 0.0988 0.1219 0.0225 0.0312
3 0.0797 0.1050 0.0250 0.0287
3 0.3006 0.2719 0.0325 0.0250
3 0.1844 0.2422 0.0312 0.0250
3 0.2019 0.1819 0.0287 0.0325
3 0.0706 0.2159 0.0225 0.0163
3 0.0541 0.2091 0.0175 0.0150
3 0.0409 0.2013 0.0225 0.0150
3 0.0319 0.1906 0.0200 0.0125
3 0.0072 0.1756 0.0112 0.0138
3 0.0944 0.2313 0.0200 0.0125
3 0.1056 0.2400 0.0238 0.0175
3 0.0078 0.6575 0.0125 0.0150
3 0.0128 0.6687 0.0225 0.0125
3 0.0256 0.6763 0.0263 0.0150
3 0.0372 0.6856 0.0275 0.0150
3 0.0531 0.6919 0.0250 0.0150
3 0.0681 0.7019 0.0300 0.0163
3 0.1969 0.7806 0.0187 0.0175
3 0.1831 0.7747 0.0225 0.0150
3 0.0272 0.7806 0.0263 0.0238
3 0.0762 0.8444 0.0275 0.0200
3 0.1700 0.7647 0.0212 0.0138
3 0.0163 0.8731 0.0263 0.0212
3 0.0400 0.8878 0.0238 0.0163
3 0.0853 0.9163 0.0238 0.0200
3 0.1181 0.8425 0.0238 0.0225
3 0.0397 0.8103 0.0263 0.0175
3 0.1853 0.8434 0.0300 0.0212
3 0.0741 0.7794 0.0263 0.0212
3 0.1116 0.7822 0.0263 0.0175
3 0.1447 0.7856 0.0238 0.0212
3 0.0816 0.7100 0.0225 0.0138
3 0.1241 0.7331 0.0200 0.0163
3 0.1512 0.7144 0.0212 0.0225
3 0.1712 0.6591 0.0175 0.0212
3 0.1606 0.7569 0.0212 0.0138
3 0.8191 0.2997 0.0287 0.0212
3 0.7756 0.1844 0.0325 0.0187
3 0.6303 0.1400 0.0762 0.0488
3 0.9359 0.3153 0.0312 0.0275
3 0.7844 0.5450 0.0250 0.0275
3 0.8934 0.3109 0.0713 0.0500
3 0.7528 0.2672 0.0275 0.0312
3 0.4775 0.9175 0.0238 0.0163
3 0.5281 0.9784 0.0250 0.0163
3 0.5128 0.9681 0.0225 0.0175
3 0.4859 0.9544 0.0250 0.0150
3 0.5025 0.9600 0.0238 0.0138
3 0.4716 0.9484 0.0212 0.0125
3 0.4875 0.9344 0.0187 0.0125
3 0.4606 0.9387 0.0212 0.0150
3 0.9450 0.8216 0.0087 0.0212
3 0.4484 0.9306 0.0250 0.0175
3 0.4397 0.9225 0.0263 0.0138
3 0.4222 0.9163 0.0225 0.0138
3 0.4113 0.9597 0.0225 0.0163
3 0.3581 0.8772 0.0225 0.0138
3 0.3450 0.8691 0.0212 0.0163
3 0.9531 0.8231 0.0125 0.0212
3 0.9334 0.8197 0.0138 0.0238
3 0.3172 0.8541 0.0250 0.0175
3 0.7838 0.7322 0.0112 0.0175
3 0.6853 0.6759 0.0112 0.0238
3 0.7000 0.6838 0.0125 0.0238
3 0.7100 0.6894 0.0138 0.0225
3 0.7388 0.7091 0.0087 0.0275
3 0.7503 0.7137 0.0163 0.0275
3 0.7744 0.7259 0.0112 0.0238
3 0.8106 0.7494 0.0087 0.0175
3 0.9184 0.8122 0.0087 0.0212
3 0.8328 0.7594 0.0125 0.0187
3 0.8456 0.7688 0.0100 0.0187
3 0.8656 0.7775 0.0125 0.0238
3 0.8750 0.7831 0.0125 0.0225
3 0.8962 0.8009 0.0112 0.0175
3 0.9091 0.8103 0.0087 0.0175
3 0.3316 0.8619 0.0225 0.0175
3 0.3075 0.8447 0.0212 0.0175
3 0.5541 0.4319 0.0300 0.0325
3 0.2672 0.8944 0.0250 0.0200
3 0.2138 0.7888 0.0212 0.0150
3 0.2919 0.8369 0.0212 0.0175
3 0.2781 0.8300 0.0187 0.0163
3 0.2662 0.8213 0.0200 0.0175
3 0.2503 0.8144 0.0225 0.0163
3 0.2428 0.8044 0.0263 0.0150
3 0.2266 0.7978 0.0250 0.0175
3 0.1072 0.1350 0.0175 0.0200
3 0.1053 0.0769 0.0200 0.0225
3 0.1250 0.1150 0.0187 0.0238
3 0.6863 0.8484 0.0163 0.0250
3 0.5484 0.5878 0.0125 0.0225
3 0.5394 0.5844 0.0100 0.0250
3 0.3231 0.3725 0.0275 0.0138
3 0.1894 0.2872 0.0225 0.0150
3 0.1997 0.2975 0.0212 0.0138
3 0.2100 0.3031 0.0200 0.0125
3 0.2775 0.3456 0.0238 0.0163
3 0.2916 0.3538 0.0238 0.0138
3 0.3056 0.3616 0.0238 0.0138
3 0.3344 0.3800 0.0250 0.0163
3 0.1450 0.2662 0.0212 0.0138
3 0.3456 0.3872 0.0225 0.0150
3 0.3597 0.3925 0.0225 0.0163
3 0.3881 0.4106 0.0263 0.0150
3 0.3997 0.4200 0.0212 0.0150
3 0.4103 0.4291 0.0238 0.0175
3 0.4225 0.4362 0.0200 0.0163
3 0.1709 0.2797 0.0200 0.0125
3 0.1319 0.2566 0.0200 0.0163
3 0.5253 0.5828 0.0100 0.0187
3 0.6713 0.4688 0.0175 0.0250
3 0.9275 0.6819 0.0738 0.0512
3 0.7459 0.5728 0.0450 0.0362
3 0.6294 0.2891 0.0212 0.0187
3 0.6191 0.4362 0.0163 0.0225
3 0.6506 0.4591 0.0200 0.0275
3 0.4175 0.3638 0.0287 0.0212
3 0.1206 0.2481 0.0225 0.0150
3 0.1078 0.4700 0.0187 0.0212
3 0.1519 0.4412 0.0225 0.0263
3 0.1656 0.4213 0.0187 0.0238
3 0.1462 0.3997 0.0175 0.0212
3 0.2384 0.3200 0.0175 0.0150
3 0.2528 0.3306 0.0212 0.0175
3 0.4419 0.4425 0.0212 0.0163
3 0.5537 0.5072 0.0200 0.0175
3 0.4559 0.4487 0.0212 0.0163
3 0.9019 0.7213 0.0225 0.0175
3 0.9938 0.7747 0.0125 0.0150
3 0.9659 0.7597 0.0225 0.0163
3 0.9441 0.7434 0.0225 0.0150
3 0.9303 0.7359 0.0200 0.0187
3 0.9144 0.7275 0.0225 0.0175
3 0.7947 0.6491 0.0112 0.0263
3 0.4659 0.4619 0.0225 0.0175
3 0.3922 0.4713 0.0250 0.0238
3 0.4097 0.5078 0.0100 0.0250
3 0.3969 0.5034 0.0125 0.0225
3 0.4203 0.5156 0.0125 0.0250
3 0.4297 0.5225 0.0125 0.0263
3 0.4437 0.5322 0.0125 0.0238
3 0.1578 0.3606 0.0125 0.0275
3 0.1475 0.3525 0.0138 0.0238
3 0.1344 0.3475 0.0125 0.0263
3 0.1931 0.3844 0.0112 0.0250
3 0.2025 0.3856 0.0112 0.0275
3 0.2150 0.3959 0.0112 0.0263
3 0.2259 0.4012 0.0112 0.0275
3 0.2450 0.4150 0.0087 0.0238
3 0.2547 0.4197 0.0125 0.0238
3 0.2794 0.4275 0.0087 0.0238
3 0.2691 0.4281 0.0100 0.0250
3 0.5344 0.0328 0.0125 0.0187
3 0.5441 0.0412 0.0163 0.0200
3 0.1313 0.0881 0.0187 0.0200
3 0.4206 0.3856 0.0225 0.0150
3 0.4734 0.9822 0.0187 0.0112
3 0.7216 0.7541 0.0150 0.0238
3 0.6987 0.7466 0.0163 0.0212
3 0.8238 0.7359 0.0287 0.0187
3 0.8300 0.5575 0.0163 0.0212
