3 0.2938 0.0672 0.0250 0.0125
3 0.2844 0.0797 0.0250 0.0125
3 0.1169 0.0116 0.0150 0.0200
3 0.1331 0.0047 0.0100 0.0063
3 0.1575 0.0097 0.0150 0.0163
3 0.1744 0.0194 0.0175 0.0200
3 0.4525 0.0775 0.0112 0.0238
3 0.1425 0.0284 0.0163 0.0163
3 0.1544 0.0334 0.0150 0.0200
3 0.1606 0.0397 0.0150 0.0200
3 0.1734 0.0447 0.0187 0.0238
3 0.1825 0.0512 0.0150 0.0150
3 0.2994 0.0544 0.0238 0.0150
3 0.4644 0.0872 0.0100 0.0212
3 0.2747 0.0953 0.0212 0.0125
3 0.5953 0.1684 0.0125 0.0212
3 0.1616 0.1400 0.0263 0.0300
3 0.6297 0.1850 0.0125 0.0200
3 0.5588 0.1416 0.0112 0.0238
3 0.5463 0.1366 0.0112 0.0200
3 0.5619 0.1650 0.0175 0.0238
3 0.5691 0.1450 0.0100 0.0150
3 0.5188 0.1131 0.0187 0.0200
3 0.4734 0.0928 0.0125 0.0200
3 0.4994 0.1256 0.0175 0.0200
3 0.5066 0.1056 0.0163 0.0175
3 0.3778 0.0222 0.0150 0.0163
3 0.4059 0.0613 0.0150 0.0225
3 0.4216 0.0631 0.0150 0.0200
3 0.4428 0.0706 0.0138 0.0225
3 0.1891 0.0547 0.0187 0.0250
3 0.2656 0.1078 0.0187 0.0125
3 0.0494 0.4000 0.0238 0.0187
3 0.2394 0.0041 0.0100 0.0050
3 0.2587 0.0072 0.0175 0.0112
3 0.2578 0.1216 0.0187 0.0087
3 0.2206 0.0681 0.0225 0.0175
3 0.2138 0.2000 0.0212 0.0125
3 0.2213 0.1884 0.0238 0.0175
3 0.2291 0.1759 0.0238 0.0175
3 0.2513 0.1363 0.0212 0.0100
3 0.2388 0.0384 0.0212 0.0175
3 0.2266 0.0578 0.0250 0.0187
3 0.1375 0.1319 0.0187 0.0200
3 0.0900 0.0550 0.0238 0.0163
3 0.1150 0.0903 0.0238 0.0212
3 0.1206 0.1038 0.0225 0.0200
3 0.1297 0.1256 0.0187 0.0200
3 0.1609 0.1137 0.0187 0.0212
3 0.1491 0.1363 0.0200 0.0225
3 0.7100 0.1519 0.0263 0.0163
3 0.6950 0.1431 0.0212 0.0175
3 0.6756 0.1266 0.0200 0.0125
3 0.8175 0.1019 0.0287 0.0350
3 0.8084 0.0775 0.0263 0.0300
3 0.8119 0.0528 0.0238 0.0275
3 0.7703 0.0759 0.0187 0.0238
3 0.7441 0.0484 0.0225 0.0250
3 0.6631 0.0072 0.0200 0.0112
3 0.8488 0.1219 0.0225 0.0312
3 0.5625 0.0166 0.0437 0.0300
3 0.8297 0.1050 0.0250 0.0287
3 0.5281 0.0372 0.0250 0.0150
3 0.9344 0.2422 0.0312 0.0250
3 0.9519 0.1819 0.0287 0.0325
3 0.4688 0.0184 0.0563 0.0338
3 0.4903 0.0716 0.0150 0.0212
3 0.7272 0.1594 0.0200 0.0125
3 0.8206 0.2159 0.0225 0.0163
3 0.8041 0.2091 0.0175 0.0150
3 0.7909 0.2013 0.0225 0.0150
3 0.7819 0.1906 0.0200 0.0125
3 0.7500 0.1762 0.0250 0.0150
3 0.7409 0.1663 0.0225 0.0138
3 0.6591 0.1200 0.0212 0.0150
3 0.5056 0.0603 0.0238 0.0175
3 0.6444 0.1106 0.0200 0.0150
3 0.6319 0.1034 0.0200 0.0163
3 0.6194 0.0934 0.0200 0.0150
3 0.6062 0.0850 0.0187 0.0138
3 0.5828 0.0700 0.0187 0.0150
3 0.5659 0.0594 0.0225 0.0125
3 0.8444 0.2313 0.0200 0.0125
3 0.8556 0.2400 0.0238 0.0175
3 0.5116 0.0284 0.0263 0.0163
3 0.4987 0.0200 0.0225 0.0150
3 0.4834 0.0116 0.0200 0.0138
3 0.4700 0.0072 0.0212 0.0112
3 0.4597 0.5406 0.0225 0.0187
3 0.1656 0.9069 0.0250 0.0200
3 0.2422 0.9641 0.0187 0.0187
3 0.2294 0.9563 0.0150 0.0187
3 0.2534 0.9469 0.0163 0.0187
3 0.0981 0.8506 0.0150 0.0200
3 0.1087 0.8856 0.0175 0.0150
3 0.1025 0.8953 0.0175 0.0187
3 0.1897 0.9169 0.0200 0.0212
3 0.0638 0.8219 0.0212 0.0250
3 0.0784 0.8378 0.0163 0.0225
3 0.0875 0.8469 0.0187 0.0250
3 0.2769 0.9800 0.0163 0.0163
3 0.2625 0.9512 0.0187 0.0212
3 0.2575 0.9784 0.0212 0.0163
3 0.4550 0.7403 0.0163 0.0212
3 0.4231 0.7922 0.0150 0.0187
3 0.3497 0.9163 0.0150 0.0200
3 0.2875 0.9713 0.0187 0.0175
3 0.2919 0.9613 0.0212 0.0163
3 0.3194 0.4191 0.0263 0.0225
3 0.1150 0.8753 0.0175 0.0163
3 0.1212 0.8644 0.0175 0.0100
3 0.0966 0.8659 0.0212 0.0163
3 0.7209 0.6162 0.0263 0.0200
3 0.6481 0.5737 0.0212 0.0163
3 0.6338 0.5806 0.0238 0.0175
3 0.6903 0.6547 0.0212 0.0187
3 0.6331 0.6169 0.0225 0.0150
3 0.6519 0.5938 0.0225 0.0187
3 0.6778 0.6059 0.0275 0.0212
3 0.7119 0.6416 0.0238 0.0112
3 0.5862 0.5525 0.0287 0.0175
3 0.7312 0.6497 0.0250 0.0150
3 0.7525 0.6594 0.0238 0.0187
3 0.7619 0.6687 0.0238 0.0125
3 0.7756 0.6763 0.0263 0.0150
3 0.7872 0.6856 0.0275 0.0150
3 0.8031 0.6919 0.0250 0.0150
3 0.6125 0.5691 0.0250 0.0163
3 0.3353 0.6334 0.0238 0.0200
3 0.1275 0.8553 0.0175 0.0138
3 0.4138 0.4491 0.0275 0.0200
3 0.3384 0.3891 0.0238 0.0187
3 0.3181 0.3956 0.0238 0.0163
3 0.1788 0.2888 0.0263 0.0212
3 0.3434 0.4091 0.0212 0.0150
3 0.3653 0.4234 0.0212 0.0187
3 0.3909 0.4362 0.0287 0.0225
3 0.2194 0.3800 0.0325 0.0287
3 0.2747 0.5978 0.0275 0.0175
3 0.1725 0.3847 0.0263 0.0225
3 0.3481 0.4713 0.0275 0.0238
3 0.1975 0.4388 0.0263 0.0212
3 0.1475 0.4684 0.0325 0.0212
3 0.3984 0.5491 0.0250 0.0200
3 0.4113 0.5797 0.0225 0.0187
3 0.8181 0.7019 0.0300 0.0163
3 0.9469 0.7806 0.0187 0.0175
3 0.9331 0.7747 0.0225 0.0150
3 0.6266 0.7903 0.0250 0.0212
3 0.2431 0.5109 0.0238 0.0187
3 0.2225 0.5634 0.0263 0.0175
3 0.7772 0.7806 0.0263 0.0238
3 0.8262 0.8444 0.0275 0.0200
3 0.7288 0.7894 0.0263 0.0225
3 0.5769 0.7069 0.0225 0.0200
3 0.6731 0.8166 0.0212 0.0175
3 0.9200 0.7647 0.0212 0.0138
3 0.6963 0.8337 0.0238 0.0238
3 0.7225 0.8491 0.0263 0.0200
3 0.7434 0.8613 0.0212 0.0163
3 0.7662 0.8731 0.0263 0.0212
3 0.7900 0.8878 0.0238 0.0163
3 0.8353 0.9163 0.0238 0.0200
3 0.5166 0.6444 0.0238 0.0200
3 0.5456 0.6391 0.0225 0.0187
3 0.6156 0.6825 0.0250 0.0212
3 0.8681 0.8425 0.0238 0.0225
3 0.7897 0.8103 0.0263 0.0175
3 0.9353 0.8434 0.0300 0.0212
3 0.8241 0.7794 0.0263 0.0212
3 0.7294 0.7188 0.0212 0.0187
3 0.6519 0.6766 0.0225 0.0187
3 0.5316 0.5941 0.0287 0.0225
3 0.8616 0.7822 0.0263 0.0175
3 0.8947 0.7856 0.0238 0.0212
3 0.8316 0.7100 0.0225 0.0138
3 0.8741 0.7331 0.0200 0.0163
3 0.9012 0.7144 0.0212 0.0225
3 0.9213 0.6591 0.0175 0.0212
3 0.9106 0.7569 0.0212 0.0138
3 0.1922 0.0275 0.0125 0.0175
3 0.1669 0.0097 0.0150 0.0163
3 0.9637 0.7888 0.0212 0.0150
3 0.9947 0.8162 0.0112 0.0138
3 0.9897 0.8044 0.0200 0.0150
3 0.9766 0.7978 0.0250 0.0175
3 0.2506 0.0200 0.0200 0.0150
3 0.0966 0.0034 0.0087 0.0037
3 0.8572 0.1350 0.0175 0.0200
3 0.6963 0.0116 0.0175 0.0200
3 0.6784 0.0109 0.0163 0.0187
3 0.8553 0.0769 0.0200 0.0225
3 0.8750 0.1150 0.0187 0.0238
3 0.9394 0.2872 0.0225 0.0150
3 0.9497 0.2975 0.0212 0.0138
3 0.9600 0.3031 0.0200 0.0125
3 0.8950 0.2662 0.0212 0.0138
3 0.9209 0.2797 0.0200 0.0125
3 0.8819 0.2566 0.0200 0.0163
3 0.8706 0.2481 0.0225 0.0150
3 0.8578 0.4700 0.0187 0.0212
3 0.9019 0.4412 0.0225 0.0263
3 0.9156 0.4213 0.0187 0.0238
3 0.8962 0.3997 0.0175 0.0212
3 0.9884 0.3200 0.0175 0.0150
3 0.9959 0.3328 0.0075 0.0125
3 0.9078 0.3606 0.0125 0.0275
3 0.8975 0.3525 0.0138 0.0238
3 0.8844 0.3475 0.0125 0.0263
3 0.9431 0.3844 0.0112 0.0250
3 0.9525 0.3856 0.0112 0.0275
3 0.9650 0.3959 0.0112 0.0263
3 0.9759 0.4012 0.0112 0.0275
3 0.9950 0.4150 0.0087 0.0238
3 0.6075 0.6987 0.0212 0.0163
3 0.6925 0.7347 0.0225 0.0163
3 0.7731 0.7338 0.0212 0.0175
3 0.0522 0.2787 0.0263 0.0200
3 0.8800 0.0887 0.0225 0.0212
3 0.2419 0.9381 0.0150 0.0200
