3 0.2112 0.5928 0.0100 0.0263
3 0.1900 0.5919 0.0112 0.0275
3 0.1553 0.5906 0.0138 0.0250
3 0.1425 0.5894 0.0100 0.0287
3 0.1672 0.7453 0.0312 0.0125
3 0.1581 0.7781 0.0225 0.0125
3 0.2325 0.7634 0.0275 0.0112
3 0.2313 0.7822 0.0250 0.0112
3 0.2650 0.5478 0.0238 0.0112
3 0.2669 0.4025 0.0275 0.0112
3 0.2644 0.3837 0.0225 0.0112
3 0.1228 0.5275 0.0238 0.0112
3 0.0778 0.1997 0.0275 0.0087
3 0.1716 0.2062 0.0275 0.0312
3 0.1294 0.2906 0.0275 0.0125
3 0.1275 0.3206 0.0238 0.0100
3 0.1288 0.3469 0.0263 0.0125
3 0.1253 0.3681 0.0225 0.0112
3 0.1237 0.3837 0.0225 0.0112
3 0.1244 0.4072 0.0175 0.0112
3 0.1244 0.4531 0.0238 0.0125
3 0.7656 0.6797 0.0312 0.0125
3 0.8319 0.7156 0.0325 0.0125
3 0.9459 0.7188 0.0263 0.0125
3 0.3287 0.9062 0.0138 0.0250
3 0.3275 0.8309 0.0175 0.0588
3 0.3519 0.8128 0.0287 0.0600
3 0.6516 0.6953 0.0187 0.0125
3 0.6378 0.7147 0.0287 0.0138
3 0.5819 0.7112 0.0325 0.0163
3 0.5341 0.6772 0.0212 0.0138
3 0.4719 0.9981 0.0125 0.0025
3 0.3578 0.3006 0.0125 0.0200
3 0.8506 0.2128 0.0263 0.0163
3 0.2875 0.6484 0.0187 0.0250
3 0.4400 0.6728 0.0238 0.0112
3 0.4175 0.6894 0.0287 0.0100
3 0.4156 0.7078 0.0250 0.0125
3 0.4597 0.6900 0.0287 0.0112
3 0.5181 0.6937 0.0238 0.0125
3 0.9788 0.1347 0.0138 0.0225
3 0.9894 0.0041 0.0100 0.0050
3 0.8538 0.7609 0.0263 0.0125
