3 0.4253 0.2878 0.0163 0.0287
3 0.4891 0.2875 0.0125 0.0250
3 0.5266 0.2897 0.0125 0.0263
3 0.5019 0.2897 0.0100 0.0263
3 0.5687 0.2900 0.0125 0.0238
3 0.5837 0.2853 0.0112 0.0238
3 0.6081 0.2913 0.0100 0.0263
3 0.0047 0.2778 0.0063 0.0275
3 0.0156 0.2787 0.0125 0.0263
3 0.0672 0.2784 0.0125 0.0225
3 0.0519 0.2781 0.0100 0.0250
3 0.0400 0.2794 0.0112 0.0275
3 0.1819 0.2838 0.0138 0.0238
3 0.1941 0.2834 0.0100 0.0263
3 0.2072 0.2834 0.0112 0.0263
3 0.2216 0.2816 0.0150 0.0225
3 0.0106 0.5222 0.0150 0.0287
3 0.0412 0.5241 0.0138 0.0263
3 0.0544 0.5256 0.0150 0.0263
3 0.0028 0.4644 0.0025 0.0225
3 0.0112 0.4644 0.0100 0.0225
3 0.0228 0.4622 0.0112 0.0212
3 0.0281 0.5222 0.0125 0.0287
3 0.0378 0.5887 0.0287 0.0275
3 0.0041 0.3694 0.0050 0.0200
3 0.0119 0.3706 0.0112 0.0225
3 0.0250 0.3725 0.0125 0.0263
3 0.0275 0.3409 0.0112 0.0287
3 0.0156 0.3403 0.0125 0.0275
3 0.0053 0.3397 0.0075 0.0263
3 0.0041 0.4344 0.0050 0.0250
3 0.0131 0.4316 0.0138 0.0287
3 0.5844 0.3541 0.0125 0.0300
3 0.2159 0.3409 0.0100 0.0225
3 0.2294 0.3453 0.0087 0.0250
3 0.9144 0.3931 0.0100 0.0238
3 0.7291 0.7650 0.0112 0.0238
3 0.7937 0.6997 0.0125 0.0275
3 0.8203 0.6987 0.0125 0.0287
3 0.8331 0.6969 0.0100 0.0250
3 0.8453 0.7037 0.0125 0.0263
3 0.8578 0.7031 0.0125 0.0250
3 0.8697 0.7019 0.0112 0.0225
3 0.8822 0.7044 0.0112 0.0275
3 0.8944 0.7025 0.0138 0.0238
3 0.9213 0.7044 0.0112 0.0275
3 0.9319 0.7034 0.0138 0.0287
3 0.9425 0.7041 0.0163 0.0238
3 0.9581 0.7025 0.0100 0.0238
3 0.9681 0.7028 0.0112 0.0212
3 0.7431 0.7647 0.0112 0.0263
3 0.8988 0.4556 0.0100 0.0238
3 0.7544 0.7669 0.0150 0.0275
3 0.7681 0.7650 0.0112 0.0238
3 0.7937 0.7706 0.0125 0.0225
3 0.8313 0.7656 0.0125 0.0250
3 0.8447 0.7650 0.0112 0.0238
3 0.8697 0.7678 0.0112 0.0263
3 0.8812 0.7688 0.0125 0.0250
3 0.8947 0.7681 0.0112 0.0238
3 0.9062 0.7672 0.0125 0.0250
3 0.9197 0.7669 0.0112 0.0275
3 0.9437 0.7700 0.0125 0.0275
3 0.9572 0.7703 0.0112 0.0250
3 0.9688 0.7956 0.0125 0.0225
3 0.7681 0.7025 0.0112 0.0238
3 0.7456 0.7009 0.0100 0.0238
3 0.7256 0.7044 0.0138 0.0275
3 0.7069 0.7066 0.0138 0.0287
3 0.9094 0.4859 0.0125 0.0250
3 0.9781 0.3469 0.0250 0.0125
3 0.9753 0.3737 0.0225 0.0100
3 0.9766 0.4088 0.0250 0.0112
3 0.9775 0.4231 0.0238 0.0150
3 0.9778 0.4353 0.0212 0.0112
3 0.9769 0.4478 0.0225 0.0112
3 0.9778 0.4609 0.0275 0.0125
3 0.9759 0.4722 0.0238 0.0100
3 0.9769 0.4831 0.0225 0.0100
3 0.9747 0.4963 0.0212 0.0112
3 0.9750 0.5100 0.0250 0.0138
3 0.9747 0.5237 0.0275 0.0100
3 0.9475 0.5481 0.0138 0.0275
3 0.9353 0.5456 0.0112 0.0287
3 0.8978 0.5425 0.0112 0.0287
3 0.8853 0.5459 0.0112 0.0325
3 0.8741 0.5459 0.0138 0.0263
3 0.8594 0.5453 0.0125 0.0250
3 0.8359 0.5437 0.0125 0.0312
3 0.8234 0.5422 0.0125 0.0250
3 0.7978 0.5413 0.0112 0.0263
3 0.7603 0.5416 0.0112 0.0238
3 0.7400 0.5413 0.0112 0.0263
3 0.6663 0.5375 0.0138 0.0312
3 0.6506 0.5375 0.0138 0.0312
3 0.6228 0.5363 0.0112 0.0287
3 0.9684 0.7688 0.0087 0.0250
3 0.9563 0.7931 0.0125 0.0300
3 0.9431 0.7937 0.0112 0.0250
3 0.5831 0.9463 0.0100 0.0238
3 0.5613 0.9469 0.0100 0.0250
3 0.5463 0.9472 0.0112 0.0225
3 0.5338 0.9463 0.0112 0.0238
3 0.5206 0.9506 0.0100 0.0263
3 0.5103 0.9456 0.0112 0.0225
3 0.6537 0.9981 0.0075 0.0025
3 0.5575 0.9981 0.0087 0.0025
3 0.5456 0.9988 0.0100 0.0037
3 0.5200 0.9981 0.0087 0.0025
3 0.5072 0.9988 0.0112 0.0037
3 0.4944 0.9991 0.0075 0.0013
3 0.5731 0.9469 0.0087 0.0250
3 0.5972 0.9475 0.0100 0.0263
3 0.9203 0.7928 0.0125 0.0263
3 0.6934 0.9453 0.0150 0.0250
3 0.9041 0.7969 0.0112 0.0250
3 0.8938 0.7922 0.0125 0.0250
3 0.8806 0.7953 0.0112 0.0250
3 0.8662 0.7944 0.0138 0.0263
3 0.8438 0.7906 0.0125 0.0250
3 0.8181 0.7903 0.0112 0.0212
3 0.8041 0.7956 0.0112 0.0287
3 0.7941 0.7941 0.0100 0.0287
3 0.7806 0.7891 0.0112 0.0250
3 0.7662 0.7906 0.0138 0.0250
3 0.7553 0.7928 0.0138 0.0263
3 0.7412 0.7925 0.0138 0.0287
3 0.9159 0.8234 0.0225 0.0125
3 0.9656 0.8594 0.0125 0.0250
3 0.9469 0.8609 0.0125 0.0250
3 0.9088 0.8600 0.0112 0.0263
3 0.8906 0.8575 0.0125 0.0212
3 0.8775 0.8588 0.0112 0.0238
3 0.8656 0.8562 0.0125 0.0250
3 0.8531 0.8547 0.0125 0.0250
3 0.8394 0.8562 0.0100 0.0250
3 0.8281 0.8559 0.0125 0.0275
3 0.8009 0.8588 0.0112 0.0238
3 0.7888 0.8575 0.0087 0.0275
3 0.7753 0.8553 0.0100 0.0263
3 0.7531 0.8534 0.0125 0.0225
3 0.7125 0.8516 0.0125 0.0250
3 0.8853 0.4822 0.0112 0.0238
3 0.8603 0.4853 0.0112 0.0238
3 0.8375 0.3588 0.0125 0.0238
3 0.3175 0.3763 0.0100 0.0212
3 0.2916 0.3775 0.0112 0.0238
3 0.2784 0.3775 0.0100 0.0238
3 0.2681 0.3775 0.0112 0.0238
3 0.2538 0.3781 0.0138 0.0250
3 0.2406 0.3769 0.0125 0.0225
3 0.2300 0.3744 0.0100 0.0238
3 0.2166 0.3775 0.0112 0.0238
3 0.6344 0.3563 0.0125 0.0250
3 0.6566 0.3519 0.0163 0.0287
3 0.6953 0.3491 0.0125 0.0263
3 0.7438 0.3581 0.0125 0.0225
3 0.8137 0.3572 0.0150 0.0300
3 0.9000 0.3603 0.0125 0.0238
3 0.8369 0.4816 0.0112 0.0225
3 0.9116 0.3581 0.0138 0.0287
3 0.2138 0.4419 0.0087 0.0212
3 0.2281 0.4394 0.0125 0.0225
3 0.2406 0.4406 0.0125 0.0250
3 0.2541 0.4403 0.0112 0.0275
3 0.2659 0.4391 0.0100 0.0250
3 0.2769 0.4378 0.0100 0.0287
3 0.2900 0.4394 0.0112 0.0225
3 0.3038 0.4397 0.0138 0.0263
3 0.3159 0.4388 0.0100 0.0275
3 0.3281 0.4400 0.0125 0.0238
3 0.3406 0.4381 0.0125 0.0263
3 0.3572 0.4394 0.0112 0.0225
3 0.3306 0.3769 0.0112 0.0225
3 0.3425 0.3794 0.0100 0.0212
3 0.3547 0.3784 0.0125 0.0225
3 0.3712 0.3800 0.0112 0.0225
3 0.7041 0.0547 0.0300 0.0125
3 0.6469 0.2919 0.0125 0.0212
3 0.6803 0.2919 0.0138 0.0212
3 0.4000 0.3500 0.0125 0.0250
3 0.3581 0.3469 0.0100 0.0250
3 0.3197 0.3459 0.0112 0.0263
3 0.3056 0.3450 0.0112 0.0212
3 0.2806 0.3453 0.0112 0.0250
3 0.2678 0.3419 0.0075 0.0275
3 0.2566 0.3450 0.0100 0.0212
3 0.2447 0.3453 0.0112 0.0250
3 0.5134 0.3531 0.0112 0.0250
3 0.5119 0.3831 0.0112 0.0225
3 0.4994 0.3834 0.0112 0.0263
3 0.4869 0.3822 0.0112 0.0238
3 0.4725 0.3847 0.0138 0.0287
3 0.4487 0.3822 0.0100 0.0238
3 0.4362 0.3816 0.0100 0.0225
3 0.4088 0.3822 0.0112 0.0238
3 0.3984 0.3819 0.0125 0.0263
3 0.3841 0.3794 0.0087 0.0212
3 0.3712 0.4381 0.0112 0.0263
3 0.3847 0.4400 0.0100 0.0238
3 0.3994 0.4412 0.0112 0.0263
3 0.2300 0.4706 0.0100 0.0225
3 0.5931 0.3844 0.0112 0.0250
3 0.6047 0.3844 0.0125 0.0250
3 0.6294 0.3866 0.0150 0.0263
3 0.7056 0.3931 0.0175 0.0300
3 0.7447 0.3897 0.0112 0.0263
3 0.7625 0.3856 0.0125 0.0275
3 0.8881 0.3906 0.0138 0.0250
3 0.5806 0.4453 0.0112 0.0250
3 0.5916 0.4466 0.0112 0.0275
3 0.6047 0.4434 0.0125 0.0275
3 0.6422 0.4500 0.0125 0.0250
3 0.6844 0.4463 0.0125 0.0238
3 0.7288 0.4525 0.0138 0.0238
3 0.7422 0.4472 0.0125 0.0287
3 0.7719 0.4463 0.0125 0.0238
3 0.5809 0.4781 0.0087 0.0250
3 0.5916 0.4775 0.0112 0.0238
3 0.6053 0.4781 0.0138 0.0250
3 0.6169 0.4772 0.0087 0.0263
3 0.6281 0.4813 0.0125 0.0250
3 0.6416 0.4800 0.0112 0.0225
3 0.7037 0.4828 0.0138 0.0250
3 0.7275 0.4822 0.0112 0.0238
3 0.7400 0.4800 0.0112 0.0225
3 0.8109 0.4522 0.0125 0.0263
3 0.7863 0.4813 0.0100 0.0250
3 0.8088 0.4825 0.0112 0.0212
3 0.2150 0.4697 0.0112 0.0238
3 0.2400 0.4725 0.0112 0.0263
3 0.4097 0.4400 0.0100 0.0238
3 0.2525 0.4725 0.0112 0.0263
3 0.4206 0.4431 0.0100 0.0238
3 0.4338 0.4406 0.0112 0.0250
3 0.4472 0.4444 0.0100 0.0263
3 0.4597 0.4419 0.0100 0.0275
3 0.4719 0.4444 0.0125 0.0263
3 0.4850 0.4434 0.0138 0.0275
3 0.4963 0.4466 0.0112 0.0275
3 0.5094 0.4787 0.0125 0.0263
3 0.4969 0.4753 0.0125 0.0225
3 0.4844 0.4753 0.0125 0.0287
3 0.4703 0.4775 0.0125 0.0238
3 0.4606 0.4744 0.0150 0.0238
3 0.4475 0.4750 0.0138 0.0250
3 0.4350 0.4756 0.0138 0.0263
3 0.4219 0.4709 0.0125 0.0200
3 0.4088 0.4750 0.0112 0.0250
3 0.3962 0.4769 0.0112 0.0225
3 0.3847 0.4725 0.0163 0.0263
3 0.3722 0.4675 0.0100 0.0225
3 0.3538 0.4738 0.0138 0.0225
3 0.3406 0.4741 0.0125 0.0263
3 0.3272 0.4713 0.0138 0.0238
3 0.3159 0.4706 0.0100 0.0225
3 0.3019 0.4716 0.0100 0.0275
3 0.2900 0.4706 0.0112 0.0225
3 0.2791 0.4700 0.0112 0.0212
3 0.2650 0.4684 0.0112 0.0212
3 0.0853 0.8672 0.0238 0.0125
