3 0.0172 0.0356 0.0312 0.0400
3 0.6547 0.7141 0.0125 0.0250
3 0.6172 0.7128 0.0125 0.0225
3 0.6053 0.7094 0.0138 0.0250
3 0.5569 0.7109 0.0138 0.0312
3 0.5431 0.7091 0.0112 0.0275
3 0.6431 0.7412 0.0112 0.0263
3 0.5297 0.7372 0.0125 0.0275
3 0.4994 0.7369 0.0112 0.0238
3 0.3766 0.7094 0.0125 0.0250
3 0.3038 0.7312 0.0138 0.0312
3 0.1269 0.7025 0.0100 0.0238
3 0.6431 0.7134 0.0112 0.0238
3 0.7356 0.7147 0.0150 0.0263
3 0.7344 0.6534 0.0125 0.0225
3 0.6225 0.5334 0.0138 0.0263
3 0.1475 0.4594 0.0138 0.0250
3 0.1594 0.4612 0.0125 0.0287
3 0.1725 0.4594 0.0138 0.0250
3 0.1950 0.4628 0.0087 0.0225
3 0.2094 0.4609 0.0125 0.0250
3 0.2206 0.4616 0.0100 0.0263
3 0.2337 0.4622 0.0112 0.0275
3 0.2562 0.4641 0.0125 0.0250
3 0.3581 0.4719 0.0100 0.0250
3 0.3844 0.4666 0.0125 0.0238
3 0.6594 0.5394 0.0125 0.0225
3 0.6478 0.5400 0.0112 0.0238
3 0.6344 0.5366 0.0125 0.0263
3 0.6088 0.5312 0.0112 0.0250
3 0.5850 0.5328 0.0138 0.0250
3 0.5713 0.5350 0.0112 0.0263
3 0.5594 0.5356 0.0125 0.0275
3 0.5475 0.5350 0.0138 0.0263
3 0.5350 0.5378 0.0138 0.0225
3 0.4813 0.5309 0.0125 0.0275
3 0.4688 0.5325 0.0125 0.0275
3 0.4572 0.5312 0.0112 0.0250
3 0.4306 0.5325 0.0112 0.0212
3 0.4209 0.5331 0.0138 0.0225
3 0.4069 0.5312 0.0138 0.0250
3 0.3937 0.5306 0.0125 0.0300
3 0.3431 0.5284 0.0112 0.0225
3 0.1350 0.4597 0.0138 0.0225
3 0.1212 0.4603 0.0112 0.0238
3 0.1100 0.4625 0.0138 0.0250
3 0.1094 0.4350 0.0125 0.0263
3 0.7562 0.2656 0.0125 0.0250
3 0.7456 0.2616 0.0100 0.0325
3 0.7831 0.2909 0.0100 0.0225
3 0.7697 0.2903 0.0112 0.0275
3 0.7594 0.2891 0.0125 0.0250
3 0.7444 0.2903 0.0138 0.0275
3 0.4441 0.4359 0.0100 0.0250
3 0.5353 0.4391 0.0112 0.0250
3 0.5531 0.3734 0.0125 0.0250
3 0.5984 0.3778 0.0125 0.0275
3 0.6650 0.4778 0.0112 0.0275
3 0.6641 0.4481 0.0125 0.0212
3 0.3962 0.4419 0.0112 0.0275
3 0.3828 0.4409 0.0125 0.0287
3 0.3581 0.4412 0.0100 0.0263
3 0.3463 0.4403 0.0112 0.0275
3 0.2831 0.4366 0.0100 0.0263
3 0.2719 0.4362 0.0125 0.0225
3 0.2475 0.4394 0.0138 0.0287
3 0.2331 0.4381 0.0100 0.0263
3 0.2206 0.4381 0.0100 0.0263
3 0.2087 0.4359 0.0112 0.0250
3 0.1741 0.4350 0.0138 0.0263
3 0.1594 0.4328 0.0125 0.0250
3 0.1469 0.4347 0.0125 0.0225
3 0.1337 0.4334 0.0112 0.0263
3 0.1228 0.4328 0.0112 0.0312
3 0.3197 0.5284 0.0112 0.0225
3 0.3056 0.5272 0.0112 0.0263
3 0.2838 0.5300 0.0112 0.0287
3 0.6462 0.5650 0.0112 0.0238
3 0.0931 0.6159 0.0112 0.0287
3 0.1288 0.6112 0.0138 0.0287
3 0.1431 0.6100 0.0112 0.0263
3 0.1806 0.6119 0.0112 0.0238
3 0.1931 0.6116 0.0112 0.0263
3 0.2431 0.6256 0.0112 0.0263
3 0.3059 0.6397 0.0150 0.0263
3 0.4181 0.6156 0.0112 0.0250
3 0.4656 0.6491 0.0125 0.0325
3 0.4781 0.6222 0.0125 0.0225
3 0.4900 0.6219 0.0112 0.0250
3 0.5084 0.6219 0.0138 0.0250
3 0.5338 0.6197 0.0112 0.0238
3 0.5588 0.6256 0.0112 0.0263
3 0.5831 0.6487 0.0100 0.0225
3 0.5056 0.6456 0.0112 0.0287
3 0.5319 0.6469 0.0138 0.0312
3 0.6572 0.6525 0.0112 0.0238
3 0.6325 0.6294 0.0087 0.0275
3 0.6225 0.6219 0.0138 0.0250
3 0.6088 0.6519 0.0112 0.0225
3 0.7344 0.6312 0.0125 0.0250
3 0.7484 0.6306 0.0125 0.0238
3 0.7612 0.6284 0.0100 0.0225
3 0.8113 0.6275 0.0163 0.0238
3 0.7863 0.6547 0.0100 0.0250
3 0.7612 0.6537 0.0100 0.0263
3 0.6594 0.5644 0.0125 0.0287
3 0.6344 0.5650 0.0125 0.0238
3 0.2566 0.5266 0.0100 0.0250
3 0.6200 0.5622 0.0087 0.0212
3 0.2431 0.5269 0.0112 0.0225
3 0.2322 0.5294 0.0112 0.0275
3 0.2209 0.5275 0.0138 0.0238
3 0.2094 0.5266 0.0125 0.0250
3 0.1969 0.5231 0.0125 0.0275
3 0.1837 0.5237 0.0112 0.0225
3 0.1456 0.5256 0.0100 0.0263
3 0.1341 0.5237 0.0150 0.0225
3 0.1197 0.5272 0.0112 0.0263
3 0.1078 0.5234 0.0125 0.0250
3 0.0953 0.5206 0.0125 0.0225
3 0.0938 0.5506 0.0125 0.0263
3 0.1197 0.5522 0.0112 0.0263
3 0.1450 0.5494 0.0150 0.0238
3 0.1566 0.5469 0.0100 0.0250
3 0.1681 0.5469 0.0112 0.0250
3 0.1831 0.5487 0.0100 0.0287
3 0.2047 0.5525 0.0125 0.0238
3 0.3553 0.5566 0.0138 0.0287
3 0.4556 0.5588 0.0112 0.0238
3 0.4681 0.5541 0.0112 0.0238
3 0.4922 0.5600 0.0125 0.0263
3 0.5062 0.5588 0.0125 0.0238
3 0.5447 0.5594 0.0112 0.0250
3 0.5819 0.5625 0.0138 0.0250
3 0.5969 0.5609 0.0125 0.0312
3 0.6094 0.5613 0.0125 0.0287
3 0.7706 0.2650 0.0100 0.0238
3 0.7838 0.2644 0.0112 0.0225
3 0.7450 0.2041 0.0087 0.0238
3 0.9269 0.0275 0.0100 0.0238
3 0.8516 0.0269 0.0125 0.0225
3 0.8159 0.0306 0.0100 0.0238
3 0.8047 0.0281 0.0125 0.0250
3 0.7838 0.0275 0.0112 0.0238
3 0.7712 0.0275 0.0112 0.0238
3 0.7484 0.0256 0.0125 0.0263
3 0.9131 0.0287 0.0138 0.0263
3 0.9500 0.0297 0.0125 0.0250
3 0.9900 0.0122 0.0112 0.0212
3 0.7594 0.2016 0.0125 0.0250
3 0.1072 0.3250 0.0238 0.0125
3 0.1078 0.3513 0.0250 0.0087
3 0.9575 0.0653 0.0212 0.0212
3 0.9097 0.1175 0.0100 0.0225
3 0.9128 0.0919 0.0100 0.0212
3 0.8997 0.0912 0.0087 0.0200
3 0.8872 0.0909 0.0087 0.0225
3 0.8728 0.0872 0.0112 0.0275
3 0.7984 0.0853 0.0125 0.0238
3 0.7588 0.1122 0.0112 0.0275
3 0.7728 0.1144 0.0112 0.0225
3 0.7853 0.1163 0.0112 0.0263
3 0.7978 0.1122 0.0112 0.0212
3 0.8103 0.1141 0.0112 0.0250
3 0.8238 0.1137 0.0100 0.0275
3 0.8359 0.1134 0.0125 0.0238
3 0.8478 0.1128 0.0112 0.0225
3 0.8603 0.1137 0.0112 0.0212
3 0.8738 0.1163 0.0100 0.0263
3 0.8844 0.1187 0.0125 0.0250
3 0.8962 0.1194 0.0112 0.0263
3 0.7463 0.1759 0.0112 0.0300
3 0.7603 0.1725 0.0112 0.0263
3 0.7712 0.1750 0.0112 0.0250
3 0.7838 0.1766 0.0112 0.0250
3 0.7963 0.2016 0.0112 0.0250
3 0.7838 0.2025 0.0112 0.0238
3 0.7712 0.2016 0.0112 0.0250
3 0.1094 0.3384 0.0250 0.0112
3 0.1084 0.3103 0.0200 0.0112
3 0.1525 0.0034 0.0112 0.0037
3 0.1091 0.2869 0.0212 0.0112
3 0.1263 0.0028 0.0087 0.0025
3 0.1094 0.0041 0.0125 0.0050
3 0.2538 0.0400 0.0325 0.0175
3 0.2275 0.0844 0.0300 0.0250
3 0.4634 0.0581 0.0112 0.0287
3 0.3731 0.0972 0.0275 0.0100
3 0.3737 0.0609 0.0287 0.0125
3 0.3741 0.0453 0.0263 0.0125
3 0.1762 0.1622 0.0275 0.0087
3 0.1772 0.1741 0.0263 0.0075
3 0.1775 0.1869 0.0238 0.0112
3 0.1759 0.1991 0.0238 0.0075
3 0.1772 0.2116 0.0263 0.0138
3 0.1712 0.2659 0.0238 0.0100
3 0.1731 0.3075 0.0275 0.0087
3 0.1731 0.3166 0.0275 0.0112
3 0.1728 0.3309 0.0238 0.0087
3 0.1734 0.3406 0.0250 0.0125
3 0.1116 0.1950 0.0263 0.0087
3 0.1113 0.2081 0.0225 0.0100
3 0.1097 0.2191 0.0225 0.0100
3 0.1103 0.2325 0.0238 0.0087
3 0.1106 0.2450 0.0212 0.0087
3 0.1094 0.2559 0.0187 0.0087
3 0.1106 0.2675 0.0212 0.0100
