3 0.8784 0.0144 0.0225 0.0100
3 0.9869 0.0166 0.0238 0.0112
3 0.9606 0.0150 0.0275 0.0112
3 0.9887 0.0053 0.0212 0.0075
3 0.9613 0.0053 0.0225 0.0075
3 0.9072 0.0141 0.0300 0.0125
3 0.8775 0.0041 0.0238 0.0050
3 0.6416 0.0462 0.0238 0.0112
3 0.9041 0.0034 0.0238 0.0037
3 0.8178 0.0034 0.0263 0.0037
3 0.6153 0.0431 0.0212 0.0112
3 0.6144 0.0328 0.0225 0.0125
3 0.6425 0.0197 0.0225 0.0112
3 0.6412 0.0344 0.0263 0.0125
3 0.7125 0.0581 0.0125 0.0225
3 0.7300 0.0594 0.0163 0.0250
3 0.6344 0.1356 0.0312 0.0150
3 0.4969 0.0709 0.0250 0.0138
3 0.3475 0.0578 0.0263 0.0125
3 0.9828 0.0906 0.0125 0.0250
3 0.9684 0.0875 0.0087 0.0312
3 0.9569 0.0872 0.0075 0.0275
3 0.9444 0.0863 0.0138 0.0225
3 0.9338 0.0850 0.0112 0.0263
3 0.9203 0.0859 0.0125 0.0250
3 0.9066 0.0881 0.0100 0.0263
3 0.8044 0.0738 0.0150 0.0287
3 0.7906 0.0697 0.0125 0.0300
3 0.7787 0.0694 0.0138 0.0263
3 0.5781 0.1219 0.0250 0.0125
3 0.0072 0.2656 0.0112 0.0250
3 0.0331 0.2909 0.0100 0.0225
3 0.0197 0.2903 0.0112 0.0275
3 0.0094 0.2891 0.0125 0.0250
3 0.0034 0.6306 0.0037 0.0238
3 0.0112 0.6284 0.0100 0.0225
3 0.0613 0.6275 0.0163 0.0238
3 0.0362 0.6547 0.0100 0.0250
3 0.0112 0.6537 0.0100 0.0263
3 0.0206 0.2650 0.0100 0.0238
3 0.0338 0.2644 0.0112 0.0225
3 0.1769 0.0275 0.0100 0.0238
3 0.1016 0.0269 0.0125 0.0225
3 0.0659 0.0306 0.0100 0.0238
3 0.0547 0.0281 0.0125 0.0250
3 0.0338 0.0275 0.0112 0.0238
3 0.0212 0.0275 0.0112 0.0238
3 0.0034 0.0256 0.0037 0.0263
3 0.1631 0.0287 0.0138 0.0263
3 0.2000 0.0297 0.0125 0.0250
3 0.2400 0.0122 0.0112 0.0212
3 0.0094 0.2016 0.0125 0.0250
3 0.2075 0.0653 0.0212 0.0212
3 0.1597 0.1175 0.0100 0.0225
3 0.1628 0.0919 0.0100 0.0212
3 0.1497 0.0912 0.0087 0.0200
3 0.1372 0.0909 0.0087 0.0225
3 0.1228 0.0872 0.0112 0.0275
3 0.0484 0.0853 0.0125 0.0238
3 0.0087 0.1122 0.0112 0.0275
3 0.0228 0.1144 0.0112 0.0225
3 0.0353 0.1163 0.0112 0.0263
3 0.0478 0.1122 0.0112 0.0212
3 0.0603 0.1141 0.0112 0.0250
3 0.0738 0.1137 0.0100 0.0275
3 0.0859 0.1134 0.0125 0.0238
3 0.0978 0.1128 0.0112 0.0225
3 0.1103 0.1137 0.0112 0.0212
3 0.1237 0.1163 0.0100 0.0263
3 0.1344 0.1187 0.0125 0.0250
3 0.1462 0.1194 0.0112 0.0263
3 0.0022 0.1759 0.0013 0.0300
3 0.0103 0.1725 0.0112 0.0263
3 0.0212 0.1750 0.0112 0.0250
3 0.0338 0.1766 0.0112 0.0250
3 0.0462 0.2016 0.0112 0.0250
3 0.0338 0.2025 0.0112 0.0238
3 0.0212 0.2016 0.0112 0.0250
3 0.0591 0.4266 0.0275 0.0125
