3 0.8844 0.6987 0.0125 0.0287
3 0.9203 0.5406 0.0250 0.0125
3 0.8531 0.3237 0.0125 0.0287
3 0.8887 0.1712 0.0087 0.0238
3 0.8928 0.0975 0.0138 0.0263
3 0.8962 0.0047 0.0112 0.0063
3 0.9325 0.0094 0.0275 0.0125
3 0.6781 0.0416 0.0250 0.0112
3 0.6772 0.0659 0.0263 0.0100
3 0.6800 0.0800 0.0225 0.0100
3 0.6566 0.1012 0.0100 0.0212
3 0.6422 0.1012 0.0125 0.0275
3 0.6284 0.1000 0.0100 0.0250
3 0.5581 0.0969 0.0100 0.0250
3 0.5209 0.0975 0.0138 0.0263
3 0.4437 0.0988 0.0125 0.0287
3 0.4206 0.0972 0.0100 0.0287
3 0.4056 0.0972 0.0112 0.0287
3 0.3831 0.0963 0.0100 0.0300
3 0.3719 0.0938 0.0125 0.0312
3 0.3594 0.0938 0.0125 0.0312
3 0.5900 0.0047 0.0238 0.0063
3 0.6159 0.0147 0.0225 0.0138
3 0.6166 0.0394 0.0238 0.0100
3 0.4994 0.0269 0.0300 0.0100
3 0.4378 0.0103 0.0287 0.0112
3 0.4100 0.0253 0.0263 0.0100
3 0.4416 0.0378 0.0238 0.0100
3 0.3231 0.0087 0.0275 0.0112
3 0.2634 0.0094 0.0300 0.0125
3 0.6744 0.0022 0.0175 0.0013
3 0.5094 0.0100 0.0375 0.0138
