3 0.0556 0.2050 0.0112 0.0287
3 0.0034 0.2034 0.0037 0.0287
3 0.0125 0.2000 0.0125 0.0250
3 0.0275 0.1994 0.0112 0.0238
3 0.0406 0.2044 0.0125 0.0275
3 0.0691 0.2031 0.0100 0.0250
3 0.0828 0.2000 0.0125 0.0250
3 0.0969 0.2031 0.0125 0.0250
3 0.1125 0.2031 0.0125 0.0250
3 0.1272 0.2056 0.0138 0.0300
3 0.1562 0.2038 0.0125 0.0263
3 0.1703 0.2031 0.0125 0.0250
3 0.1834 0.2028 0.0138 0.0275
3 0.1975 0.2031 0.0138 0.0250
3 0.2147 0.2019 0.0138 0.0225
3 0.2281 0.2038 0.0125 0.0263
3 0.2422 0.1994 0.0125 0.0238
3 0.3387 0.4234 0.0212 0.0563
3 0.2125 0.4162 0.0250 0.0450
3 0.3131 0.4200 0.0200 0.0462
3 0.1741 0.2441 0.0638 0.0287
3 0.4506 0.2278 0.0138 0.0275
3 0.2591 0.2025 0.0150 0.0238
3 0.2731 0.2038 0.0150 0.0263
3 0.2856 0.2066 0.0150 0.0287
3 0.3022 0.2041 0.0138 0.0238
3 0.3156 0.2031 0.0125 0.0250
3 0.2769 0.2572 0.0287 0.0175
3 0.4875 0.2284 0.0125 0.0287
3 0.5303 0.2350 0.0138 0.0263
3 0.3663 0.4097 0.0200 0.0350
3 0.5459 0.2384 0.0138 0.0238
3 0.5447 0.2959 0.0112 0.0200
3 0.5134 0.2944 0.0112 0.0263
3 0.4975 0.2925 0.0138 0.0225
3 0.4672 0.2916 0.0125 0.0300
3 0.3866 0.4287 0.0138 0.0263
3 0.4153 0.2869 0.0150 0.0300
3 0.8544 0.8016 0.0275 0.0125
3 0.8512 0.8337 0.0275 0.0112
3 0.8497 0.8478 0.0275 0.0112
3 0.8463 0.8641 0.0300 0.0125
3 0.8466 0.9156 0.0275 0.0125
3 0.8447 0.9762 0.0300 0.0150
3 0.8412 0.9919 0.0263 0.0150
3 0.9238 0.8391 0.0287 0.0125
3 0.8528 0.7688 0.0275 0.0125
3 0.9525 0.8412 0.0300 0.0138
3 0.9463 0.8578 0.0238 0.0125
3 0.9506 0.8750 0.0263 0.0125
3 0.9472 0.8906 0.0287 0.0125
3 0.9463 0.9091 0.0300 0.0150
3 0.9444 0.9225 0.0263 0.0138
3 0.9428 0.9397 0.0263 0.0138
3 0.8534 0.7828 0.0287 0.0125
3 0.9709 0.9725 0.0138 0.0325
3 0.9412 0.9572 0.0263 0.0112
3 0.9403 0.9725 0.0275 0.0138
3 0.9387 0.9884 0.0275 0.0112
3 0.9088 0.9669 0.0300 0.0150
3 0.9181 0.8553 0.0300 0.0138
3 0.9206 0.8719 0.0287 0.0125
3 0.9191 0.8884 0.0287 0.0112
3 0.9172 0.9028 0.0250 0.0150
3 0.9153 0.9187 0.0275 0.0125
3 0.9147 0.9344 0.0263 0.0125
3 0.9122 0.9537 0.0275 0.0138
3 0.9081 0.9863 0.0287 0.0163
3 0.8762 0.1856 0.0150 0.0275
3 0.0503 0.2359 0.0975 0.0375
3 0.0278 0.3138 0.0525 0.0775
3 0.1087 0.3712 0.0238 0.1175
3 0.2444 0.3788 0.0325 0.1200
3 0.1306 0.3741 0.0238 0.1012
3 0.8603 0.1872 0.0175 0.0275
3 0.8906 0.1844 0.0125 0.0250
3 0.9375 0.4803 0.0250 0.0138
3 0.9694 0.3156 0.0325 0.0125
3 0.9662 0.3444 0.0263 0.0138
3 0.9475 0.4084 0.0263 0.0138
3 0.9481 0.4403 0.0275 0.0150
3 0.9403 0.4669 0.0275 0.0150
3 0.9387 0.4953 0.0338 0.0187
3 0.9431 0.5162 0.0362 0.0138
3 0.9653 0.2859 0.0338 0.0125
3 0.9678 0.2644 0.0325 0.0100
3 0.9037 0.1825 0.0138 0.0275
3 0.5356 0.6725 0.0275 0.0138
3 0.5334 0.6894 0.0263 0.0163
3 0.5425 0.7094 0.0287 0.0125
3 0.5375 0.7284 0.0312 0.0163
3 0.6512 0.7162 0.0338 0.0138
3 0.6494 0.6941 0.0300 0.0163
