3 0.8475 0.1316 0.0263 0.0100
3 0.9044 0.0691 0.0275 0.0100
3 0.9075 0.0834 0.0338 0.0138
3 0.9012 0.1016 0.0338 0.0125
3 0.9400 0.1087 0.0300 0.0112
3 0.9000 0.2697 0.0312 0.0112
3 0.9331 0.0588 0.0225 0.0112
3 0.8419 0.1069 0.0275 0.0138
3 0.8466 0.0941 0.0275 0.0100
3 0.7494 0.2416 0.0300 0.0112
3 0.7488 0.2178 0.0287 0.0075
3 0.7497 0.2038 0.0275 0.0138
3 0.7475 0.1906 0.0263 0.0125
3 0.7475 0.1644 0.0263 0.0100
3 0.7469 0.1400 0.0250 0.0112
3 0.7481 0.1284 0.0275 0.0100
3 0.7506 0.1163 0.0263 0.0138
3 0.7478 0.1062 0.0238 0.0125
3 0.7534 0.0922 0.0225 0.0125
3 0.7512 0.0800 0.0212 0.0100
3 0.7537 0.0656 0.0263 0.0125
3 0.7547 0.0531 0.0312 0.0125
3 0.8397 0.1666 0.0325 0.0112
3 0.8128 0.1441 0.0287 0.0100
3 0.8128 0.1181 0.0287 0.0112
3 0.8150 0.0675 0.0238 0.0100
3 0.8200 0.0547 0.0212 0.0125
3 0.8463 0.0550 0.0238 0.0100
3 0.8444 0.0656 0.0263 0.0125
3 0.8444 0.0816 0.0263 0.0100
3 0.8162 0.0922 0.0263 0.0125
3 0.7481 0.2288 0.0275 0.0138
