3 0.6866 0.5356 0.0075 0.0150
3 0.7838 0.6975 0.0112 0.0200
3 0.8803 0.7000 0.0075 0.0187
3 0.9822 0.6994 0.0112 0.0175
3 0.9887 0.6106 0.0087 0.0150
3 0.6775 0.6112 0.0112 0.0163
3 0.7491 0.5356 0.0075 0.0150
3 0.7019 0.5356 0.0100 0.0150
3 0.6566 0.5363 0.0100 0.0163
3 0.7153 0.6112 0.0087 0.0163
3 0.4253 0.7916 0.0100 0.0175
3 0.3906 0.8194 0.0125 0.0200
3 0.3781 0.7906 0.0125 0.0187
3 0.3788 0.7269 0.0138 0.0225
3 0.2794 0.0437 0.0087 0.0187
3 0.3419 0.1566 0.0150 0.0225
3 0.2997 0.1387 0.0150 0.0212
3 0.3031 0.1591 0.0125 0.0212
3 0.7894 0.6112 0.0100 0.0163
3 0.7278 0.5372 0.0087 0.0150
3 0.9225 0.7209 0.0138 0.0200
3 0.7381 0.6112 0.0075 0.0163
3 0.8684 0.6094 0.0087 0.0187
3 0.4062 0.5453 0.0125 0.0250
3 0.7137 0.5366 0.0087 0.0138
3 0.9503 0.6116 0.0100 0.0138
