3 0.3878 0.9956 0.0100 0.0100
3 0.3831 0.9594 0.0100 0.0125
3 0.3972 0.9537 0.0100 0.0138
3 0.4091 0.9525 0.0087 0.0112
3 0.4831 0.8287 0.0100 0.0138
3 0.5784 0.4294 0.0100 0.0150
3 0.5706 0.4709 0.0100 0.0138
3 0.5525 0.4991 0.0112 0.0138
3 0.5138 0.6297 0.0087 0.0125
3 0.5475 0.7031 0.0075 0.0125
3 0.5350 0.7072 0.0075 0.0112
3 0.4769 0.7100 0.0100 0.0138
3 0.4675 0.8650 0.0100 0.0112
3 0.4094 0.9309 0.0125 0.0150
3 0.4278 0.8791 0.0087 0.0112
3 0.4706 0.9600 0.0100 0.0138
3 0.4584 0.9428 0.0075 0.0138
3 0.6487 0.4553 0.0100 0.0138
3 0.5388 0.5413 0.0087 0.0138
3 0.5444 0.5541 0.0075 0.0112
3 0.6728 0.2578 0.0112 0.0125
3 0.6950 0.2022 0.0087 0.0138
3 0.6863 0.2053 0.0100 0.0138
3 0.4369 0.9713 0.0112 0.0112
3 0.6069 0.3203 0.0075 0.0125
3 0.7069 0.3203 0.0075 0.0125
3 0.7263 0.1250 0.0087 0.0125
3 0.7472 0.1319 0.0100 0.0138
3 0.6809 0.2672 0.0087 0.0125
3 0.6194 0.5469 0.0075 0.0125
3 0.5787 0.6525 0.0075 0.0112
3 0.5909 0.6412 0.0100 0.0138
3 0.5366 0.7213 0.0075 0.0112
3 0.5212 0.7631 0.0112 0.0200
3 0.5266 0.8519 0.0063 0.0100
3 0.4581 0.9631 0.0100 0.0200
