3 0.2397 0.1734 0.0200 0.0187
3 0.1856 0.1872 0.0150 0.0150
3 0.5897 0.0588 0.0200 0.0175
3 0.7700 0.0072 0.0212 0.0112
3 0.9156 0.6225 0.0187 0.0138
3 0.8991 0.6287 0.0138 0.0138
3 0.8547 0.6434 0.0187 0.0150
3 0.8713 0.6388 0.0175 0.0150
3 0.2881 0.0084 0.0138 0.0138
3 0.2172 0.0462 0.0125 0.0112
3 0.1819 0.2519 0.0138 0.0100
3 0.2875 0.1375 0.0125 0.0125
3 0.3816 0.0956 0.0163 0.0100
3 0.4847 0.1169 0.0163 0.0150
3 0.6613 0.0169 0.0163 0.0087
3 0.9316 0.1453 0.0100 0.0187
3 0.9287 0.0263 0.0138 0.0087
3 0.9738 0.1316 0.0100 0.0163
3 0.3753 0.7475 0.0163 0.0138
3 0.5500 0.7575 0.0125 0.0087
3 0.5784 0.7650 0.0163 0.0112
3 0.5425 0.7806 0.0163 0.0112
3 0.5141 0.7700 0.0125 0.0087
3 0.5009 0.7762 0.0112 0.0087
3 0.5206 0.8044 0.0100 0.0150
3 0.5028 0.8131 0.0087 0.0200
3 0.4872 0.8187 0.0087 0.0187
3 0.4797 0.8197 0.0063 0.0175
3 0.4694 0.8262 0.0075 0.0212
3 0.4550 0.8447 0.0225 0.0112
3 0.5791 0.9506 0.0112 0.0200
3 0.5881 0.9494 0.0075 0.0175
3 0.5637 0.9563 0.0087 0.0187
3 0.5413 0.9744 0.0075 0.0175
3 0.5184 0.9841 0.0087 0.0150
3 0.4575 0.9544 0.0087 0.0150
3 0.0828 0.3412 0.0125 0.0138
3 0.0625 0.3862 0.0125 0.0163
