3 0.4906 0.5997 0.0187 0.0150
3 0.5416 0.3925 0.0175 0.0163
3 0.6869 0.4259 0.0175 0.0112
3 0.7412 0.4162 0.0200 0.0138
3 0.6362 0.4756 0.0163 0.0138
3 0.5294 0.5578 0.0275 0.0187
3 0.5016 0.5819 0.0187 0.0138
3 0.0512 0.7434 0.0150 0.0150
3 0.0428 0.7556 0.0138 0.0175
3 0.0969 0.8906 0.0125 0.0187
3 0.0941 0.9978 0.0100 0.0050
3 0.4478 0.3456 0.0175 0.0100
3 0.3806 0.3334 0.0175 0.0075
3 0.0109 0.4425 0.0187 0.0100
3 0.9356 0.3756 0.0150 0.0138
3 0.9916 0.9363 0.0175 0.0163
3 0.9866 0.9269 0.0263 0.0163
3 0.3322 0.9250 0.0175 0.0125
3 0.0072 0.6950 0.0112 0.0150
3 0.8875 0.9812 0.0187 0.0125
