3 0.5147 0.3256 0.0138 0.0075
3 0.6266 0.2825 0.0125 0.0087
3 0.5134 0.3125 0.0112 0.0063
3 0.5231 0.2662 0.0150 0.0075
3 0.5225 0.2575 0.0138 0.0087
3 0.5281 0.2250 0.0125 0.0063
3 0.5675 0.1944 0.0163 0.0075
3 0.5994 0.2141 0.0112 0.0063
3 0.5297 0.2109 0.0125 0.0063
3 0.5309 0.2031 0.0150 0.0063
3 0.5325 0.1969 0.0150 0.0063
3 0.5344 0.1766 0.0125 0.0063
3 0.5359 0.1656 0.0125 0.0063
3 0.5478 0.1550 0.0112 0.0100
3 0.6038 0.1459 0.0138 0.0075
3 0.5994 0.1328 0.0112 0.0063
3 0.6147 0.0731 0.0138 0.0087
3 0.8559 0.7075 0.0150 0.0087
3 0.7184 0.0297 0.0087 0.0125
3 0.7256 0.0306 0.0075 0.0112
3 0.7534 0.2094 0.0100 0.0063
3 0.7672 0.2069 0.0125 0.0075
3 0.7806 0.2041 0.0112 0.0050
3 0.8412 0.1744 0.0075 0.0112
3 0.8591 0.3150 0.0087 0.0112
3 0.7978 0.4647 0.0112 0.0075
3 0.9106 0.9719 0.0087 0.0125
3 0.1938 0.8194 0.0125 0.0075
3 0.2078 0.9256 0.0125 0.0075
