3 0.9931 0.2162 0.0112 0.0263
3 0.2800 0.5809 0.0100 0.0212
3 0.2697 0.5803 0.0112 0.0200
3 0.2566 0.5766 0.0100 0.0250
3 0.1163 0.0797 0.0263 0.0312
3 0.3156 0.5862 0.0125 0.0225
3 0.2900 0.5831 0.0112 0.0225
3 0.3291 0.5878 0.0112 0.0225
3 0.9891 0.2444 0.0125 0.0200
3 0.9437 0.7422 0.0125 0.0250
3 0.9794 0.3656 0.0150 0.0250
3 0.9725 0.4256 0.0138 0.0263
3 0.9694 0.4559 0.0138 0.0275
3 0.9653 0.5181 0.0150 0.0300
3 0.9475 0.5425 0.0138 0.0225
3 0.9631 0.5525 0.0138 0.0238
3 0.9594 0.5822 0.0125 0.0238
3 0.9553 0.6266 0.0138 0.0250
3 0.9497 0.6859 0.0150 0.0250
3 0.9381 0.8053 0.0138 0.0263
3 0.3519 0.5881 0.0100 0.0200
3 0.9356 0.8412 0.0150 0.0263
3 0.6684 0.5963 0.0212 0.0112
3 0.6675 0.6112 0.0225 0.0163
3 0.6147 0.6125 0.0138 0.0250
3 0.5228 0.6044 0.0112 0.0212
3 0.4422 0.5931 0.0125 0.0238
3 0.4306 0.5956 0.0112 0.0225
3 0.4194 0.5928 0.0138 0.0263
3 0.3634 0.5906 0.0112 0.0187
