3 0.5875 0.4081 0.0250 0.0225
3 0.5775 0.3772 0.0238 0.0200
3 0.7263 0.2913 0.0212 0.0138
3 0.6831 0.4244 0.0225 0.0175
3 0.3006 0.3672 0.0200 0.0250
3 0.9981 0.1550 0.0025 0.0225
3 0.9947 0.1869 0.0112 0.0112
3 0.9956 0.1994 0.0100 0.0112
3 0.5944 0.4203 0.0263 0.0187
3 0.6275 0.2737 0.0175 0.0225
3 0.6125 0.3966 0.0250 0.0212
3 0.6231 0.4200 0.0275 0.0212
3 0.6022 0.2803 0.0200 0.0263
3 0.6197 0.4078 0.0238 0.0187
3 0.9928 0.0956 0.0138 0.0225
3 0.4116 0.2687 0.0263 0.0187
3 0.5897 0.3391 0.0263 0.0187
3 0.6003 0.3597 0.0225 0.0163
3 0.6038 0.3737 0.0263 0.0163
3 0.6175 0.2753 0.0163 0.0225
3 0.6375 0.2691 0.0187 0.0225
3 0.7559 0.5950 0.0212 0.0338
3 0.9856 0.7812 0.0212 0.0125
3 0.9103 0.8191 0.0112 0.0225
3 0.8769 0.8181 0.0100 0.0238
3 0.7350 0.5803 0.0263 0.0200
3 0.6869 0.2494 0.0175 0.0238
3 0.5622 0.5388 0.0087 0.0212
3 0.7525 0.3716 0.0238 0.0150
3 0.7650 0.4116 0.0238 0.0138
3 0.7225 0.4353 0.0263 0.0175
3 0.4578 0.4956 0.0250 0.0163
3 0.4531 0.5088 0.0250 0.0112
3 0.4506 0.5216 0.0263 0.0150
3 0.4484 0.5338 0.0250 0.0112
3 0.4478 0.5475 0.0238 0.0138
3 0.5109 0.5350 0.0125 0.0263
3 0.5272 0.5356 0.0138 0.0275
3 0.5500 0.5378 0.0125 0.0225
3 0.5284 0.4859 0.0163 0.0250
3 0.5691 0.6238 0.0163 0.0287
3 0.5659 0.4906 0.0163 0.0250
3 0.5916 0.4925 0.0175 0.0287
3 0.6494 0.4978 0.0175 0.0300
3 0.5744 0.5406 0.0112 0.0250
3 0.6866 0.5525 0.0200 0.0238
3 0.4850 0.6131 0.0138 0.0263
3 0.4987 0.6147 0.0163 0.0263
3 0.5278 0.6194 0.0150 0.0263
3 0.5487 0.6225 0.0163 0.0263
3 0.6412 0.6350 0.0138 0.0263
3 0.6222 0.5837 0.0163 0.0238
3 0.5475 0.5766 0.0138 0.0250
3 0.3987 0.9841 0.0287 0.0150
3 0.9428 0.9062 0.0138 0.0250
3 0.5869 0.5413 0.0112 0.0263
3 0.8647 0.8206 0.0138 0.0225
3 0.8506 0.8194 0.0138 0.0263
3 0.8281 0.8213 0.0125 0.0238
3 0.8175 0.8225 0.0100 0.0263
3 0.8213 0.7691 0.0112 0.0287
3 0.6975 0.8259 0.0138 0.0238
3 0.6853 0.8269 0.0112 0.0225
3 0.6756 0.8281 0.0138 0.0250
3 0.6606 0.8269 0.0150 0.0225
3 0.6506 0.8278 0.0138 0.0275
3 0.6397 0.8306 0.0138 0.0300
3 0.6275 0.8294 0.0112 0.0275
3 0.6169 0.8313 0.0150 0.0250
3 0.8412 0.7659 0.0138 0.0225
3 0.8919 0.7678 0.0150 0.0263
3 0.8306 0.7653 0.0112 0.0212
3 0.8084 0.7706 0.0138 0.0287
3 0.6375 0.8603 0.0125 0.0238
3 0.7956 0.7684 0.0100 0.0275
3 0.7850 0.7700 0.0138 0.0275
3 0.7481 0.7700 0.0150 0.0275
3 0.7353 0.7725 0.0112 0.0263
3 0.7250 0.7678 0.0125 0.0263
3 0.7134 0.7712 0.0112 0.0238
3 0.7000 0.7688 0.0125 0.0250
3 0.6881 0.7712 0.0138 0.0238
3 0.6759 0.7688 0.0112 0.0250
3 0.6663 0.7731 0.0138 0.0275
3 0.6528 0.7712 0.0150 0.0238
3 0.7100 0.8256 0.0138 0.0263
3 0.6719 0.8600 0.0125 0.0263
3 0.8625 0.8534 0.0125 0.0225
3 0.8041 0.8213 0.0112 0.0238
3 0.7931 0.8225 0.0112 0.0263
3 0.7812 0.8253 0.0125 0.0225
3 0.7572 0.8228 0.0112 0.0238
3 0.7469 0.8234 0.0125 0.0250
3 0.7344 0.8259 0.0125 0.0238
3 0.7213 0.8244 0.0112 0.0238
3 0.9213 0.8544 0.0112 0.0275
3 0.9100 0.8544 0.0138 0.0275
3 0.8969 0.8538 0.0125 0.0263
3 0.8844 0.8544 0.0125 0.0275
3 0.8506 0.8538 0.0138 0.0263
3 0.7075 0.8609 0.0150 0.0250
3 0.8400 0.8556 0.0112 0.0238
3 0.8269 0.8534 0.0100 0.0225
3 0.8156 0.8547 0.0125 0.0250
3 0.8031 0.8572 0.0125 0.0238
3 0.7906 0.8578 0.0125 0.0187
3 0.7797 0.8581 0.0125 0.0225
3 0.7681 0.8575 0.0112 0.0212
3 0.7556 0.8581 0.0112 0.0225
3 0.7447 0.8575 0.0112 0.0212
3 0.7334 0.8588 0.0138 0.0238
3 0.7184 0.8575 0.0150 0.0212
3 0.6406 0.7712 0.0125 0.0238
3 0.6306 0.7737 0.0112 0.0287
3 0.6172 0.7719 0.0125 0.0250
3 0.6344 0.9950 0.0125 0.0087
3 0.7603 0.9350 0.0238 0.0138
3 0.7625 0.9447 0.0250 0.0175
3 0.7684 0.9559 0.0212 0.0150
3 0.7391 0.9831 0.0187 0.0287
3 0.7291 0.9894 0.0112 0.0225
3 0.7166 0.9894 0.0112 0.0225
3 0.7037 0.9906 0.0138 0.0187
3 0.6900 0.9906 0.0112 0.0187
3 0.6794 0.9906 0.0150 0.0187
3 0.6666 0.9916 0.0112 0.0175
3 0.6547 0.9928 0.0125 0.0138
3 0.6225 0.9969 0.0075 0.0063
3 0.6081 0.9950 0.0100 0.0087
3 0.7584 0.9213 0.0263 0.0112
3 0.6184 0.9428 0.0150 0.0200
3 0.6178 0.9187 0.0138 0.0187
3 0.6287 0.9153 0.0138 0.0275
3 0.9887 0.8628 0.0212 0.0163
3 0.8950 0.9150 0.0150 0.0238
3 0.8841 0.9163 0.0150 0.0263
3 0.8725 0.9150 0.0138 0.0238
3 0.8606 0.9169 0.0150 0.0275
3 0.8506 0.9206 0.0138 0.0287
3 0.8363 0.9238 0.0163 0.0287
3 0.7006 0.9350 0.0138 0.0263
3 0.6894 0.9363 0.0163 0.0225
3 0.6766 0.9381 0.0125 0.0263
3 0.6663 0.9384 0.0138 0.0238
3 0.6537 0.9381 0.0138 0.0263
3 0.6987 0.9122 0.0163 0.0212
3 0.6875 0.9134 0.0125 0.0238
3 0.6747 0.9109 0.0150 0.0250
3 0.6641 0.9141 0.0125 0.0250
3 0.6516 0.9134 0.0125 0.0238
3 0.6406 0.9156 0.0125 0.0250
3 0.4113 0.2781 0.0225 0.0125
3 0.3644 0.4950 0.0225 0.0150
3 0.3597 0.5078 0.0225 0.0125
3 0.4941 0.5662 0.0100 0.0263
3 0.9919 0.8872 0.0150 0.0150
3 0.7516 0.9778 0.0125 0.0212
3 0.5847 0.3241 0.0225 0.0138
