3 0.4250 0.2850 0.0250 0.0512
3 0.4100 0.1038 0.0200 0.0263
3 0.4044 0.1806 0.0150 0.0300
3 0.4059 0.2116 0.0150 0.0263
3 0.2522 0.5537 0.0200 0.0138
3 0.2562 0.5691 0.0187 0.0100
3 0.3153 0.5347 0.0212 0.0163
3 0.3159 0.5484 0.0225 0.0125
3 0.3169 0.5613 0.0212 0.0163
3 0.3531 0.5544 0.0250 0.0150
3 0.3519 0.5278 0.0225 0.0150
3 0.4113 0.5222 0.0287 0.0163
3 0.4106 0.5363 0.0275 0.0163
3 0.4138 0.5478 0.0212 0.0112
3 0.4100 0.5631 0.0263 0.0138
3 0.3525 0.5422 0.0238 0.0125
3 0.2147 0.5441 0.0200 0.0163
3 0.2156 0.5566 0.0250 0.0163
3 0.2156 0.5719 0.0250 0.0187
3 0.1544 0.5534 0.0275 0.0163
3 0.1556 0.5653 0.0238 0.0150
3 0.1566 0.5912 0.0225 0.0138
3 0.4766 0.7781 0.0125 0.0312
3 0.5234 0.7341 0.0125 0.0338
3 0.4634 0.6412 0.0112 0.0263
3 0.4688 0.6919 0.0125 0.0212
3 0.4741 0.7184 0.0138 0.0212
3 0.1594 0.8103 0.0125 0.0238
3 0.2519 0.5416 0.0225 0.0112
3 0.1278 0.8116 0.0087 0.0263
3 0.1169 0.8147 0.0150 0.0263
3 0.1525 0.7578 0.0112 0.0250
3 0.1494 0.7312 0.0112 0.0187
3 0.1359 0.7331 0.0125 0.0225
3 0.1397 0.7578 0.0138 0.0250
3 0.1234 0.7609 0.0125 0.0250
3 0.1228 0.7359 0.0112 0.0250
3 0.7281 0.2747 0.0250 0.0150
3 0.7428 0.3763 0.0263 0.0150
3 0.7409 0.4022 0.0287 0.0138
3 0.7456 0.4422 0.0225 0.0187
3 0.7456 0.4781 0.0225 0.0125
3 0.7516 0.5647 0.0250 0.0200
3 0.9950 0.9444 0.0087 0.0138
3 0.1397 0.6769 0.0138 0.0287
3 0.4894 0.7616 0.0100 0.0200
