3 0.9028 0.0656 0.0150 0.0250
3 0.8766 0.0738 0.0125 0.0287
3 0.8650 0.0709 0.0112 0.0263
3 0.8525 0.0703 0.0112 0.0250
3 0.8400 0.0697 0.0112 0.0238
3 0.8281 0.0672 0.0125 0.0250
3 0.8088 0.0653 0.0112 0.0212
3 0.7934 0.0656 0.0150 0.0250
3 0.7816 0.0663 0.0163 0.0263
3 0.7712 0.0663 0.0112 0.0263
3 0.7588 0.0656 0.0112 0.0250
3 0.7463 0.0653 0.0112 0.0275
3 0.7316 0.0622 0.0100 0.0212
3 0.7213 0.0588 0.0112 0.0300
3 0.7087 0.0609 0.0112 0.0250
3 0.6969 0.0606 0.0125 0.0275
3 0.9847 0.0297 0.0163 0.0312
3 0.9600 0.0216 0.0138 0.0275
3 0.9275 0.0134 0.0112 0.0238
3 0.9163 0.0134 0.0138 0.0238
3 0.9025 0.0128 0.0112 0.0225
3 0.6844 0.0600 0.0125 0.0263
3 0.6719 0.0584 0.0125 0.0263
3 0.6594 0.0553 0.0125 0.0263
3 0.6509 0.0563 0.0112 0.0250
3 0.6378 0.0541 0.0100 0.0238
3 0.6238 0.0525 0.0100 0.0238
3 0.6122 0.0519 0.0150 0.0225
3 0.8903 0.0731 0.0150 0.0275
3 0.9141 0.0731 0.0125 0.0275
3 0.0047 0.7197 0.0063 0.0112
3 0.9350 0.0750 0.0138 0.0250
3 0.0922 0.8572 0.0312 0.0175
3 0.1009 0.8216 0.0238 0.0275
3 0.1578 0.5413 0.0187 0.0263
3 0.1128 0.5388 0.0225 0.0212
3 0.9719 0.0797 0.0125 0.0250
3 0.9581 0.0788 0.0100 0.0263
3 0.9469 0.0766 0.0125 0.0250
3 0.6025 0.0503 0.0112 0.0225
3 0.5916 0.0503 0.0112 0.0225
3 0.5778 0.0503 0.0087 0.0225
3 0.5659 0.0503 0.0100 0.0225
3 0.1962 0.0275 0.0112 0.0238
3 0.1847 0.0281 0.0163 0.0250
3 0.3534 0.0109 0.0225 0.0125
3 0.1731 0.0331 0.0150 0.0225
3 0.1594 0.0331 0.0125 0.0225
3 0.1487 0.0344 0.0163 0.0250
3 0.1372 0.0338 0.0150 0.0238
3 0.1272 0.0359 0.0138 0.0250
3 0.2078 0.0272 0.0125 0.0263
3 0.2219 0.0275 0.0125 0.0238
3 0.2328 0.0275 0.0125 0.0238
3 0.4125 0.0400 0.0125 0.0238
3 0.5553 0.0484 0.0138 0.0250
3 0.5406 0.0484 0.0125 0.0250
3 0.5300 0.0462 0.0100 0.0238
3 0.5188 0.0469 0.0125 0.0250
3 0.5078 0.0462 0.0125 0.0238
3 0.4953 0.0447 0.0125 0.0238
3 0.4841 0.0437 0.0150 0.0250
3 0.4719 0.0412 0.0125 0.0263
3 0.4594 0.0409 0.0125 0.0225
3 0.4484 0.0412 0.0125 0.0263
3 0.4362 0.0406 0.0100 0.0250
3 0.4244 0.0406 0.0112 0.0250
3 0.4009 0.0391 0.0112 0.0250
3 0.2462 0.0275 0.0112 0.0238
3 0.3891 0.0356 0.0125 0.0275
3 0.3750 0.0347 0.0125 0.0225
3 0.3634 0.0338 0.0112 0.0238
3 0.3525 0.0338 0.0112 0.0238
3 0.3406 0.0338 0.0125 0.0238
3 0.3275 0.0331 0.0112 0.0225
3 0.3166 0.0331 0.0112 0.0225
3 0.3066 0.0291 0.0100 0.0238
3 0.2931 0.0306 0.0112 0.0238
3 0.2800 0.0297 0.0100 0.0250
3 0.2681 0.0297 0.0112 0.0250
3 0.2562 0.0275 0.0125 0.0238
3 0.0091 0.8619 0.0150 0.0175
3 0.8781 0.0128 0.0125 0.0225
3 0.8650 0.0128 0.0112 0.0225
3 0.8528 0.0122 0.0087 0.0212
3 0.8397 0.0122 0.0075 0.0212
3 0.8300 0.0097 0.0100 0.0163
3 0.8191 0.0091 0.0100 0.0150
3 0.8059 0.0091 0.0087 0.0150
3 0.7950 0.0091 0.0087 0.0150
3 0.7812 0.0072 0.0063 0.0112
3 0.9934 0.0819 0.0087 0.0200
