3 0.8425 0.4184 0.0287 0.0150
3 0.2100 0.8722 0.0138 0.0287
3 0.4478 0.0922 0.0112 0.0250
3 0.4634 0.0906 0.0112 0.0250
3 0.4791 0.0900 0.0112 0.0238
3 0.4947 0.0928 0.0112 0.0263
3 0.5188 0.0950 0.0125 0.0212
3 0.5322 0.0938 0.0112 0.0250
3 0.5844 0.0966 0.0125 0.0275
3 0.4903 0.1628 0.0150 0.0287
3 0.3362 0.2431 0.0287 0.0175
3 0.1047 0.2053 0.0250 0.0200
3 0.1097 0.7231 0.0287 0.0150
3 0.1056 0.7397 0.0238 0.0138
3 0.1044 0.8247 0.0212 0.0150
3 0.1034 0.8406 0.0287 0.0125
3 0.1050 0.8538 0.0287 0.0138
3 0.1072 0.8656 0.0300 0.0125
3 0.0094 0.9056 0.0125 0.0238
3 0.4394 0.0588 0.0100 0.0238
3 0.1081 0.9088 0.0225 0.0112
3 0.2662 0.8778 0.0138 0.0275
3 0.2219 0.0506 0.0125 0.0263
3 0.2078 0.9466 0.0125 0.0275
3 0.7303 0.9484 0.0138 0.0250
3 0.6969 0.9500 0.0125 0.0250
3 0.6603 0.9516 0.0112 0.0250
3 0.7756 0.8781 0.0138 0.0250
3 0.7903 0.8809 0.0150 0.0275
3 0.8012 0.8781 0.0150 0.0250
3 0.8353 0.8356 0.0238 0.0150
3 0.8356 0.7878 0.0275 0.0163
3 0.8356 0.7725 0.0275 0.0138
3 0.8844 0.4353 0.0125 0.0300
3 0.3094 0.0491 0.0125 0.0263
3 0.2916 0.0491 0.0112 0.0263
3 0.2656 0.0516 0.0125 0.0250
3 0.2525 0.0481 0.0112 0.0275
3 0.2225 0.9463 0.0138 0.0300
3 0.2378 0.9453 0.0100 0.0250
3 0.2656 0.9478 0.0125 0.0300
3 0.4491 0.9453 0.0138 0.0250
3 0.4666 0.9459 0.0112 0.0263
3 0.4509 0.0522 0.0112 0.0263
