3 0.4272 0.1419 0.0138 0.0275
3 0.4828 0.0453 0.0187 0.0250
3 0.6644 0.0869 0.0100 0.0238
3 0.6525 0.0859 0.0112 0.0187
3 0.6394 0.0866 0.0100 0.0263
3 0.6284 0.0863 0.0100 0.0225
3 0.6159 0.0844 0.0100 0.0250
3 0.5912 0.0803 0.0138 0.0263
3 0.6034 0.0856 0.0100 0.0275
3 0.5787 0.0781 0.0138 0.0250
3 0.5678 0.0769 0.0138 0.0225
3 0.5550 0.0750 0.0163 0.0250
3 0.5275 0.0656 0.0175 0.0250
3 0.5166 0.0588 0.0175 0.0238
3 0.5050 0.0547 0.0163 0.0250
3 0.4750 0.0391 0.0187 0.0250
3 0.5950 0.1472 0.0087 0.0225
3 0.3931 0.0762 0.0112 0.0275
3 0.3800 0.0719 0.0100 0.0250
3 0.3650 0.0713 0.0112 0.0238
3 0.3525 0.0719 0.0112 0.0250
3 0.3406 0.0706 0.0125 0.0225
3 0.3284 0.0706 0.0100 0.0225
3 0.5837 0.1462 0.0112 0.0238
3 0.6453 0.1522 0.0125 0.0263
3 0.4141 0.1400 0.0125 0.0300
3 0.6069 0.1475 0.0138 0.0263
3 0.4006 0.1400 0.0138 0.0300
3 0.6047 0.0047 0.0125 0.0063
3 0.4744 0.1381 0.0112 0.0263
3 0.4869 0.1391 0.0112 0.0250
3 0.5219 0.1444 0.0125 0.0263
3 0.5463 0.1481 0.0112 0.0275
3 0.5600 0.1487 0.0138 0.0287
3 0.6197 0.1475 0.0112 0.0263
3 0.7203 0.1509 0.0125 0.0300
3 0.6319 0.1484 0.0138 0.0250
3 0.6578 0.1525 0.0125 0.0238
3 0.6809 0.1516 0.0150 0.0250
3 0.6947 0.1525 0.0112 0.0238
3 0.1653 0.3287 0.0150 0.0263
3 0.6838 0.6487 0.0112 0.0287
3 0.6975 0.6481 0.0138 0.0275
3 0.7112 0.6487 0.0163 0.0287
3 0.6697 0.1503 0.0112 0.0225
3 0.5106 0.1403 0.0087 0.0212
3 0.4838 0.6931 0.0112 0.0238
3 0.4925 0.6081 0.0100 0.0225
