3 0.5369 0.4419 0.0175 0.0275
3 0.2106 0.3563 0.0150 0.0250
3 0.1981 0.3559 0.0150 0.0275
3 0.1850 0.3628 0.0138 0.0225
3 0.0781 0.3684 0.0125 0.0275
3 0.1337 0.3253 0.0112 0.0225
3 0.0462 0.1663 0.0238 0.0263
3 0.1756 0.0859 0.0263 0.0250
3 0.0822 0.0725 0.0112 0.0263
3 0.1800 0.0559 0.0287 0.0275
3 0.1850 0.0275 0.0263 0.0238
3 0.2359 0.3522 0.0187 0.0263
3 0.2237 0.3528 0.0163 0.0275
3 0.2603 0.3469 0.0175 0.0250
3 0.0303 0.1872 0.0200 0.0212
3 0.2831 0.5912 0.0163 0.0263
3 0.0338 0.1209 0.0238 0.0263
3 0.0300 0.7256 0.0287 0.0138
3 0.0688 0.6331 0.0125 0.0287
3 0.1841 0.6059 0.0150 0.0275
3 0.2084 0.6025 0.0138 0.0300
3 0.2225 0.6031 0.0138 0.0250
3 0.2350 0.5991 0.0138 0.0263
3 0.2481 0.5947 0.0150 0.0300
3 0.2334 0.4437 0.0138 0.0250
3 0.2981 0.3412 0.0150 0.0263
3 0.2481 0.4437 0.0150 0.0250
3 0.4044 0.3841 0.0150 0.0212
3 0.3556 0.3937 0.0175 0.0312
3 0.2431 0.4166 0.0175 0.0300
3 0.2681 0.4069 0.0175 0.0263
3 0.3084 0.3756 0.0263 0.0138
3 0.3975 0.3228 0.0138 0.0238
3 0.3850 0.3272 0.0138 0.0263
3 0.3725 0.3266 0.0138 0.0250
3 0.3225 0.3391 0.0138 0.0250
