3 0.4444 0.0175 0.0200 0.0100
3 0.3763 0.7712 0.0087 0.0238
3 0.4119 0.7175 0.0112 0.0287
3 0.4003 0.7197 0.0100 0.0238
3 0.3869 0.7184 0.0112 0.0212
3 0.3759 0.7172 0.0112 0.0187
3 0.3644 0.7178 0.0100 0.0200
3 0.2784 0.7150 0.0100 0.0238
3 0.2650 0.7109 0.0112 0.0250
3 0.2566 0.7144 0.0100 0.0225
3 0.2337 0.7162 0.0112 0.0263
3 0.0387 0.0356 0.0212 0.0275
3 0.0713 0.0491 0.0238 0.0325
3 0.0119 0.0984 0.0175 0.0312
3 0.0241 0.0697 0.0200 0.0238
3 0.3900 0.7712 0.0112 0.0238
3 0.3294 0.7681 0.0087 0.0238
3 0.3950 0.0156 0.0212 0.0125
3 0.3166 0.7672 0.0112 0.0250
3 0.3672 0.0144 0.0250 0.0100
3 0.3444 0.0138 0.0263 0.0087
3 0.3047 0.0134 0.0250 0.0112
3 0.2703 0.0125 0.0250 0.0125
3 0.2131 0.7931 0.0138 0.0238
3 0.2578 0.7906 0.0125 0.0250
3 0.2337 0.7922 0.0112 0.0250
3 0.2462 0.8422 0.0112 0.0250
3 0.2200 0.8422 0.0087 0.0250
3 0.2334 0.8431 0.0075 0.0238
3 0.2981 0.8463 0.0087 0.0238
3 0.3081 0.8472 0.0100 0.0225
3 0.3394 0.8466 0.0100 0.0212
3 0.3706 0.8463 0.0100 0.0238
3 0.3825 0.8475 0.0087 0.0263
3 0.3750 0.7931 0.0125 0.0238
3 0.2984 0.7922 0.0125 0.0250
3 0.2709 0.7913 0.0138 0.0263
3 0.2462 0.7659 0.0112 0.0225
3 0.2581 0.7678 0.0100 0.0200
3 0.3531 0.7716 0.0125 0.0212
3 0.3212 0.7937 0.0112 0.0250
3 0.3053 0.7650 0.0138 0.0238
3 0.2153 0.0094 0.0212 0.0125
