3 0.4431 0.6150 0.0238 0.0112
3 0.4369 0.5197 0.0238 0.0112
3 0.4356 0.5084 0.0212 0.0138
3 0.4350 0.4959 0.0263 0.0138
3 0.4341 0.4797 0.0212 0.0125
3 0.4325 0.4659 0.0212 0.0100
3 0.4281 0.4556 0.0250 0.0112
3 0.4266 0.4434 0.0250 0.0087
3 0.4456 0.6231 0.0225 0.0087
3 0.4388 0.5328 0.0212 0.0125
3 0.4372 0.5453 0.0212 0.0125
3 0.4375 0.5572 0.0250 0.0112
3 0.4578 0.4975 0.0125 0.0263
3 0.0281 0.1050 0.0125 0.0350
3 0.0312 0.1344 0.0125 0.0250
3 0.0400 0.2416 0.0112 0.0300
3 0.4225 0.7269 0.0138 0.0225
3 0.4516 0.6609 0.0250 0.0125
3 0.4525 0.6731 0.0238 0.0150
3 0.0788 0.8681 0.0138 0.0238
3 0.0613 0.6200 0.0163 0.0338
3 0.0559 0.5237 0.0150 0.0287
3 0.3978 0.6687 0.0112 0.0250
3 0.3869 0.5481 0.0112 0.0275
3 0.3788 0.4562 0.0138 0.0312
3 0.3819 0.4888 0.0138 0.0275
3 0.3837 0.5200 0.0112 0.0338
3 0.3909 0.6094 0.0100 0.0250
3 0.3919 0.5794 0.0150 0.0275
3 0.4862 0.4938 0.0163 0.0250
3 0.0059 0.2222 0.0087 0.0287
3 0.8059 0.4144 0.0087 0.0225
