3 0.7172 0.9925 0.0250 0.0100
3 0.7084 0.7338 0.0138 0.0238
3 0.7194 0.7306 0.0138 0.0238
3 0.7778 0.9856 0.0275 0.0150
3 0.8209 0.9794 0.0263 0.0150
3 0.8466 0.9766 0.0275 0.0125
3 0.9284 0.9669 0.0225 0.0150
3 0.9009 0.9694 0.0238 0.0138
3 0.8731 0.9725 0.0275 0.0138
3 0.9559 0.9631 0.0275 0.0138
3 0.9231 0.2906 0.0150 0.0250
3 0.8762 0.2391 0.0150 0.0250
3 0.3347 0.9825 0.0287 0.0150
3 0.3625 0.9803 0.0312 0.0138
3 0.3937 0.9794 0.0250 0.0150
3 0.7450 0.9897 0.0275 0.0138
3 0.6769 0.9950 0.0225 0.0087
3 0.9878 0.9587 0.0225 0.0112
