3 0.8997 0.0775 0.0275 0.0112
3 0.9409 0.0797 0.0287 0.0125
3 0.7356 0.0725 0.0275 0.0138
3 0.7937 0.0738 0.0312 0.0163
3 0.6838 0.1281 0.0300 0.0125
3 0.7247 0.1322 0.0275 0.0112
3 0.7703 0.1303 0.0250 0.0138
3 0.8044 0.1334 0.0275 0.0138
3 0.8363 0.1344 0.0287 0.0125
3 0.8719 0.1347 0.0312 0.0163
3 0.9197 0.1356 0.0362 0.0150
3 0.9509 0.1153 0.0362 0.0150
3 0.9591 0.1391 0.0275 0.0125
3 0.9919 0.1391 0.0150 0.0125
3 0.8762 0.7325 0.0150 0.0275
3 0.8463 0.7294 0.0175 0.0275
3 0.7734 0.7291 0.0125 0.0238
3 0.7444 0.7334 0.0138 0.0263
3 0.7162 0.7303 0.0138 0.0263
3 0.7162 0.7003 0.0138 0.0287
3 0.6887 0.7300 0.0150 0.0287
3 0.6737 0.7278 0.0163 0.0275
3 0.6600 0.7241 0.0138 0.0263
3 0.6881 0.6975 0.0200 0.0325
3 0.6622 0.6937 0.0150 0.0312
3 0.6472 0.7225 0.0163 0.0325
3 0.6997 0.0719 0.0275 0.0125
3 0.6575 0.0709 0.0275 0.0138
3 0.6206 0.0678 0.0350 0.0138
3 0.2528 0.0741 0.0275 0.0138
3 0.4222 0.1216 0.0287 0.0150
3 0.5787 0.0663 0.0263 0.0138
3 0.4516 0.1216 0.0312 0.0150
3 0.4884 0.1219 0.0238 0.0125
3 0.5184 0.1212 0.0212 0.0112
3 0.5591 0.1241 0.0338 0.0138
3 0.6169 0.1281 0.0275 0.0125
3 0.6500 0.1288 0.0312 0.0138
3 0.4059 0.0600 0.0275 0.0138
3 0.4419 0.0600 0.0275 0.0138
3 0.4781 0.0634 0.0312 0.0112
3 0.5088 0.0650 0.0238 0.0112
3 0.5431 0.0656 0.0300 0.0125
3 0.6494 0.6925 0.0112 0.0287
3 0.7366 0.6294 0.0138 0.0275
3 0.7181 0.6259 0.0112 0.0300
3 0.4600 0.6912 0.0138 0.0263
3 0.5778 0.6241 0.0150 0.0263
3 0.5303 0.7247 0.0138 0.0275
3 0.5294 0.6941 0.0150 0.0287
3 0.5162 0.7219 0.0138 0.0250
3 0.5162 0.6922 0.0138 0.0250
3 0.5022 0.6934 0.0138 0.0275
3 0.4891 0.6931 0.0125 0.0238
3 0.5012 0.7241 0.0150 0.0263
3 0.4881 0.7231 0.0138 0.0275
3 0.4744 0.7184 0.0112 0.0275
3 0.4606 0.7209 0.0150 0.0263
3 0.4466 0.7206 0.0150 0.0225
3 0.5475 0.6225 0.0138 0.0263
3 0.4319 0.7178 0.0138 0.0263
3 0.4300 0.6856 0.0163 0.0275
3 0.4031 0.6897 0.0125 0.0263
3 0.4031 0.7144 0.0125 0.0225
3 0.3866 0.6900 0.0138 0.0238
3 0.3719 0.6844 0.0125 0.0250
3 0.3859 0.7166 0.0125 0.0238
3 0.3731 0.7128 0.0150 0.0225
3 0.3588 0.7125 0.0112 0.0250
3 0.3459 0.7131 0.0138 0.0263
3 0.2959 0.7438 0.0263 0.0187
3 0.5606 0.6216 0.0150 0.0275
3 0.5350 0.6234 0.0138 0.0250
3 0.6781 0.6238 0.0125 0.0287
3 0.5737 0.6912 0.0163 0.0263
3 0.6497 0.6238 0.0150 0.0287
3 0.6197 0.6222 0.0175 0.0287
3 0.5912 0.6234 0.0138 0.0250
3 0.6325 0.7247 0.0150 0.0275
3 0.6344 0.6947 0.0125 0.0238
3 0.6044 0.7241 0.0150 0.0263
3 0.5887 0.7244 0.0150 0.0300
3 0.6197 0.6937 0.0175 0.0312
3 0.5909 0.6934 0.0163 0.0275
3 0.6056 0.6931 0.0175 0.0300
3 0.5731 0.7213 0.0150 0.0238
3 0.5606 0.6925 0.0150 0.0287
3 0.5059 0.6238 0.0150 0.0287
3 0.5606 0.7250 0.0150 0.0312
3 0.5450 0.7234 0.0150 0.0250
3 0.5456 0.6937 0.0163 0.0312
3 0.3606 0.6156 0.0150 0.0250
3 0.3778 0.6169 0.0150 0.0275
3 0.3919 0.6172 0.0150 0.0250
3 0.4056 0.6200 0.0175 0.0275
3 0.4175 0.6191 0.0163 0.0287
3 0.4341 0.6225 0.0150 0.0263
3 0.4487 0.6206 0.0163 0.0287
3 0.4622 0.6222 0.0150 0.0287
3 0.4769 0.6184 0.0100 0.0212
3 0.4916 0.6206 0.0112 0.0225
3 0.4172 0.7169 0.0125 0.0275
