3 0.0341 0.6116 0.0150 0.0075
3 0.0669 0.6028 0.0150 0.0087
3 0.1741 0.6047 0.0138 0.0063
3 0.0762 0.5694 0.0150 0.0075
3 0.3237 0.6216 0.0163 0.0087
3 0.1125 0.1913 0.0125 0.0138
3 0.1056 0.1953 0.0112 0.0125
3 0.0994 0.1978 0.0112 0.0112
3 0.1809 0.2459 0.0150 0.0075
3 0.1872 0.2372 0.0150 0.0087
3 0.1856 0.2244 0.0150 0.0050
3 0.1862 0.1975 0.0163 0.0075
3 0.1941 0.1841 0.0163 0.0087
3 0.1953 0.1756 0.0125 0.0075
3 0.1944 0.1663 0.0138 0.0075
3 0.1997 0.1575 0.0150 0.0087
3 0.1881 0.2044 0.0138 0.0087
3 0.1688 0.0022 0.0063 0.0013
3 0.1866 0.2138 0.0138 0.0087
3 0.9394 0.6131 0.0163 0.0075
3 0.3969 0.5813 0.0125 0.0063
3 0.6106 0.6256 0.0150 0.0075
3 0.6859 0.6194 0.0125 0.0075
3 0.8281 0.6287 0.0187 0.0075
3 0.6975 0.6078 0.0138 0.0063
