3 0.6084 0.1669 0.0138 0.0150
3 0.0988 0.0147 0.0163 0.0075
3 0.7700 0.0384 0.0087 0.0175
3 0.7016 0.0091 0.0125 0.0150
3 0.6906 0.0263 0.0125 0.0087
3 0.6663 0.0563 0.0138 0.0063
3 0.7656 0.1197 0.0063 0.0175
3 0.7709 0.2881 0.0075 0.0138
3 0.7631 0.3391 0.0075 0.0125
3 0.7616 0.4122 0.0075 0.0150
3 0.9441 0.6975 0.0037 0.0138
3 0.9609 0.7234 0.0063 0.0125
3 0.9384 0.7225 0.0050 0.0138
3 0.9319 0.7231 0.0075 0.0150
3 0.9197 0.7231 0.0050 0.0150
3 0.9141 0.7238 0.0063 0.0163
3 0.9084 0.7231 0.0075 0.0150
3 0.8969 0.7225 0.0063 0.0138
3 0.8844 0.7231 0.0063 0.0150
3 0.8787 0.7234 0.0075 0.0125
3 0.8678 0.7225 0.0075 0.0138
3 0.8906 0.6944 0.0063 0.0138
3 0.8609 0.7225 0.0063 0.0138
3 0.8547 0.7216 0.0063 0.0150
3 0.8494 0.7225 0.0050 0.0138
3 0.8422 0.7225 0.0063 0.0138
3 0.9381 0.6956 0.0075 0.0163
3 0.9319 0.6966 0.0075 0.0150
3 0.9256 0.6969 0.0075 0.0125
3 0.9203 0.6781 0.0063 0.0125
3 0.9272 0.6781 0.0075 0.0125
3 0.9141 0.6931 0.0063 0.0112
3 0.9022 0.6928 0.0075 0.0138
3 0.8844 0.6944 0.0063 0.0138
3 0.8734 0.6947 0.0063 0.0112
3 0.8678 0.6944 0.0075 0.0138
3 0.8725 0.6781 0.0075 0.0125
3 0.7647 0.9256 0.0075 0.0138
3 0.7547 0.9716 0.0063 0.0150
3 0.6109 0.3063 0.0125 0.0125
3 0.4559 0.1725 0.0150 0.0075
3 0.5434 0.1462 0.0087 0.0112
3 0.5250 0.1478 0.0063 0.0112
3 0.5200 0.1500 0.0087 0.0125
3 0.5106 0.1553 0.0087 0.0138
3 0.4556 0.1644 0.0112 0.0100
3 0.5550 0.1862 0.0100 0.0100
3 0.5697 0.1828 0.0112 0.0125
3 0.5759 0.1781 0.0112 0.0125
3 0.1422 0.4747 0.0125 0.0087
3 0.1050 0.5353 0.0163 0.0050
3 0.1031 0.7250 0.0125 0.0063
3 0.1025 0.7719 0.0112 0.0063
3 0.1087 0.9497 0.0112 0.0087
3 0.0975 0.0381 0.0138 0.0075
3 0.5319 0.1466 0.0075 0.0150
