3 0.5356 0.8516 0.0150 0.0125
3 0.4734 0.6025 0.0125 0.0112
3 0.5422 0.6553 0.0125 0.0138
3 0.5106 0.6312 0.0150 0.0125
3 0.4144 0.6400 0.0100 0.0112
3 0.4016 0.6316 0.0125 0.0100
3 0.4478 0.6719 0.0112 0.0125
3 0.4600 0.6794 0.0138 0.0150
3 0.4950 0.6984 0.0087 0.0125
3 0.5159 0.7206 0.0100 0.0163
3 0.5619 0.6713 0.0112 0.0112
3 0.0291 0.8159 0.0175 0.0100
3 0.6494 0.7469 0.0112 0.0125
3 0.6597 0.8475 0.0100 0.0138
3 0.6775 0.8606 0.0112 0.0150
3 0.0475 0.7506 0.0075 0.0138
3 0.6947 0.8809 0.0112 0.0150
3 0.7081 0.8966 0.0100 0.0150
3 0.7194 0.9037 0.0138 0.0138
3 0.7331 0.9106 0.0100 0.0150
3 0.7987 0.9659 0.0163 0.0163
3 0.2381 0.7125 0.0138 0.0125
3 0.0375 0.7544 0.0063 0.0150
