3 0.0041 0.2638 0.0050 0.0150
3 0.2178 0.0419 0.0075 0.0150
3 0.2038 0.0447 0.0075 0.0112
3 0.1534 0.1337 0.0100 0.0175
3 0.6534 0.6700 0.0100 0.0150
3 0.6669 0.6744 0.0087 0.0175
3 0.4469 0.6616 0.0125 0.0138
3 0.4172 0.4303 0.0187 0.0138
3 0.0944 0.5616 0.0075 0.0138
3 0.1156 0.5659 0.0125 0.0163
3 0.1984 0.0906 0.0063 0.0125
3 0.2100 0.1094 0.0075 0.0125
3 0.0106 0.4609 0.0150 0.0125
3 0.0187 0.4056 0.0125 0.0112
3 0.0047 0.4972 0.0063 0.0100
3 0.0244 0.3706 0.0112 0.0100
3 0.6841 0.6772 0.0087 0.0138
3 0.6763 0.6744 0.0087 0.0175
3 0.6941 0.6797 0.0100 0.0125
3 0.7791 0.0659 0.0175 0.0100
3 0.3691 0.3459 0.0163 0.0138
3 0.0078 0.4681 0.0125 0.0050
3 0.0066 0.4753 0.0100 0.0100
3 0.0256 0.4472 0.0138 0.0100
3 0.1809 0.1212 0.0087 0.0175
3 0.1300 0.1391 0.0100 0.0187
3 0.1706 0.4122 0.0100 0.0150
3 0.1669 0.4331 0.0150 0.0100
3 0.4659 0.6687 0.0100 0.0187
3 0.7238 0.6897 0.0100 0.0138
3 0.9938 0.3994 0.0125 0.0175
3 0.7747 0.3300 0.0150 0.0163
3 0.7691 0.3244 0.0163 0.0175
3 0.7825 0.3125 0.0150 0.0187
3 0.7697 0.3438 0.0175 0.0187
3 0.7669 0.3528 0.0150 0.0150
3 0.4650 0.1691 0.0175 0.0100
3 0.3712 0.1725 0.0112 0.0138
3 0.5597 0.4400 0.0100 0.0175
3 0.5659 0.4422 0.0100 0.0187
3 0.5753 0.4447 0.0100 0.0175
3 0.5109 0.5544 0.0125 0.0212
3 0.8594 0.5625 0.0125 0.0063
3 0.8863 0.5513 0.0163 0.0087
3 0.9153 0.6044 0.0150 0.0087
3 0.9553 0.7063 0.0138 0.0125
3 0.9450 0.7172 0.0150 0.0125
3 0.9144 0.6247 0.0163 0.0087
3 0.7013 0.6469 0.0087 0.0125
3 0.7403 0.2994 0.0150 0.0175
3 0.7466 0.3059 0.0150 0.0150
3 0.7509 0.3109 0.0175 0.0187
3 0.7975 0.0047 0.0075 0.0063
3 0.5969 0.0928 0.0125 0.0138
3 0.5725 0.0194 0.0200 0.0138
3 0.7888 0.0072 0.0087 0.0112
3 0.7550 0.3172 0.0163 0.0187
3 0.6572 0.1163 0.0112 0.0138
3 0.6509 0.1169 0.0112 0.0150
3 0.5806 0.0959 0.0112 0.0138
3 0.5572 0.1028 0.0112 0.0150
3 0.5463 0.1200 0.0112 0.0150
3 0.5322 0.1237 0.0112 0.0163
3 0.7700 0.2544 0.0150 0.0087
3 0.7619 0.3219 0.0175 0.0187
