3 0.5044 0.8516 0.0150 0.0125
3 0.4412 0.6031 0.0138 0.0125
3 0.5094 0.6553 0.0125 0.0138
3 0.4794 0.6312 0.0150 0.0125
3 0.3816 0.6400 0.0100 0.0112
3 0.3688 0.6316 0.0125 0.0100
3 0.4150 0.6719 0.0112 0.0125
3 0.4272 0.6781 0.0138 0.0125
3 0.4622 0.6984 0.0087 0.0125
3 0.4844 0.7213 0.0125 0.0175
3 0.5291 0.6713 0.0112 0.0112
3 0.6166 0.7469 0.0112 0.0125
3 0.6269 0.8475 0.0100 0.0138
3 0.6456 0.8600 0.0100 0.0138
3 0.0147 0.7506 0.0075 0.0138
3 0.6619 0.8809 0.0112 0.0150
3 0.6769 0.8966 0.0100 0.0150
3 0.6866 0.9037 0.0138 0.0138
3 0.6975 0.9119 0.0138 0.0175
3 0.7659 0.9659 0.0163 0.0163
3 0.2053 0.7125 0.0138 0.0125
3 0.0059 0.7544 0.0087 0.0150
