3 0.4359 0.3419 0.0500 0.0212
3 0.3919 0.3822 0.0150 0.0362
3 0.3606 0.3503 0.0275 0.0475
3 0.2538 0.3084 0.0138 0.0263
3 0.3047 0.3350 0.0187 0.0512
3 0.3103 0.2644 0.0425 0.0163
3 0.3869 0.3094 0.0425 0.0125
3 0.4050 0.3891 0.0225 0.0500
3 0.4553 0.4556 0.0325 0.0175
3 0.5325 0.4506 0.0462 0.0325
3 0.4912 0.0441 0.0387 0.0287
3 0.2787 0.3869 0.0138 0.0112
3 0.3016 0.5078 0.0125 0.0063
3 0.8731 0.3294 0.0150 0.0150
3 0.7859 0.2781 0.0125 0.0125
3 0.5819 0.1334 0.0138 0.0138
3 0.7706 0.2556 0.0225 0.0175
3 0.4325 0.4781 0.0150 0.0125
3 0.6950 0.2044 0.0150 0.0150
3 0.5656 0.1125 0.0125 0.0125
3 0.2316 0.6234 0.0163 0.0063
3 0.2644 0.5700 0.0163 0.0087
3 0.2700 0.5578 0.0150 0.0063
3 0.4144 0.6125 0.0100 0.0063
3 0.4741 0.5700 0.0138 0.0150
3 0.4694 0.5763 0.0138 0.0150
3 0.4484 0.6153 0.0125 0.0150
3 0.4625 0.5881 0.0125 0.0138
3 0.4406 0.5687 0.0125 0.0063
3 0.4319 0.5844 0.0138 0.0063
3 0.4203 0.6006 0.0125 0.0075
3 0.4375 0.6350 0.0125 0.0138
3 0.4081 0.6750 0.0100 0.0125
3 0.3788 0.6716 0.0138 0.0087
3 0.2800 0.5425 0.0163 0.0100
