3 0.3775 0.7341 0.0550 0.0212
3 0.5075 0.8387 0.0338 0.0150
3 0.5034 0.7450 0.0225 0.0462
3 0.5653 0.7881 0.0212 0.0512
3 0.4813 0.9775 0.0125 0.0112
3 0.2881 0.8375 0.0138 0.0125
3 0.1231 0.7372 0.0150 0.0150
3 0.0359 0.6859 0.0125 0.0125
3 0.0206 0.6634 0.0225 0.0175
3 0.3425 0.9891 0.0163 0.0125
3 0.2809 0.9500 0.0150 0.0125
3 0.4116 0.3281 0.0138 0.0125
3 0.4103 0.3728 0.0112 0.0112
3 0.4084 0.3888 0.0138 0.0150
3 0.4838 0.2769 0.0112 0.0163
3 0.5794 0.7288 0.0150 0.0138
3 0.6278 0.5250 0.0150 0.0125
3 0.5081 0.2778 0.0100 0.0150
3 0.4084 0.4031 0.0138 0.0125
3 0.4066 0.5256 0.0100 0.0075
3 0.4044 0.5050 0.0150 0.0100
3 0.3766 0.5144 0.0125 0.0100
3 0.3775 0.4681 0.0112 0.0112
3 0.3753 0.4475 0.0163 0.0138
3 0.3784 0.4334 0.0163 0.0138
3 0.3797 0.4203 0.0125 0.0125
