3 0.7122 0.6219 0.0087 0.0125
3 0.0944 0.8322 0.0075 0.0112
3 0.2109 0.8178 0.0063 0.0138
3 0.2056 0.8172 0.0050 0.0125
3 0.2000 0.8162 0.0063 0.0138
3 0.1875 0.8147 0.0063 0.0138
3 0.2241 0.8203 0.0075 0.0125
3 0.1006 0.8313 0.0075 0.0125
3 0.1131 0.8344 0.0075 0.0125
3 0.2350 0.5928 0.0075 0.0138
3 0.2281 0.5919 0.0063 0.0150
3 0.1309 0.6494 0.0087 0.0112
3 0.2219 0.8484 0.0063 0.0125
3 0.2172 0.8484 0.0063 0.0125
3 0.2109 0.8463 0.0063 0.0112
3 0.2047 0.8469 0.0063 0.0125
3 0.1994 0.8469 0.0050 0.0125
3 0.1931 0.8463 0.0050 0.0112
3 0.1869 0.8463 0.0050 0.0112
3 0.1822 0.8456 0.0050 0.0100
3 0.1750 0.8412 0.0063 0.0138
3 0.1594 0.8425 0.0063 0.0100
3 0.1650 0.8416 0.0050 0.0112
3 0.1522 0.8406 0.0075 0.0125
3 0.1319 0.8359 0.0075 0.0125
3 0.1375 0.8381 0.0063 0.0138
3 0.1806 0.8141 0.0050 0.0125
3 0.1744 0.8141 0.0050 0.0125
3 0.1697 0.8125 0.0050 0.0125
3 0.1656 0.8125 0.0063 0.0125
3 0.0934 0.7991 0.0087 0.0138
3 0.0887 0.7975 0.0087 0.0138
3 0.0819 0.7975 0.0075 0.0138
3 0.0756 0.7963 0.0075 0.0112
3 0.0694 0.7947 0.0075 0.0112
3 0.0644 0.7937 0.0100 0.0125
3 0.0591 0.7913 0.0087 0.0138
3 0.0528 0.7906 0.0087 0.0125
3 0.0472 0.7875 0.0100 0.0125
3 0.0119 0.7397 0.0112 0.0138
3 0.0128 0.9969 0.0100 0.0063
3 0.0066 0.9956 0.0100 0.0100
3 0.0047 0.9912 0.0063 0.0138
3 0.1053 0.8031 0.0075 0.0125
3 0.1109 0.8025 0.0063 0.0112
3 0.1172 0.8050 0.0063 0.0100
3 0.1100 0.1334 0.0138 0.0138
3 0.1572 0.8109 0.0050 0.0125
3 0.1453 0.8094 0.0063 0.0125
3 0.1350 0.8078 0.0075 0.0125
3 0.1909 0.7406 0.0163 0.0063
3 0.1791 0.6084 0.0112 0.0138
3 0.0906 0.1141 0.0125 0.0125
3 0.1056 0.1281 0.0112 0.0125
3 0.0672 0.0369 0.0125 0.0112
3 0.1291 0.8053 0.0050 0.0138
3 0.2447 0.5944 0.0050 0.0138
3 0.2516 0.5969 0.0063 0.0125
3 0.2566 0.5969 0.0037 0.0125
3 0.3675 0.8475 0.0037 0.0138
3 0.6900 0.6025 0.0112 0.0112
3 0.6781 0.8419 0.0125 0.0087
3 0.5684 0.7744 0.0150 0.0112
3 0.5497 0.7691 0.0150 0.0100
3 0.4291 0.8531 0.0050 0.0125
3 0.4234 0.8516 0.0063 0.0125
3 0.4053 0.8481 0.0075 0.0150
3 0.3875 0.8469 0.0063 0.0125
3 0.8222 0.5391 0.0100 0.0125
3 0.7547 0.5772 0.0125 0.0075
3 0.9009 0.5388 0.0112 0.0150
3 0.8325 0.5344 0.0087 0.0125
3 0.7338 0.5725 0.0112 0.0138
3 0.9563 0.9613 0.0125 0.0100
3 0.9209 0.9525 0.0138 0.0112
3 0.3744 0.8478 0.0050 0.0112
3 0.3563 0.8478 0.0063 0.0112
3 0.2631 0.5969 0.0075 0.0125
3 0.3484 0.8463 0.0063 0.0112
3 0.3688 0.8181 0.0063 0.0112
3 0.3516 0.8178 0.0063 0.0138
3 0.3453 0.8181 0.0063 0.0112
3 0.3400 0.8181 0.0050 0.0112
3 0.3344 0.8181 0.0063 0.0112
3 0.3291 0.8175 0.0050 0.0100
3 0.3234 0.8175 0.0063 0.0100
3 0.3166 0.8175 0.0050 0.0100
3 0.3109 0.8181 0.0063 0.0112
3 0.3053 0.8187 0.0075 0.0125
3 0.2994 0.8178 0.0050 0.0138
3 0.2938 0.8187 0.0063 0.0125
3 0.2869 0.8187 0.0050 0.0125
3 0.2803 0.8178 0.0075 0.0138
3 0.3119 0.7594 0.0175 0.0063
3 0.1356 0.6469 0.0087 0.0125
3 0.2803 0.5713 0.0075 0.0112
3 0.3750 0.8181 0.0063 0.0112
3 0.3875 0.8313 0.0125 0.0063
3 0.4172 0.8216 0.0063 0.0150
3 0.2953 0.8484 0.0063 0.0125
3 0.3375 0.8494 0.0063 0.0112
3 0.3319 0.8494 0.0075 0.0112
3 0.3250 0.8500 0.0063 0.0125
3 0.3187 0.8475 0.0063 0.0138
3 0.3119 0.8484 0.0050 0.0125
3 0.3063 0.8478 0.0063 0.0112
3 0.3009 0.8484 0.0050 0.0125
3 0.2900 0.8484 0.0050 0.0125
3 0.4391 0.8253 0.0063 0.0100
3 0.5275 0.7719 0.0112 0.0063
3 0.4706 0.6528 0.0100 0.0150
3 0.4603 0.6450 0.0112 0.0150
3 0.4263 0.5938 0.0087 0.0125
3 0.4200 0.5906 0.0087 0.0125
3 0.4513 0.8256 0.0087 0.0138
3 0.4450 0.8250 0.0087 0.0125
