3 0.1569 0.3834 0.0138 0.0138
3 0.1900 0.5175 0.0112 0.0100
3 0.1322 0.6081 0.0112 0.0100
3 0.0141 0.7050 0.0125 0.0100
3 0.0066 0.7275 0.0100 0.0112
3 0.0813 0.7312 0.0125 0.0125
3 0.0753 0.7412 0.0163 0.0138
3 0.1650 0.6009 0.0112 0.0112
3 0.1719 0.5919 0.0125 0.0087
3 0.1422 0.5950 0.0125 0.0087
3 0.2009 0.5472 0.0112 0.0100
3 0.1831 0.5269 0.0100 0.0100
3 0.1816 0.5331 0.0100 0.0100
3 0.1775 0.5372 0.0112 0.0087
3 0.2203 0.5159 0.0125 0.0100
3 0.2141 0.5275 0.0125 0.0112
3 0.2081 0.5359 0.0163 0.0125
3 0.2038 0.5416 0.0138 0.0112
3 0.1225 0.5431 0.0138 0.0112
3 0.1447 0.5872 0.0112 0.0087
3 0.1966 0.5525 0.0150 0.0112
3 0.1759 0.5856 0.0112 0.0087
3 0.1578 0.5666 0.0125 0.0112
3 0.1337 0.5728 0.0112 0.0112
3 0.1288 0.5837 0.0138 0.0112
3 0.1522 0.5775 0.0138 0.0112
3 0.1487 0.5831 0.0100 0.0100
3 0.1859 0.5212 0.0125 0.0112
3 0.2009 0.5019 0.0112 0.0100
3 0.2413 0.0822 0.0075 0.0112
3 0.3563 0.0678 0.0063 0.0138
3 0.3509 0.0672 0.0050 0.0125
3 0.3453 0.0663 0.0063 0.0138
3 0.3328 0.0647 0.0063 0.0138
3 0.3728 0.3541 0.0112 0.0112
3 0.4094 0.3606 0.0125 0.0087
3 0.4287 0.3694 0.0138 0.0075
3 0.4588 0.3888 0.0112 0.0087
3 0.4500 0.3862 0.0125 0.0100
3 0.4475 0.4041 0.0138 0.0112
3 0.4397 0.4272 0.0075 0.0138
3 0.4194 0.4838 0.0138 0.0112
3 0.3694 0.0703 0.0075 0.0125
3 0.2475 0.0813 0.0075 0.0125
3 0.1638 0.5284 0.0087 0.0100
3 0.2600 0.0844 0.0075 0.0125
3 0.3688 0.0984 0.0063 0.0125
3 0.3625 0.0984 0.0063 0.0125
3 0.3563 0.0963 0.0063 0.0112
3 0.3500 0.0969 0.0063 0.0125
3 0.3447 0.0969 0.0050 0.0125
3 0.3384 0.0963 0.0050 0.0112
3 0.3337 0.0963 0.0050 0.0112
3 0.3291 0.0956 0.0050 0.0100
3 0.3219 0.0912 0.0063 0.0138
3 0.3063 0.0925 0.0063 0.0100
3 0.3119 0.0916 0.0050 0.0112
3 0.2991 0.0906 0.0075 0.0125
3 0.2772 0.0859 0.0075 0.0125
3 0.2844 0.0881 0.0063 0.0138
3 0.3275 0.0641 0.0050 0.0125
3 0.3212 0.0641 0.0050 0.0125
3 0.3166 0.0625 0.0050 0.0125
3 0.3125 0.0625 0.0063 0.0125
3 0.2388 0.0491 0.0087 0.0138
3 0.2341 0.0475 0.0087 0.0138
3 0.2288 0.0475 0.0075 0.0138
3 0.2225 0.0462 0.0075 0.0112
3 0.2162 0.0447 0.0075 0.0112
3 0.2112 0.0437 0.0100 0.0125
3 0.2059 0.0412 0.0087 0.0138
3 0.1997 0.0406 0.0087 0.0125
3 0.1941 0.0375 0.0100 0.0125
3 0.2562 0.4206 0.0125 0.0100
3 0.2153 0.3716 0.0150 0.0087
3 0.2469 0.3581 0.0125 0.0100
3 0.1209 0.3572 0.0138 0.0112
3 0.1588 0.2494 0.0112 0.0112
3 0.1519 0.2462 0.0100 0.0112
3 0.1478 0.2419 0.0112 0.0150
3 0.2506 0.0531 0.0075 0.0125
3 0.2562 0.0525 0.0063 0.0112
3 0.2625 0.0550 0.0063 0.0100
3 0.3041 0.0609 0.0050 0.0125
3 0.2922 0.0594 0.0063 0.0125
3 0.2819 0.0578 0.0075 0.0125
3 0.2744 0.0553 0.0050 0.0138
3 0.5144 0.0975 0.0037 0.0138
3 0.8250 0.0919 0.0125 0.0087
3 0.7147 0.0244 0.0138 0.0112
3 0.6966 0.0191 0.0150 0.0100
3 0.5166 0.4313 0.0112 0.0125
3 0.4834 0.3756 0.0075 0.0138
3 0.5744 0.1031 0.0050 0.0125
3 0.5687 0.1016 0.0063 0.0125
3 0.5506 0.0981 0.0075 0.0150
3 0.5328 0.0969 0.0063 0.0125
3 0.0281 0.2909 0.0125 0.0100
3 0.1131 0.3250 0.0138 0.0125
3 0.5197 0.0978 0.0050 0.0112
3 0.5016 0.0978 0.0063 0.0112
3 0.4938 0.0963 0.0063 0.0112
3 0.5159 0.0681 0.0037 0.0112
3 0.4984 0.0678 0.0063 0.0138
3 0.4922 0.0681 0.0063 0.0112
3 0.4869 0.0681 0.0050 0.0112
3 0.4813 0.0681 0.0063 0.0112
3 0.4744 0.0675 0.0050 0.0100
3 0.4688 0.0675 0.0063 0.0100
3 0.4619 0.0675 0.0050 0.0100
3 0.4562 0.0681 0.0063 0.0112
3 0.4506 0.0688 0.0075 0.0125
3 0.4447 0.0678 0.0050 0.0138
3 0.4375 0.0688 0.0063 0.0125
3 0.4319 0.0678 0.0075 0.0138
3 0.4259 0.0688 0.0050 0.0125
3 0.4588 0.0094 0.0175 0.0063
3 0.5203 0.0681 0.0063 0.0112
3 0.5344 0.0813 0.0125 0.0063
3 0.5625 0.0716 0.0063 0.0150
3 0.4422 0.0984 0.0063 0.0125
3 0.4828 0.0994 0.0063 0.0112
3 0.4772 0.0994 0.0075 0.0112
3 0.4719 0.1000 0.0063 0.0125
3 0.4656 0.0975 0.0063 0.0138
3 0.4588 0.0984 0.0050 0.0125
3 0.4531 0.0978 0.0063 0.0112
3 0.4478 0.0984 0.0050 0.0125
3 0.4369 0.0984 0.0050 0.0125
3 0.5859 0.0753 0.0063 0.0100
3 0.6744 0.0219 0.0112 0.0063
3 0.5981 0.0756 0.0087 0.0138
3 0.5906 0.0744 0.0063 0.0112
3 0.1431 0.2391 0.0112 0.0125
3 0.1384 0.2353 0.0112 0.0112
3 0.1322 0.2344 0.0112 0.0125
3 0.0775 0.4547 0.0112 0.0125
3 0.0588 0.4081 0.0112 0.0100
3 0.0550 0.4134 0.0100 0.0112
3 0.0516 0.4181 0.0125 0.0112
3 0.0469 0.4216 0.0125 0.0087
3 0.0437 0.4269 0.0125 0.0100
3 0.0412 0.4325 0.0138 0.0087
3 0.0384 0.4378 0.0112 0.0100
3 0.0331 0.4409 0.0100 0.0100
3 0.0916 0.4019 0.0112 0.0100
3 0.0831 0.4144 0.0100 0.0100
3 0.0797 0.4181 0.0125 0.0112
3 0.0775 0.4216 0.0112 0.0087
3 0.0734 0.4259 0.0125 0.0112
3 0.1184 0.3922 0.0150 0.0125
3 0.0581 0.4541 0.0100 0.0112
3 0.0550 0.4588 0.0100 0.0112
3 0.0719 0.4684 0.0125 0.0087
3 0.0625 0.4041 0.0125 0.0112
3 0.0650 0.4000 0.0112 0.0125
3 0.0688 0.3956 0.0125 0.0100
3 0.0500 0.3894 0.0125 0.0100
3 0.0053 0.4134 0.0075 0.0112
3 0.0034 0.4188 0.0037 0.0063
3 0.0788 0.3456 0.0138 0.0100
3 0.0759 0.3497 0.0112 0.0087
3 0.0719 0.3544 0.0125 0.0087
3 0.0681 0.3581 0.0112 0.0100
3 0.0656 0.3644 0.0125 0.0100
3 0.0462 0.3931 0.0112 0.0112
3 0.0734 0.3869 0.0125 0.0112
3 0.0434 0.4003 0.0087 0.0100
3 0.0406 0.4047 0.0125 0.0125
3 0.0391 0.4097 0.0125 0.0100
3 0.0338 0.4144 0.0112 0.0100
3 0.0900 0.3638 0.0112 0.0087
3 0.0844 0.3697 0.0125 0.0112
3 0.0775 0.3800 0.0112 0.0100
3 0.0744 0.4612 0.0112 0.0100
3 0.0838 0.4463 0.0112 0.0112
3 0.0087 0.4019 0.0112 0.0100
3 0.0866 0.4425 0.0138 0.0100
3 0.1050 0.4612 0.0100 0.0100
3 0.1025 0.4659 0.0112 0.0100
3 0.0988 0.4700 0.0100 0.0087
3 0.0956 0.4756 0.0100 0.0075
3 0.0922 0.4794 0.0125 0.0087
3 0.1225 0.4659 0.0138 0.0100
3 0.1256 0.4603 0.0138 0.0112
3 0.1163 0.4759 0.0138 0.0112
3 0.1144 0.4816 0.0100 0.0100
3 0.1094 0.4847 0.0125 0.0100
3 0.1059 0.4894 0.0087 0.0100
3 0.2056 0.4144 0.0112 0.0100
3 0.1359 0.4900 0.0125 0.0112
3 0.1331 0.4956 0.0100 0.0100
3 0.1306 0.5003 0.0112 0.0100
3 0.1562 0.4941 0.0125 0.0100
3 0.1406 0.5134 0.0125 0.0112
3 0.1087 0.4572 0.0112 0.0112
3 0.1109 0.4509 0.0125 0.0112
3 0.1150 0.4456 0.0112 0.0100
3 0.0919 0.4378 0.0087 0.0100
3 0.0963 0.4269 0.0112 0.0100
3 0.1212 0.4356 0.0112 0.0087
3 0.1187 0.4388 0.0125 0.0087
3 0.0072 0.4078 0.0112 0.0125
3 0.0116 0.3987 0.0138 0.0100
3 0.0584 0.1837 0.0075 0.0112
3 0.0041 0.3066 0.0050 0.0100
3 0.0072 0.2987 0.0112 0.0100
3 0.0041 0.2653 0.0050 0.0087
3 0.0066 0.2556 0.0100 0.0112
3 0.0491 0.2275 0.0138 0.0112
3 0.1772 0.3525 0.0138 0.0112
3 0.2297 0.3456 0.0125 0.0100
3 0.2478 0.3997 0.0112 0.0087
3 0.2275 0.3878 0.0112 0.0100
3 0.2344 0.3769 0.0125 0.0100
3 0.2078 0.3400 0.0125 0.0112
3 0.2038 0.3456 0.0138 0.0100
3 0.1906 0.3628 0.0125 0.0100
3 0.1712 0.3144 0.0112 0.0100
3 0.0328 0.2587 0.0125 0.0112
3 0.1413 0.3263 0.0138 0.0087
3 0.1212 0.3112 0.0112 0.0100
3 0.1328 0.3019 0.0125 0.0100
3 0.0384 0.2831 0.0112 0.0100
3 0.0797 0.2966 0.0125 0.0087
3 0.0928 0.2825 0.0138 0.0087
3 0.1031 0.2619 0.0125 0.0112
3 0.0191 0.3888 0.0100 0.0087
3 0.0234 0.3009 0.0125 0.0112
3 0.0156 0.3666 0.0125 0.0112
3 0.0103 0.3712 0.0112 0.0112
3 0.0072 0.3759 0.0112 0.0112
3 0.0047 0.3862 0.0063 0.0100
3 0.0650 0.3216 0.0112 0.0087
3 0.0594 0.3244 0.0125 0.0112
3 0.0588 0.3331 0.0112 0.0100
3 0.0541 0.3362 0.0112 0.0100
3 0.0500 0.3425 0.0125 0.0100
3 0.0469 0.3456 0.0125 0.0100
3 0.0437 0.3509 0.0125 0.0112
3 0.0387 0.3597 0.0087 0.0100
3 0.0344 0.3656 0.0125 0.0125
3 0.0312 0.3700 0.0125 0.0087
3 0.0281 0.3753 0.0125 0.0100
3 0.0244 0.3784 0.0112 0.0100
3 0.0219 0.3831 0.0125 0.0100
3 0.0281 0.3400 0.0125 0.0112
3 0.0338 0.3369 0.0112 0.0112
3 0.0369 0.3331 0.0112 0.0100
3 0.0219 0.3072 0.0125 0.0112
3 0.0166 0.3112 0.0112 0.0100
3 0.0125 0.3150 0.0125 0.0112
3 0.0059 0.3306 0.0087 0.0112
3 0.0406 0.3269 0.0125 0.0100
3 0.0491 0.3119 0.0138 0.0112
3 0.0469 0.3156 0.0125 0.0125
3 0.0437 0.3212 0.0125 0.0112
3 0.0594 0.7619 0.0125 0.0112
