3 0.7225 0.6459 0.0263 0.0200
3 0.7194 0.6338 0.0325 0.0238
3 0.7178 0.8131 0.0263 0.0138
3 0.9738 0.6691 0.0225 0.0350
3 0.8991 0.6734 0.0325 0.0125
3 0.9363 0.6756 0.0287 0.0138
3 0.7194 0.6622 0.0325 0.0212
3 0.7153 0.6766 0.0338 0.0250
3 0.7184 0.6900 0.0338 0.0238
3 0.1125 0.5031 0.0312 0.0125
3 0.1738 0.3169 0.0163 0.0275
3 0.1859 0.3144 0.0125 0.0225
3 0.1113 0.4616 0.0287 0.0138
3 0.1113 0.4744 0.0287 0.0112
3 0.1109 0.4897 0.0312 0.0138
3 0.7150 0.7063 0.0300 0.0250
3 0.3812 0.6981 0.0125 0.0275
3 0.9125 0.1294 0.0187 0.0275
3 0.9409 0.1300 0.0163 0.0225
3 0.8538 0.4691 0.0263 0.0163
3 0.3050 0.6994 0.0163 0.0238
3 0.3181 0.6981 0.0112 0.0275
3 0.3337 0.7019 0.0112 0.0225
3 0.4150 0.6963 0.0112 0.0238
3 0.3044 0.7672 0.0150 0.0250
3 0.3250 0.7669 0.0125 0.0212
3 0.7181 0.7781 0.0300 0.0250
3 0.7162 0.7650 0.0325 0.0238
3 0.7169 0.7456 0.0275 0.0225
3 0.7175 0.7197 0.0350 0.0238
3 0.5566 0.1556 0.0163 0.0238
3 0.5006 0.1556 0.0138 0.0238
3 0.4847 0.1575 0.0163 0.0275
3 0.4481 0.1544 0.0150 0.0275
3 0.4350 0.1562 0.0138 0.0250
3 0.4037 0.1506 0.0138 0.0263
3 0.3747 0.1550 0.0150 0.0287
3 0.3175 0.1509 0.0163 0.0238
3 0.2741 0.1512 0.0138 0.0212
3 0.2228 0.7659 0.0112 0.0225
3 0.2050 0.7641 0.0163 0.0250
3 0.1919 0.7628 0.0150 0.0225
3 0.1638 0.7641 0.0150 0.0250
3 0.1647 0.6775 0.0138 0.0238
3 0.1116 0.6719 0.0138 0.0250
3 0.2381 0.7669 0.0138 0.0212
