3 0.7225 0.7428 0.0263 0.0200
3 0.7194 0.7300 0.0263 0.0163
3 0.7178 0.9100 0.0263 0.0138
3 0.9738 0.7644 0.0225 0.0350
3 0.8991 0.7703 0.0325 0.0125
3 0.9363 0.7725 0.0287 0.0138
3 0.7194 0.7575 0.0325 0.0212
3 0.7153 0.7719 0.0338 0.0250
3 0.7172 0.7878 0.0312 0.0225
3 0.1125 0.5984 0.0312 0.0125
3 0.1950 0.0109 0.0212 0.0187
3 0.1738 0.4122 0.0163 0.0275
3 0.1859 0.4113 0.0125 0.0225
3 0.1113 0.5584 0.0287 0.0138
3 0.1113 0.5713 0.0287 0.0112
3 0.1109 0.5850 0.0312 0.0138
3 0.7150 0.8031 0.0300 0.0250
3 0.3812 0.7934 0.0125 0.0275
3 0.9125 0.2263 0.0187 0.0275
3 0.9409 0.2269 0.0163 0.0225
3 0.8538 0.5659 0.0263 0.0163
3 0.3050 0.7963 0.0163 0.0238
3 0.3181 0.7950 0.0112 0.0275
3 0.3337 0.7972 0.0112 0.0225
3 0.4150 0.7916 0.0112 0.0238
3 0.3044 0.8641 0.0150 0.0250
3 0.3250 0.8637 0.0125 0.0212
3 0.7181 0.8750 0.0300 0.0250
3 0.7156 0.8597 0.0312 0.0225
3 0.7175 0.8419 0.0287 0.0212
3 0.7156 0.8131 0.0312 0.0200
3 0.5566 0.2525 0.0163 0.0238
3 0.5006 0.2525 0.0138 0.0238
3 0.4847 0.2544 0.0163 0.0275
3 0.4481 0.2513 0.0150 0.0275
3 0.4350 0.2531 0.0138 0.0250
3 0.4037 0.2475 0.0138 0.0263
3 0.3747 0.2503 0.0150 0.0287
3 0.3175 0.2462 0.0163 0.0238
3 0.2741 0.2466 0.0138 0.0212
3 0.7850 0.0537 0.0325 0.0138
3 0.7403 0.0503 0.0150 0.0287
3 0.2228 0.8628 0.0112 0.0225
3 0.2050 0.8594 0.0163 0.0250
3 0.1919 0.8581 0.0150 0.0225
3 0.1638 0.8594 0.0150 0.0250
3 0.1647 0.7744 0.0138 0.0238
3 0.1116 0.7688 0.0138 0.0250
3 0.2388 0.8619 0.0150 0.0238
