3 0.1913 0.1294 0.0138 0.0275
3 0.1650 0.1284 0.0175 0.0287
3 0.1788 0.1278 0.0138 0.0275
3 0.2288 0.1294 0.0138 0.0275
3 0.2437 0.1294 0.0125 0.0275
3 0.3063 0.4403 0.0125 0.0275
3 0.8625 0.5031 0.0312 0.0125
3 0.9238 0.3169 0.0163 0.0275
3 0.9359 0.3144 0.0125 0.0225
3 0.8613 0.4616 0.0287 0.0138
3 0.8613 0.4744 0.0287 0.0112
3 0.2703 0.1281 0.0125 0.0250
3 0.2762 0.2406 0.0150 0.0250
3 0.3341 0.6922 0.0150 0.0312
3 0.3209 0.6900 0.0138 0.0238
3 0.3031 0.6900 0.0125 0.0238
3 0.2741 0.6906 0.0138 0.0250
3 0.2609 0.6916 0.0125 0.0238
3 0.2472 0.6903 0.0100 0.0212
3 0.2334 0.6894 0.0138 0.0225
3 0.1663 0.6903 0.0138 0.0275
3 0.1537 0.6894 0.0138 0.0287
3 0.0950 0.6884 0.0150 0.0238
3 0.1094 0.6878 0.0125 0.0225
3 0.8609 0.4897 0.0312 0.0138
3 0.6394 0.7934 0.0287 0.0150
3 0.6306 0.7694 0.0238 0.0138
3 0.9728 0.7659 0.0112 0.0225
3 0.9550 0.7641 0.0163 0.0250
3 0.9419 0.7628 0.0150 0.0225
3 0.9137 0.7641 0.0150 0.0250
3 0.9147 0.6775 0.0138 0.0238
3 0.8616 0.6719 0.0138 0.0250
3 0.2903 0.6894 0.0150 0.0225
3 0.9884 0.7647 0.0112 0.0200
