3 0.4134 0.2519 0.0425 0.0163
3 0.5972 0.2631 0.0287 0.0138
3 0.3006 0.8469 0.0263 0.0125
3 0.5819 0.2003 0.0138 0.0225
3 0.0175 0.8316 0.0163 0.0287
3 0.3897 0.2000 0.0138 0.0250
3 0.4144 0.2081 0.0225 0.0225
3 0.4459 0.1978 0.0138 0.0238
3 0.4594 0.1947 0.0125 0.0238
3 0.4806 0.1888 0.0112 0.0212
3 0.4938 0.1941 0.0125 0.0287
3 0.5256 0.1984 0.0138 0.0250
3 0.5484 0.1975 0.0125 0.0263
3 0.5650 0.2081 0.0112 0.0225
3 0.5981 0.2041 0.0150 0.0300
3 0.6169 0.2031 0.0150 0.0250
3 0.6466 0.2025 0.0150 0.0238
3 0.6647 0.2038 0.0138 0.0263
3 0.6797 0.2022 0.0125 0.0263
3 0.6937 0.2009 0.0125 0.0238
3 0.7087 0.2056 0.0112 0.0238
3 0.7294 0.2031 0.0150 0.0250
3 0.5837 0.1625 0.0238 0.0312
3 0.6031 0.1631 0.0250 0.0325
3 0.6209 0.1634 0.0138 0.0300
3 0.6369 0.1669 0.0175 0.0275
3 0.4025 0.2672 0.0238 0.0125
3 0.0066 0.4616 0.0100 0.0263
3 0.3453 0.3031 0.0312 0.0125
3 0.0287 0.4606 0.0138 0.0275
3 0.0253 0.5184 0.0163 0.0338
3 0.0059 0.5966 0.0087 0.0275
3 0.0734 0.5188 0.0125 0.0250
3 0.1203 0.5181 0.0125 0.0238
3 0.1894 0.5644 0.0163 0.0225
3 0.1328 0.5197 0.0125 0.0238
3 0.1413 0.4519 0.0138 0.0287
3 0.1216 0.4522 0.0150 0.0263
3 0.1069 0.4547 0.0138 0.0250
3 0.0769 0.4597 0.0163 0.0287
3 0.0616 0.4619 0.0138 0.0300
3 0.0406 0.4597 0.0125 0.0225
3 0.4012 0.2797 0.0275 0.0125
3 0.3397 0.3459 0.0325 0.0138
3 0.9466 0.5734 0.0150 0.0312
3 0.3403 0.3575 0.0212 0.0087
3 0.3944 0.2984 0.0200 0.0125
3 0.3419 0.3712 0.0212 0.0112
3 0.3953 0.3497 0.0250 0.0150
3 0.3706 0.3828 0.0225 0.0125
3 0.4231 0.3647 0.0275 0.0138
3 0.4213 0.3797 0.0238 0.0125
3 0.4250 0.3478 0.0250 0.0112
3 0.3956 0.3353 0.0225 0.0112
3 0.4213 0.3350 0.0238 0.0138
3 0.3956 0.3234 0.0225 0.0125
3 0.4188 0.3228 0.0250 0.0112
3 0.4191 0.3103 0.0287 0.0112
3 0.3941 0.3119 0.0225 0.0112
3 0.4813 0.3178 0.0250 0.0138
3 0.9887 0.2484 0.0212 0.0125
3 0.4841 0.3297 0.0275 0.0125
3 0.4838 0.3412 0.0238 0.0138
3 0.4844 0.3550 0.0250 0.0100
3 0.4844 0.3672 0.0250 0.0125
3 0.4816 0.3788 0.0225 0.0138
3 0.4794 0.3937 0.0275 0.0125
3 0.6194 0.4534 0.0138 0.0287
3 0.6234 0.6069 0.0125 0.0263
3 0.7056 0.5312 0.0300 0.0125
3 0.4075 0.7562 0.0275 0.0125
3 0.5006 0.7778 0.0138 0.0212
3 0.4222 0.2978 0.0225 0.0112
