3 0.8897 0.0853 0.0138 0.0300
3 0.4100 0.9453 0.0263 0.0125
3 0.6703 0.2013 0.0125 0.0212
3 0.8644 0.0634 0.0163 0.0300
3 0.7566 0.4134 0.0225 0.0112
3 0.7537 0.3978 0.0263 0.0112
3 0.7500 0.3625 0.0250 0.0125
3 0.7512 0.3509 0.0212 0.0112
3 0.7516 0.3156 0.0250 0.0125
3 0.7488 0.2909 0.0225 0.0100
3 0.8234 0.3256 0.0125 0.0200
3 0.8491 0.3869 0.0138 0.0238
3 0.8584 0.3063 0.0138 0.0250
3 0.8769 0.3847 0.0100 0.0225
3 0.8609 0.3866 0.0125 0.0200
3 0.8059 0.1506 0.0150 0.0263
3 0.0119 0.6025 0.0112 0.0238
