3 0.7087 0.6197 0.0238 0.0112
3 0.4834 0.6331 0.0200 0.0225
3 0.4888 0.6225 0.0212 0.0263
3 0.4838 0.5941 0.0238 0.0287
3 0.4894 0.5694 0.0225 0.0263
3 0.4906 0.5525 0.0250 0.0238
3 0.4906 0.5297 0.0250 0.0250
3 0.4950 0.5116 0.0212 0.0263
3 0.4987 0.4931 0.0225 0.0238
3 0.5006 0.4753 0.0200 0.0225
3 0.5494 0.5088 0.0238 0.0112
3 0.5513 0.4963 0.0212 0.0112
3 0.5503 0.4844 0.0225 0.0125
3 0.5494 0.4734 0.0238 0.0125
3 0.5487 0.4600 0.0225 0.0138
3 0.5503 0.4491 0.0225 0.0138
3 0.5463 0.4350 0.0238 0.0138
3 0.5003 0.9906 0.0225 0.0187
3 0.5247 0.9706 0.0212 0.0225
3 0.5306 0.9797 0.0238 0.0250
3 0.5478 0.9919 0.0238 0.0150
3 0.5394 0.9894 0.0225 0.0225
3 0.5116 0.9956 0.0200 0.0100
3 0.5750 0.4131 0.0250 0.0138
3 0.5763 0.4384 0.0212 0.0112
3 0.6325 0.4384 0.0212 0.0112
3 0.1350 0.8719 0.0263 0.0250
3 0.1244 0.8772 0.0238 0.0263
3 0.1072 0.8969 0.0238 0.0250
3 0.1184 0.9406 0.0212 0.0187
3 0.1119 0.9325 0.0238 0.0212
3 0.1041 0.9247 0.0238 0.0212
3 0.1553 0.8444 0.0200 0.0200
3 0.1425 0.8603 0.0225 0.0238
3 0.1628 0.8384 0.0225 0.0238
3 0.6344 0.4269 0.0250 0.0100
3 0.2022 0.9091 0.0200 0.0212
3 0.7078 0.5597 0.0250 0.0100
3 0.7103 0.5363 0.0238 0.0100
3 0.7100 0.5109 0.0263 0.0125
3 0.7153 0.4050 0.0275 0.0100
3 0.3534 0.6156 0.0287 0.0375
3 0.3025 0.7937 0.0238 0.0250
3 0.1469 0.9675 0.0250 0.0225
3 0.2587 0.9581 0.0238 0.0225
3 0.2316 0.9309 0.0225 0.0212
3 0.2103 0.9166 0.0238 0.0238
3 0.2856 0.9106 0.0275 0.0275
3 0.1744 0.8300 0.0238 0.0225
3 0.3344 0.9125 0.0250 0.0250
3 0.3187 0.8959 0.0250 0.0263
3 0.3047 0.8766 0.0250 0.0250
3 0.1934 0.8988 0.0150 0.0163
3 0.2684 0.8412 0.0212 0.0200
3 0.2081 0.7963 0.0225 0.0238
3 0.2162 0.7872 0.0200 0.0212
3 0.2325 0.7700 0.0212 0.0212
3 0.1934 0.8131 0.0212 0.0200
3 0.1837 0.8206 0.0238 0.0225
3 0.7072 0.5938 0.0238 0.0125
3 0.6556 0.6062 0.0238 0.0125
3 0.6309 0.6306 0.0212 0.0112
3 0.6306 0.6172 0.0238 0.0125
3 0.6566 0.6184 0.0225 0.0087
3 0.6525 0.6438 0.0238 0.0125
3 0.6519 0.6531 0.0225 0.0125
3 0.6300 0.6416 0.0225 0.0112
3 0.5463 0.5916 0.0238 0.0112
3 0.5481 0.6041 0.0212 0.0112
3 0.5459 0.6150 0.0263 0.0112
3 0.5469 0.6287 0.0250 0.0138
3 0.5722 0.5094 0.0225 0.0125
3 0.5719 0.5200 0.0250 0.0150
3 0.4703 0.5294 0.0250 0.0275
3 0.5763 0.4491 0.0212 0.0138
3 0.5734 0.4603 0.0187 0.0112
3 0.5744 0.4728 0.0238 0.0112
3 0.5731 0.4847 0.0212 0.0100
3 0.5716 0.4956 0.0212 0.0100
3 0.5713 0.5331 0.0238 0.0100
3 0.5706 0.5447 0.0225 0.0112
3 0.5719 0.5566 0.0250 0.0100
3 0.5722 0.5675 0.0287 0.0100
3 0.6556 0.5931 0.0238 0.0112
3 0.6569 0.5819 0.0200 0.0138
3 0.6562 0.5691 0.0187 0.0100
3 0.6309 0.5097 0.0212 0.0100
3 0.7063 0.5837 0.0250 0.0112
3 0.7087 0.5703 0.0238 0.0125
3 0.7081 0.6094 0.0225 0.0125
3 0.6594 0.4753 0.0250 0.0100
3 0.6338 0.4625 0.0238 0.0125
3 0.6334 0.4734 0.0200 0.0125
3 0.6309 0.4969 0.0212 0.0125
3 0.6312 0.4862 0.0187 0.0100
3 0.6575 0.5119 0.0212 0.0112
3 0.6575 0.4978 0.0212 0.0112
3 0.6322 0.5225 0.0238 0.0138
3 0.6566 0.5581 0.0225 0.0100
3 0.6291 0.5678 0.0238 0.0138
3 0.5475 0.5547 0.0263 0.0125
3 0.5466 0.5678 0.0212 0.0138
3 0.6275 0.7134 0.0238 0.0112
3 0.6328 0.5344 0.0250 0.0125
3 0.6338 0.5450 0.0238 0.0087
3 0.6331 0.5572 0.0225 0.0112
3 0.6291 0.5822 0.0238 0.0112
3 0.6306 0.5947 0.0238 0.0112
3 0.6294 0.6056 0.0212 0.0112
3 0.5747 0.5813 0.0212 0.0125
3 0.5753 0.5938 0.0225 0.0125
3 0.5769 0.6041 0.0225 0.0112
3 0.5753 0.9325 0.0225 0.0212
3 0.4203 0.8650 0.0250 0.0238
3 0.4091 0.8956 0.0212 0.0225
3 0.4200 0.9044 0.0212 0.0212
3 0.4278 0.9147 0.0212 0.0200
3 0.6331 0.9925 0.0225 0.0163
3 0.6197 0.9775 0.0238 0.0238
3 0.6088 0.9697 0.0238 0.0238
3 0.6000 0.9594 0.0250 0.0250
3 0.5928 0.9519 0.0200 0.0225
3 0.5831 0.9441 0.0225 0.0225
3 0.5659 0.9253 0.0225 0.0225
3 0.5222 0.8034 0.0225 0.0225
3 0.5469 0.9091 0.0250 0.0212
3 0.5400 0.9012 0.0238 0.0212
3 0.4669 0.9284 0.0212 0.0225
3 0.4594 0.9400 0.0250 0.0238
3 0.4828 0.7844 0.0250 0.0250
3 0.5737 0.6166 0.0225 0.0112
3 0.7087 0.6912 0.0238 0.0138
3 0.5731 0.6275 0.0212 0.0112
3 0.5709 0.6412 0.0200 0.0138
3 0.5463 0.5800 0.0238 0.0100
3 0.6297 0.6534 0.0187 0.0100
3 0.5703 0.6525 0.0250 0.0112
3 0.5700 0.6650 0.0212 0.0112
3 0.7097 0.6447 0.0225 0.0112
3 0.7078 0.6550 0.0250 0.0163
3 0.7087 0.6681 0.0238 0.0112
3 0.7072 0.6787 0.0238 0.0138
3 0.7063 0.7159 0.0187 0.0100
3 0.6509 0.7275 0.0238 0.0112
3 0.7063 0.7269 0.0187 0.0100
3 0.6519 0.6775 0.0225 0.0112
3 0.6519 0.6659 0.0225 0.0100
3 0.6312 0.6650 0.0187 0.0112
3 0.6284 0.6781 0.0225 0.0125
3 0.6269 0.6900 0.0225 0.0112
3 0.6284 0.7016 0.0225 0.0125
3 0.6531 0.6900 0.0250 0.0112
3 0.6534 0.7000 0.0225 0.0125
3 0.6531 0.7144 0.0250 0.0100
