3 0.3013 0.0316 0.0150 0.0163
3 0.2956 0.0216 0.0100 0.0087
3 0.2875 0.0075 0.0125 0.0087
3 0.2341 0.0041 0.0087 0.0050
3 0.2462 0.0231 0.0112 0.0087
3 0.2506 0.0275 0.0138 0.0112
3 0.2531 0.0338 0.0125 0.0112
3 0.2647 0.0269 0.0138 0.0100
3 0.2703 0.0394 0.0125 0.0100
3 0.2625 0.0488 0.0125 0.0100
3 0.2381 0.0659 0.0138 0.0100
3 0.2281 0.0519 0.0125 0.0100
3 0.2250 0.0456 0.0125 0.0100
3 0.2125 0.0269 0.0125 0.0100
3 0.2038 0.0087 0.0138 0.0112
3 0.1609 0.6997 0.0063 0.0150
3 0.8588 0.0184 0.0112 0.0150
3 0.8650 0.0316 0.0112 0.0163
3 0.4912 0.1859 0.0138 0.0125
3 0.9409 0.1547 0.0100 0.0125
3 0.9197 0.1203 0.0112 0.0125
3 0.9587 0.1891 0.0112 0.0125
3 0.5025 0.9531 0.0112 0.0063
3 0.9041 0.7706 0.0112 0.0100
3 0.9453 0.7562 0.0125 0.0063
3 0.9647 0.7703 0.0138 0.0063
3 0.9719 0.7591 0.0125 0.0087
3 0.9119 0.9850 0.0050 0.0138
3 0.4756 0.9916 0.0138 0.0050
3 0.4750 0.9844 0.0125 0.0063
3 0.5025 0.9906 0.0112 0.0063
3 0.5031 0.9775 0.0125 0.0050
3 0.5025 0.9713 0.0112 0.0050
3 0.5031 0.9656 0.0125 0.0063
3 0.4750 0.9544 0.0063 0.0150
3 0.5031 0.9594 0.0125 0.0063
3 0.4525 0.9838 0.0112 0.0050
3 0.7469 0.8269 0.0125 0.0037
3 0.4531 0.9900 0.0125 0.0050
3 0.4516 0.9544 0.0063 0.0150
3 0.4450 0.9553 0.0087 0.0138
3 0.4397 0.9578 0.0075 0.0125
3 0.4334 0.9603 0.0075 0.0112
3 0.4272 0.9625 0.0075 0.0125
3 0.4216 0.9647 0.0087 0.0138
3 0.4166 0.9662 0.0112 0.0138
3 0.4094 0.9713 0.0125 0.0112
3 0.4056 0.9772 0.0112 0.0138
3 0.4003 0.9806 0.0100 0.0112
3 0.3928 0.9828 0.0138 0.0125
3 0.8884 0.8213 0.0050 0.0112
3 0.7516 0.8144 0.0125 0.0037
3 0.9488 0.2087 0.0100 0.0112
3 0.6031 0.8022 0.0063 0.0138
3 0.8988 0.1772 0.0100 0.0075
3 0.8625 0.2056 0.0125 0.0112
3 0.8691 0.2022 0.0100 0.0075
3 0.8681 0.1925 0.0050 0.0100
3 0.8959 0.2419 0.0138 0.0150
3 0.8972 0.2562 0.0100 0.0125
3 0.9222 0.2719 0.0100 0.0125
3 0.9291 0.2719 0.0112 0.0125
3 0.5881 0.7703 0.0075 0.0125
3 0.6000 0.7688 0.0063 0.0125
3 0.6062 0.7672 0.0063 0.0125
3 0.6125 0.7662 0.0063 0.0138
3 0.6244 0.7662 0.0050 0.0138
3 0.6141 0.8022 0.0063 0.0138
3 0.7819 0.8175 0.0138 0.0037
3 0.6281 0.7888 0.0125 0.0087
3 0.6509 0.7963 0.0112 0.0112
3 0.6584 0.7631 0.0138 0.0075
3 0.7141 0.7850 0.0125 0.0075
3 0.7072 0.7703 0.0112 0.0063
3 0.7344 0.7812 0.0125 0.0063
3 0.7391 0.7681 0.0125 0.0050
3 0.7541 0.7488 0.0112 0.0037
3 0.7531 0.7312 0.0125 0.0063
3 0.8166 0.7625 0.0112 0.0063
3 0.7875 0.7281 0.0125 0.0063
3 0.8397 0.7625 0.0138 0.0063
3 0.7841 0.8063 0.0150 0.0063
