3 0.9641 0.1316 0.0250 0.0100
3 0.0116 0.6156 0.0200 0.0125
3 0.0103 0.6384 0.0175 0.0112
3 0.0084 0.7166 0.0138 0.0112
3 0.0084 0.7066 0.0138 0.0100
3 0.0703 0.4353 0.0250 0.0112
3 0.0759 0.3916 0.0238 0.0112
3 0.0156 0.3828 0.0250 0.0125
3 0.0719 0.4172 0.0250 0.0125
3 0.0144 0.5144 0.0225 0.0100
3 0.0116 0.7391 0.0200 0.0125
3 0.0647 0.7500 0.0263 0.0125
3 0.0638 0.7400 0.0212 0.0112
3 0.0638 0.7275 0.0212 0.0112
3 0.0634 0.7078 0.0175 0.0125
3 0.0638 0.6850 0.0212 0.0138
3 0.0634 0.6716 0.0238 0.0087
3 0.0631 0.6522 0.0263 0.0138
3 0.0647 0.6412 0.0263 0.0138
3 0.0647 0.6050 0.0263 0.0100
3 0.0650 0.5938 0.0238 0.0125
3 0.0663 0.5806 0.0263 0.0112
3 0.0681 0.5603 0.0238 0.0112
3 0.0700 0.5384 0.0275 0.0112
3 0.0672 0.5269 0.0250 0.0100
3 0.0706 0.5159 0.0225 0.0100
3 0.7431 0.0072 0.0238 0.0112
3 0.7428 0.0475 0.0263 0.0138
3 0.7428 0.0581 0.0263 0.0100
3 0.9088 0.1562 0.0238 0.0125
3 0.9128 0.0222 0.0225 0.0100
3 0.9119 0.0362 0.0238 0.0100
3 0.9113 0.0488 0.0225 0.0100
3 0.9122 0.0634 0.0212 0.0112
3 0.9144 0.0759 0.0225 0.0112
3 0.9128 0.0891 0.0225 0.0125
3 0.9100 0.1038 0.0263 0.0138
3 0.9113 0.1300 0.0287 0.0100
3 0.9069 0.1422 0.0263 0.0125
3 0.9091 0.1816 0.0212 0.0100
3 0.7431 0.0841 0.0238 0.0150
3 0.9081 0.1956 0.0225 0.0100
3 0.9072 0.2087 0.0238 0.0112
3 0.9078 0.2219 0.0250 0.0125
3 0.9078 0.2344 0.0250 0.0125
3 0.9088 0.2475 0.0238 0.0138
3 0.9134 0.0094 0.0238 0.0125
3 0.9122 0.0022 0.0212 0.0013
3 0.9691 0.0041 0.0225 0.0050
3 0.9675 0.0131 0.0287 0.0138
3 0.9694 0.0266 0.0263 0.0125
3 0.9703 0.0391 0.0250 0.0125
3 0.9675 0.0522 0.0225 0.0138
3 0.9666 0.0647 0.0238 0.0138
3 0.9697 0.0778 0.0238 0.0150
3 0.9672 0.0928 0.0250 0.0138
3 0.9681 0.1044 0.0238 0.0150
3 0.9656 0.1594 0.0250 0.0125
3 0.9644 0.1962 0.0225 0.0112
3 0.8025 0.0059 0.0238 0.0087
3 0.8028 0.0184 0.0212 0.0087
3 0.7975 0.0322 0.0200 0.0112
3 0.8025 0.0431 0.0238 0.0112
3 0.7991 0.0688 0.0200 0.0125
3 0.7956 0.0844 0.0225 0.0125
3 0.8019 0.1216 0.0225 0.0087
3 0.7972 0.1500 0.0225 0.0125
3 0.7963 0.1644 0.0238 0.0100
3 0.7975 0.1750 0.0200 0.0125
3 0.7956 0.2025 0.0225 0.0112
3 0.7388 0.1888 0.0212 0.0087
3 0.9613 0.3150 0.0163 0.0238
3 0.9334 0.3097 0.0138 0.0225
3 0.9078 0.3128 0.0125 0.0225
3 0.7391 0.2422 0.0250 0.0125
3 0.7425 0.1375 0.0225 0.0125
3 0.7419 0.1231 0.0275 0.0150
3 0.7409 0.1103 0.0225 0.0112
3 0.7425 0.0981 0.0225 0.0150
3 0.7775 0.0216 0.0112 0.0212
3 0.8581 0.0087 0.0225 0.0112
3 0.8553 0.0234 0.0263 0.0125
3 0.8556 0.0478 0.0238 0.0112
3 0.8541 0.0603 0.0238 0.0112
3 0.8528 0.0756 0.0275 0.0138
3 0.8522 0.0891 0.0263 0.0125
3 0.8519 0.1038 0.0225 0.0138
3 0.8547 0.1147 0.0250 0.0138
3 0.8566 0.1275 0.0225 0.0112
3 0.8544 0.1413 0.0275 0.0138
3 0.8509 0.1559 0.0238 0.0087
3 0.8528 0.1678 0.0275 0.0138
3 0.8519 0.1925 0.0225 0.0100
3 0.8491 0.2078 0.0263 0.0125
3 0.8541 0.2222 0.0238 0.0100
3 0.8494 0.2494 0.0238 0.0112
3 0.8534 0.2337 0.0225 0.0112
3 0.7731 0.0753 0.0150 0.0350
3 0.9731 0.3150 0.0087 0.0238
