3 0.6444 0.1512 0.0075 0.0212
3 0.6678 0.1497 0.0138 0.0275
3 0.6900 0.1762 0.0112 0.0212
3 0.6863 0.1497 0.0100 0.0212
3 0.6778 0.1072 0.0275 0.0112
3 0.6434 0.0803 0.0087 0.0200
3 0.7009 0.0788 0.0112 0.0200
3 0.6000 0.2734 0.0125 0.0250
3 0.6694 0.2437 0.0138 0.0250
3 0.7006 0.2428 0.0200 0.0138
3 0.7019 0.1475 0.0100 0.0200
3 0.7331 0.1366 0.0100 0.0200
3 0.8359 0.0644 0.0250 0.0100
3 0.8438 0.0462 0.0250 0.0112
3 0.8441 0.0066 0.0225 0.0100
3 0.6678 0.1834 0.0075 0.0200
3 0.6559 0.1828 0.0087 0.0187
3 0.6013 0.1891 0.0087 0.0187
3 0.5881 0.1925 0.0075 0.0163
3 0.6056 0.0887 0.0112 0.0212
3 0.5081 0.2166 0.0100 0.0238
3 0.5225 0.2050 0.0138 0.0225
3 0.5463 0.1959 0.0112 0.0200
3 0.5631 0.1956 0.0075 0.0225
3 0.5766 0.1944 0.0125 0.0200
3 0.7300 0.2337 0.0100 0.0238
3 0.7412 0.2344 0.0138 0.0250
3 0.7531 0.2362 0.0125 0.0225
3 0.8019 0.2353 0.0100 0.0238
3 0.8359 0.2369 0.0125 0.0238
3 0.9584 0.0956 0.0200 0.0100
3 0.9544 0.1141 0.0212 0.0125
3 0.2878 0.5475 0.0225 0.0138
3 0.9006 0.8997 0.0138 0.0275
3 0.8650 0.9000 0.0112 0.0250
3 0.8456 0.9000 0.0100 0.0250
3 0.8303 0.9050 0.0075 0.0225
3 0.8175 0.9041 0.0100 0.0238
3 0.7984 0.9034 0.0125 0.0225
3 0.7838 0.9081 0.0112 0.0225
3 0.7662 0.9081 0.0138 0.0225
3 0.7541 0.9081 0.0112 0.0225
3 0.7422 0.9097 0.0125 0.0225
3 0.7238 0.9141 0.0100 0.0187
3 0.8581 0.9672 0.0100 0.0250
3 0.8409 0.9716 0.0100 0.0212
3 0.8278 0.9731 0.0087 0.0212
3 0.8153 0.9753 0.0087 0.0225
3 0.8025 0.9756 0.0112 0.0200
3 0.7884 0.9781 0.0112 0.0250
3 0.7737 0.9775 0.0100 0.0238
3 0.7388 0.9887 0.0087 0.0212
3 0.7269 0.9884 0.0100 0.0238
3 0.6703 0.9916 0.0125 0.0175
3 0.6519 0.9925 0.0100 0.0163
3 0.4859 0.9528 0.0125 0.0275
3 0.4763 0.9519 0.0087 0.0225
3 0.4531 0.9550 0.0125 0.0225
3 0.4113 0.9587 0.0100 0.0238
3 0.3581 0.6381 0.0100 0.0200
3 0.3591 0.6669 0.0087 0.0212
3 0.8650 0.8141 0.0238 0.0125
3 0.8641 0.7894 0.0187 0.0100
3 0.9256 0.8009 0.0200 0.0112
3 0.9291 0.9619 0.0112 0.0175
3 0.9437 0.9559 0.0125 0.0275
3 0.9594 0.9581 0.0125 0.0225
3 0.9831 0.9516 0.0100 0.0187
3 0.9969 0.9525 0.0063 0.0175
3 0.9484 0.8725 0.0187 0.0200
3 0.9887 0.8688 0.0087 0.0187
3 0.9762 0.8694 0.0087 0.0200
3 0.9609 0.8603 0.0125 0.0238
3 0.3013 0.5759 0.0212 0.0112
3 0.2144 0.5644 0.0225 0.0100
3 0.2116 0.5791 0.0200 0.0112
3 0.0938 0.8794 0.0187 0.0087
3 0.0875 0.8672 0.0187 0.0125
3 0.0881 0.8559 0.0200 0.0087
3 0.0850 0.8441 0.0200 0.0100
3 0.0850 0.8294 0.0200 0.0087
3 0.0816 0.8100 0.0225 0.0138
3 0.0794 0.7981 0.0212 0.0087
3 0.0887 0.7856 0.0212 0.0087
3 0.1597 0.7484 0.0163 0.0312
3 0.1253 0.7350 0.0100 0.0263
3 0.1044 0.7359 0.0150 0.0187
3 0.1244 0.6912 0.0112 0.0263
3 0.1656 0.6644 0.0187 0.0100
3 0.1666 0.6519 0.0175 0.0100
3 0.1628 0.6394 0.0163 0.0100
3 0.1606 0.6166 0.0212 0.0112
3 0.0700 0.5988 0.0087 0.0163
3 0.1075 0.5887 0.0212 0.0212
3 0.1638 0.9938 0.0087 0.0125
3 0.1678 0.7844 0.0200 0.0125
3 0.1825 0.8134 0.0087 0.0238
3 0.1466 0.7956 0.0212 0.0100
3 0.2938 0.8944 0.0250 0.0138
3 0.2003 0.6369 0.0100 0.0175
3 0.2528 0.6366 0.0087 0.0200
3 0.2969 0.7200 0.0125 0.0212
3 0.3638 0.8353 0.0150 0.0175
3 0.3409 0.8181 0.0225 0.0112
3 0.3391 0.8075 0.0187 0.0087
3 0.3387 0.7953 0.0212 0.0125
3 0.3316 0.7816 0.0225 0.0100
3 0.3444 0.8306 0.0200 0.0112
3 0.3444 0.8431 0.0200 0.0112
3 0.3459 0.8525 0.0200 0.0112
3 0.3584 0.9069 0.0200 0.0263
3 0.3169 0.9059 0.0150 0.0212
3 0.2863 0.8363 0.0225 0.0100
3 0.1462 0.8075 0.0175 0.0087
3 0.2831 0.8244 0.0225 0.0112
3 0.2794 0.7994 0.0212 0.0112
3 0.2778 0.7844 0.0212 0.0125
3 0.2450 0.8059 0.0212 0.0087
3 0.2525 0.8287 0.0238 0.0138
3 0.2478 0.8538 0.0238 0.0138
3 0.2559 0.8991 0.0212 0.0138
3 0.1562 0.8769 0.0250 0.0100
3 0.1559 0.8603 0.0212 0.0112
3 0.1569 0.8416 0.0200 0.0112
3 0.1522 0.8291 0.0200 0.0112
3 0.1506 0.8175 0.0200 0.0100
3 0.3694 0.6153 0.0075 0.0150
