3 0.5128 0.5487 0.0100 0.0100
3 0.5150 0.4019 0.0050 0.0100
3 0.5094 0.4044 0.0063 0.0087
3 0.5022 0.4081 0.0075 0.0100
3 0.4959 0.4128 0.0075 0.0100
3 0.4894 0.4169 0.0100 0.0087
3 0.4778 0.4244 0.0087 0.0050
3 0.3769 0.5050 0.0100 0.0100
3 0.4109 0.5231 0.0125 0.0087
3 0.4403 0.5159 0.0087 0.0100
3 0.4362 0.5119 0.0100 0.0112
3 0.4316 0.5081 0.0100 0.0100
3 0.4275 0.4956 0.0112 0.0100
3 0.4247 0.4897 0.0087 0.0075
3 0.4338 0.4706 0.0112 0.0100
3 0.4378 0.4831 0.0100 0.0100
3 0.4400 0.4872 0.0112 0.0087
3 0.4456 0.4909 0.0100 0.0100
3 0.4469 0.4956 0.0125 0.0100
3 0.4594 0.5131 0.0125 0.0075
3 0.4669 0.5275 0.0150 0.0112
3 0.4719 0.5372 0.0125 0.0087
3 0.4941 0.5659 0.0100 0.0100
3 0.4963 0.5700 0.0112 0.0087
3 0.5209 0.6066 0.0138 0.0100
3 0.5225 0.6128 0.0138 0.0100
3 0.5287 0.6206 0.0138 0.0100
3 0.5300 0.6284 0.0100 0.0100
3 0.5322 0.5775 0.0112 0.0112
3 0.5244 0.5700 0.0112 0.0087
3 0.4388 0.4359 0.0087 0.0125
3 0.4178 0.4128 0.0075 0.0100
3 0.3681 0.4544 0.0112 0.0087
3 0.3594 0.4456 0.0125 0.0100
3 0.5528 0.9853 0.0087 0.0112
3 0.5225 0.9463 0.0075 0.0112
3 0.4703 0.8903 0.0125 0.0150
3 0.4722 0.8787 0.0100 0.0138
3 0.4234 0.8169 0.0125 0.0150
3 0.3712 0.7412 0.0112 0.0138
3 0.2791 0.5859 0.0112 0.0125
3 0.2156 0.5106 0.0125 0.0150
3 0.3800 0.4166 0.0100 0.0112
3 0.3853 0.4269 0.0112 0.0100
3 0.3900 0.4331 0.0112 0.0100
3 0.5191 0.5575 0.0100 0.0087
3 0.5094 0.5441 0.0125 0.0100
3 0.5031 0.5394 0.0125 0.0100
3 0.8522 0.7956 0.0138 0.0100
3 0.6706 0.4200 0.0100 0.0087
3 0.6784 0.4294 0.0100 0.0087
3 0.6847 0.4391 0.0100 0.0063
3 0.7400 0.5325 0.0112 0.0087
3 0.6994 0.4644 0.0112 0.0100
3 0.6659 0.4659 0.0100 0.0100
3 0.4003 0.5138 0.0100 0.0087
3 0.7125 0.4019 0.0125 0.0100
3 0.9613 0.7194 0.0100 0.0138
3 0.8519 0.6303 0.0100 0.0075
3 0.8472 0.6213 0.0100 0.0112
3 0.7956 0.5778 0.0100 0.0087
3 0.7997 0.5725 0.0087 0.0075
3 0.6616 0.4041 0.0138 0.0112
3 0.5012 0.5356 0.0087 0.0087
3 0.4834 0.4963 0.0138 0.0112
3 0.4741 0.4838 0.0138 0.0112
3 0.7791 0.5003 0.0112 0.0100
3 0.7553 0.4650 0.0138 0.0112
3 0.7478 0.4550 0.0112 0.0100
3 0.7412 0.4444 0.0138 0.0075
3 0.7394 0.4388 0.0100 0.0087
3 0.7297 0.4244 0.0125 0.0112
3 0.7259 0.4203 0.0112 0.0125
3 0.6897 0.4453 0.0138 0.0125
3 0.7075 0.4463 0.0087 0.0112
3 0.7137 0.4559 0.0087 0.0087
3 0.6813 0.3528 0.0125 0.0087
3 0.6275 0.4034 0.0112 0.0100
3 0.6362 0.4213 0.0100 0.0112
3 0.7347 0.5216 0.0100 0.0087
3 0.6494 0.4400 0.0112 0.0112
3 0.8394 0.6412 0.0100 0.0138
3 0.8331 0.6444 0.0100 0.0138
3 0.8275 0.6503 0.0112 0.0100
3 0.7906 0.6456 0.0125 0.0100
3 0.9131 0.7087 0.0138 0.0112
3 0.8472 0.8197 0.0100 0.0112
3 0.8147 0.6578 0.0075 0.0125
