3 0.0316 0.0134 0.0037 0.0112
3 0.1803 0.0131 0.0075 0.0138
3 0.2041 0.0306 0.0050 0.0112
3 0.1788 0.0291 0.0075 0.0112
3 0.1625 0.0306 0.0063 0.0112
3 0.1625 0.0138 0.0063 0.0087
3 0.1556 0.0144 0.0050 0.0100
3 0.1437 0.0150 0.0063 0.0112
3 0.1384 0.0291 0.0050 0.0112
3 0.5016 0.2284 0.0063 0.0100
3 0.4856 0.2741 0.0087 0.0138
3 0.1197 0.0141 0.0050 0.0125
3 0.1072 0.0153 0.0050 0.0150
3 0.0172 0.1769 0.0063 0.0100
3 0.0056 0.1759 0.0050 0.0112
3 0.0112 0.1775 0.0037 0.0112
3 0.0234 0.1775 0.0063 0.0112
3 0.0300 0.1775 0.0037 0.0112
3 0.0713 0.1781 0.0050 0.0125
3 0.0650 0.1769 0.0050 0.0100
3 0.0588 0.1775 0.0050 0.0112
3 0.0531 0.1762 0.0063 0.0087
3 0.0462 0.1769 0.0050 0.0100
3 0.0422 0.1775 0.0063 0.0112
3 0.0359 0.1769 0.0063 0.0100
3 0.0656 0.2078 0.0063 0.0125
3 0.0588 0.2066 0.0050 0.0100
3 0.0525 0.2056 0.0050 0.0112
3 0.0469 0.2056 0.0063 0.0112
3 0.0150 0.2081 0.0050 0.0100
3 0.0072 0.2081 0.0050 0.0100
3 0.0028 0.2066 0.0025 0.0100
3 0.1087 0.0300 0.0050 0.0100
3 0.1156 0.2109 0.0063 0.0125
3 0.0838 0.2094 0.0050 0.0125
3 0.0750 0.2084 0.0063 0.0138
3 0.0784 0.1775 0.0037 0.0112
3 0.0766 0.1588 0.0063 0.0112
3 0.0666 0.1297 0.0050 0.0125
3 0.0603 0.1281 0.0050 0.0125
3 0.0647 0.1100 0.0075 0.0138
3 0.0306 0.0781 0.0050 0.0125
3 0.0234 0.0781 0.0063 0.0125
3 0.0134 0.0800 0.0050 0.0100
3 0.0066 0.0784 0.0037 0.0100
3 0.0034 0.0800 0.0037 0.0100
3 0.0244 0.1103 0.0050 0.0112
3 0.0187 0.1100 0.0063 0.0138
3 0.0063 0.1103 0.0063 0.0112
3 0.0022 0.1109 0.0013 0.0125
3 0.0172 0.1306 0.0063 0.0112
3 0.0094 0.1297 0.0063 0.0125
3 0.0822 0.1775 0.0050 0.0112
3 0.0884 0.1775 0.0050 0.0112
3 0.1134 0.0294 0.0050 0.0087
3 0.1009 0.0284 0.0050 0.0100
3 0.0953 0.0284 0.0063 0.0100
3 0.0916 0.0144 0.0050 0.0100
3 0.0875 0.0291 0.0063 0.0112
3 0.1078 0.0609 0.0063 0.0125
3 0.0087 0.0138 0.0050 0.0087
3 0.0259 0.0128 0.0050 0.0100
3 0.1972 0.0603 0.0037 0.0112
3 0.1369 0.0828 0.0050 0.0125
3 0.1313 0.0819 0.0063 0.0138
3 0.1181 0.0806 0.0050 0.0112
3 0.1069 0.0797 0.0075 0.0125
3 0.1494 0.1100 0.0050 0.0138
3 0.1925 0.1837 0.0037 0.0112
3 0.1525 0.2094 0.0050 0.0125
3 0.1453 0.2103 0.0063 0.0112
3 0.1306 0.1784 0.0050 0.0100
3 0.1244 0.1800 0.0050 0.0100
3 0.1306 0.1322 0.0050 0.0112
3 0.1313 0.1094 0.0063 0.0125
3 0.1056 0.1781 0.0050 0.0125
3 0.1003 0.1784 0.0037 0.0100
3 0.0941 0.1800 0.0037 0.0100
3 0.0212 0.2072 0.0050 0.0112
3 0.0266 0.2078 0.0063 0.0125
3 0.0328 0.2072 0.0063 0.0112
3 0.0391 0.2062 0.0063 0.0125
3 0.0366 0.0794 0.0075 0.0150
3 0.1266 0.0141 0.0063 0.0125
3 0.1319 0.0125 0.0075 0.0125
