3 0.8337 0.7900 0.0112 0.0112
3 0.7987 0.8125 0.0100 0.0063
3 0.7869 0.8006 0.0112 0.0075
3 0.7734 0.7922 0.0125 0.0063
3 0.7672 0.7866 0.0125 0.0075
3 0.7737 0.8184 0.0037 0.0087
3 0.7603 0.8088 0.0050 0.0112
3 0.7525 0.8053 0.0050 0.0138
3 0.9731 0.8144 0.0087 0.0100
3 0.9684 0.8191 0.0087 0.0100
3 0.9794 0.8259 0.0087 0.0112
3 0.9747 0.8291 0.0087 0.0112
3 0.9684 0.8322 0.0087 0.0112
3 0.9559 0.8316 0.0087 0.0100
3 0.9366 0.8088 0.0075 0.0112
3 0.8281 0.7963 0.0125 0.0112
3 0.8353 0.7838 0.0112 0.0112
3 0.8406 0.7787 0.0125 0.0138
3 0.3488 0.1550 0.0100 0.0037
3 0.3478 0.1462 0.0112 0.0050
3 0.3097 0.3072 0.0037 0.0112
3 0.3050 0.2147 0.0037 0.0138
3 0.3291 0.2728 0.0112 0.0050
3 0.3284 0.2612 0.0100 0.0037
3 0.3306 0.2500 0.0112 0.0125
3 0.5088 0.6244 0.0112 0.0112
3 0.5509 0.6197 0.0112 0.0112
3 0.5556 0.6234 0.0112 0.0125
3 0.5644 0.6312 0.0100 0.0125
3 0.5691 0.6359 0.0100 0.0125
3 0.5753 0.6406 0.0100 0.0125
3 0.5956 0.6506 0.0100 0.0138
3 0.6003 0.6556 0.0100 0.0112
3 0.6169 0.6650 0.0087 0.0112
3 0.5675 0.6900 0.0100 0.0112
3 0.5628 0.6838 0.0100 0.0112
3 0.5525 0.6750 0.0112 0.0125
3 0.5431 0.6681 0.0112 0.0112
3 0.7291 0.7572 0.0112 0.0112
3 0.7406 0.7656 0.0125 0.0125
3 0.7450 0.7703 0.0087 0.0125
3 0.7303 0.7844 0.0138 0.0125
3 0.3503 0.1659 0.0100 0.0037
3 0.3494 0.1588 0.0112 0.0050
3 0.3391 0.3812 0.0125 0.0063
3 0.4022 0.0181 0.0075 0.0238
3 0.3469 0.3912 0.0125 0.0075
3 0.5519 0.3281 0.0100 0.0125
3 0.5388 0.3719 0.0087 0.0125
3 0.5197 0.3250 0.0112 0.0125
3 0.4700 0.3541 0.0087 0.0112
3 0.3937 0.1062 0.0063 0.0125
3 0.4056 0.1072 0.0050 0.0112
3 0.4119 0.1062 0.0050 0.0125
3 0.4181 0.1072 0.0050 0.0112
3 0.4244 0.1072 0.0050 0.0112
3 0.4291 0.1072 0.0050 0.0112
3 0.4338 0.1056 0.0050 0.0112
3 0.4400 0.1053 0.0050 0.0138
3 0.4463 0.1056 0.0050 0.0112
3 0.5659 0.1369 0.0100 0.0050
3 0.5666 0.1447 0.0112 0.0050
3 0.5669 0.1494 0.0087 0.0050
3 0.5659 0.1681 0.0100 0.0050
3 0.5650 0.1806 0.0112 0.0050
3 0.5650 0.1869 0.0112 0.0050
3 0.5650 0.1931 0.0112 0.0050
3 0.5647 0.1994 0.0138 0.0050
3 0.5641 0.2044 0.0125 0.0025
3 0.5634 0.2119 0.0112 0.0050
3 0.5634 0.2175 0.0112 0.0037
3 0.5625 0.2250 0.0125 0.0063
3 0.5619 0.2300 0.0112 0.0037
3 0.5634 0.2359 0.0112 0.0063
3 0.5650 0.2416 0.0112 0.0050
3 0.3803 0.2288 0.0138 0.0075
3 0.3806 0.2478 0.0112 0.0050
3 0.3987 0.1056 0.0037 0.0112
3 0.3869 0.1062 0.0050 0.0125
3 0.5044 0.3266 0.0087 0.0125
3 0.3806 0.1062 0.0050 0.0125
3 0.5006 0.3259 0.0075 0.0112
3 0.4706 0.3250 0.0100 0.0125
3 0.4606 0.3250 0.0087 0.0125
3 0.4544 0.3259 0.0087 0.0112
3 0.4466 0.3250 0.0087 0.0125
3 0.4394 0.3259 0.0100 0.0112
3 0.4331 0.3250 0.0100 0.0125
3 0.7931 0.0028 0.0112 0.0025
3 0.5472 0.1041 0.0037 0.0112
3 0.5369 0.1062 0.0050 0.0125
3 0.5306 0.1078 0.0050 0.0125
3 0.5181 0.1075 0.0050 0.0150
3 0.5056 0.1072 0.0050 0.0112
3 0.4994 0.1072 0.0050 0.0112
3 0.4869 0.1087 0.0050 0.0112
3 0.4806 0.1072 0.0050 0.0112
3 0.4744 0.1062 0.0050 0.0125
3 0.4697 0.1047 0.0050 0.0125
3 0.4641 0.1056 0.0063 0.0112
3 0.4566 0.1056 0.0037 0.0112
3 0.3675 0.1053 0.0037 0.0138
3 0.3744 0.1053 0.0050 0.0138
3 0.3344 0.3263 0.0125 0.0087
3 0.5644 0.1744 0.0100 0.0050
3 0.3131 0.0156 0.0075 0.0125
3 0.3319 0.0225 0.0075 0.0138
3 0.3816 0.0200 0.0100 0.0150
3 0.5619 0.4662 0.0112 0.0075
