3 0.0838 0.0400 0.0112 0.0112
3 0.0488 0.0625 0.0100 0.0063
3 0.0384 0.0506 0.0112 0.0075
3 0.0234 0.0422 0.0125 0.0063
3 0.0172 0.0366 0.0125 0.0075
3 0.0238 0.0684 0.0037 0.0087
3 0.0119 0.0588 0.0050 0.0112
3 0.0034 0.0553 0.0037 0.0138
3 0.2806 0.1616 0.0112 0.0075
3 0.2231 0.0644 0.0087 0.0100
3 0.2184 0.0691 0.0087 0.0100
3 0.2294 0.0759 0.0087 0.0112
3 0.2247 0.0791 0.0087 0.0112
3 0.2184 0.0834 0.0087 0.0138
3 0.2059 0.0816 0.0087 0.0100
3 0.1866 0.0588 0.0075 0.0112
3 0.2603 0.1953 0.0112 0.0063
3 0.2628 0.2087 0.0100 0.0050
3 0.2791 0.2062 0.0112 0.0063
3 0.2706 0.2397 0.0100 0.0075
3 0.2684 0.2328 0.0087 0.0063
3 0.2853 0.2350 0.0112 0.0075
3 0.2931 0.2450 0.0112 0.0087
3 0.3016 0.2534 0.0125 0.0100
3 0.4769 0.3894 0.0100 0.0100
3 0.4700 0.3831 0.0087 0.0100
3 0.0781 0.0462 0.0125 0.0112
3 0.0853 0.0338 0.0112 0.0112
3 0.4331 0.3447 0.0100 0.0112
3 0.0906 0.0287 0.0125 0.0138
3 0.4669 0.3794 0.0087 0.0087
3 0.4281 0.3775 0.0125 0.0112
3 0.4181 0.3712 0.0112 0.0112
3 0.3509 0.3287 0.0112 0.0138
3 0.3509 0.3025 0.0112 0.0112
3 0.3837 0.2941 0.0112 0.0100
3 0.3344 0.2906 0.0125 0.0125
3 0.5737 0.5212 0.0100 0.0112
3 0.6100 0.5575 0.0075 0.0087
3 0.5697 0.5597 0.0112 0.0100
3 0.5831 0.5753 0.0100 0.0100
3 0.5903 0.5784 0.0087 0.0100
3 0.5794 0.5881 0.0087 0.0075
3 0.5869 0.5969 0.0112 0.0125
3 0.6003 0.5906 0.0100 0.0125
3 0.6338 0.5828 0.0112 0.0125
3 0.6094 0.5994 0.0125 0.0112
3 0.5975 0.6062 0.0138 0.0125
3 0.6144 0.6322 0.0100 0.0112
3 0.6019 0.6416 0.0100 0.0112
3 0.5963 0.6484 0.0112 0.0125
3 0.6338 0.7359 0.0112 0.0125
3 0.6469 0.7547 0.0125 0.0125
3 0.6969 0.3009 0.0125 0.0112
3 0.7078 0.2891 0.0125 0.0125
3 0.7150 0.2844 0.0112 0.0125
