3 0.1187 0.3806 0.0187 0.0175
3 0.1588 0.4159 0.0175 0.0163
3 0.1812 0.4328 0.0187 0.0187
3 0.1994 0.4497 0.0175 0.0150
3 0.2250 0.4278 0.0187 0.0212
3 0.2041 0.4109 0.0175 0.0187
3 0.2969 0.6194 0.0187 0.0200
3 0.2803 0.6406 0.0200 0.0187
3 0.2666 0.6600 0.0238 0.0200
3 0.1356 0.3941 0.0150 0.0163
3 0.0319 0.2675 0.0200 0.0163
3 0.2516 0.7178 0.0187 0.0200
3 0.0528 0.2841 0.0212 0.0212
3 0.1250 0.3400 0.0187 0.0175
3 0.1087 0.3272 0.0175 0.0138
3 0.0925 0.3128 0.0163 0.0163
3 0.0762 0.2984 0.0212 0.0187
3 0.2759 0.6734 0.0175 0.0187
3 0.3166 0.6388 0.0175 0.0212
3 0.3275 0.6216 0.0175 0.0212
3 0.3450 0.6016 0.0212 0.0187
3 0.3778 0.5128 0.0212 0.0225
3 0.0122 0.2506 0.0212 0.0200
3 0.0919 0.3606 0.0275 0.0275
3 0.1569 0.3697 0.0200 0.0238
3 0.1803 0.3897 0.0200 0.0200
3 0.3278 0.5181 0.0212 0.0175
3 0.3538 0.5269 0.0263 0.0163
3 0.3178 0.5766 0.0138 0.0187
3 0.3103 0.6006 0.0175 0.0200
3 0.4059 0.4703 0.0150 0.0187
3 0.4103 0.5069 0.0175 0.0200
3 0.4191 0.4509 0.0163 0.0238
3 0.4475 0.4066 0.0200 0.0225
3 0.4344 0.4297 0.0125 0.0250
3 0.4241 0.4862 0.0138 0.0225
