3 0.2650 0.8553 0.0362 0.0138
3 0.7384 0.3806 0.0050 0.0112
3 0.7525 0.3763 0.0050 0.0087
3 0.7156 0.4269 0.0063 0.0100
3 0.6919 0.4353 0.0087 0.0112
3 0.5994 0.3447 0.0050 0.0112
3 0.7000 0.3094 0.0063 0.0125
3 0.6937 0.3150 0.0063 0.0112
3 0.6600 0.3312 0.0075 0.0125
3 0.6444 0.3353 0.0075 0.0112
3 0.6328 0.3384 0.0063 0.0112
3 0.6287 0.3656 0.0075 0.0125
3 0.6381 0.3619 0.0075 0.0112
3 0.6569 0.3769 0.0075 0.0100
3 0.6750 0.3978 0.0063 0.0112
3 0.9213 0.5206 0.0112 0.0100
3 0.6625 0.3550 0.0063 0.0100
3 0.6681 0.3534 0.0050 0.0100
3 0.7463 0.3778 0.0050 0.0087
3 0.7328 0.3831 0.0063 0.0100
3 0.6062 0.3719 0.0063 0.0125
3 0.7266 0.3841 0.0063 0.0087
3 0.6928 0.3463 0.0075 0.0112
3 0.7859 0.3931 0.0125 0.0050
3 0.7822 0.3994 0.0112 0.0050
3 0.7478 0.4153 0.0050 0.0087
3 0.7431 0.4169 0.0050 0.0087
3 0.7375 0.4206 0.0063 0.0100
3 0.7319 0.4228 0.0075 0.0112
3 0.5994 0.3712 0.0050 0.0112
3 0.6959 0.3712 0.0075 0.0112
3 0.6447 0.3791 0.0050 0.0112
3 0.6181 0.4119 0.0050 0.0112
3 0.6569 0.4519 0.0075 0.0100
3 0.6125 0.3425 0.0063 0.0100
3 0.6228 0.3400 0.0050 0.0112
3 0.6181 0.3675 0.0050 0.0100
3 0.6744 0.3519 0.0050 0.0100
3 0.6806 0.3519 0.0050 0.0100
3 0.6859 0.3481 0.0063 0.0087
3 0.7578 0.4113 0.0063 0.0100
3 0.7688 0.4044 0.0063 0.0087
3 0.7562 0.3519 0.0063 0.0100
3 0.7475 0.3541 0.0075 0.0112
3 0.7403 0.3572 0.0087 0.0112
3 0.6850 0.3956 0.0075 0.0100
3 0.7047 0.4128 0.0063 0.0100
3 0.6734 0.4200 0.0063 0.0087
3 0.6331 0.3831 0.0037 0.0100
3 0.6378 0.3816 0.0037 0.0100
3 0.6244 0.4103 0.0050 0.0112
3 0.6125 0.4141 0.0063 0.0125
3 0.7241 0.3203 0.0075 0.0125
3 0.8881 0.3959 0.0075 0.0138
3 0.7312 0.3203 0.0063 0.0125
3 0.7391 0.3234 0.0063 0.0125
3 0.7072 0.3697 0.0050 0.0112
3 0.6259 0.4531 0.0050 0.0125
3 0.6344 0.4566 0.0063 0.0100
3 0.5463 0.8631 0.0112 0.0075
3 0.3788 0.8547 0.0138 0.0063
3 0.3984 0.8431 0.0125 0.0050
3 0.4475 0.8619 0.0138 0.0050
3 0.6025 0.8919 0.0112 0.0087
3 0.7578 0.3194 0.0063 0.0138
3 0.3141 0.8528 0.0125 0.0087
3 0.3306 0.8662 0.0112 0.0075
3 0.6606 0.5891 0.0087 0.0125
3 0.6756 0.5844 0.0075 0.0125
3 0.6828 0.5844 0.0063 0.0125
3 0.6881 0.5869 0.0075 0.0112
3 0.5572 0.6431 0.0112 0.0112
3 0.5144 0.6194 0.0100 0.0075
3 0.5206 0.6231 0.0100 0.0087
3 0.5353 0.6509 0.0112 0.0112
3 0.5269 0.6512 0.0100 0.0087
3 0.5212 0.6559 0.0112 0.0087
3 0.5084 0.6591 0.0075 0.0087
3 0.8750 0.5078 0.0063 0.0125
3 0.6450 0.4537 0.0087 0.0138
3 0.7194 0.4047 0.0075 0.0125
3 0.6500 0.3337 0.0063 0.0112
3 0.6547 0.3337 0.0063 0.0112
