3 0.6450 0.0981 0.0212 0.0150
3 0.6516 0.1178 0.0187 0.0200
3 0.6647 0.1400 0.0200 0.0175
3 0.6687 0.1494 0.0187 0.0175
3 0.9969 0.4025 0.0063 0.0112
3 0.9928 0.3925 0.0138 0.0163
3 0.9856 0.3841 0.0150 0.0150
3 0.9762 0.3784 0.0150 0.0163
3 0.9675 0.3697 0.0163 0.0175
3 0.9619 0.3612 0.0175 0.0163
3 0.9534 0.3525 0.0163 0.0175
3 0.9456 0.3447 0.0163 0.0175
3 0.9403 0.3356 0.0150 0.0150
3 0.6541 0.2625 0.0175 0.0187
3 0.6669 0.2800 0.0150 0.0163
3 0.6619 0.2687 0.0175 0.0187
3 0.8734 0.3862 0.0187 0.0163
3 0.9425 0.4644 0.0163 0.0163
3 0.9369 0.4591 0.0175 0.0150
3 0.9306 0.4503 0.0175 0.0163
3 0.9250 0.4428 0.0187 0.0138
3 0.9178 0.4362 0.0200 0.0163
3 0.9059 0.4225 0.0150 0.0138
3 0.8994 0.4144 0.0175 0.0163
3 0.8909 0.4075 0.0163 0.0150
3 0.8825 0.4003 0.0150 0.0163
3 0.8794 0.3941 0.0150 0.0163
3 0.8675 0.3788 0.0163 0.0138
3 0.8613 0.3725 0.0163 0.0138
3 0.8556 0.3638 0.0175 0.0150
3 0.8488 0.3556 0.0163 0.0175
3 0.8416 0.3500 0.0175 0.0187
3 0.8313 0.3359 0.0187 0.0187
3 0.8187 0.3203 0.0187 0.0187
3 0.8066 0.3056 0.0163 0.0175
3 0.7991 0.2956 0.0138 0.0163
3 0.7928 0.2884 0.0138 0.0175
3 0.7822 0.2759 0.0175 0.0175
3 0.9566 0.4759 0.0163 0.0175
3 0.9656 0.4853 0.0187 0.0175
3 0.9722 0.4944 0.0163 0.0138
3 0.9903 0.5097 0.0150 0.0163
3 0.9969 0.5266 0.0063 0.0125
3 0.9956 0.5175 0.0100 0.0163
3 0.7753 0.2687 0.0163 0.0187
3 0.7694 0.2625 0.0138 0.0187
3 0.7653 0.2541 0.0150 0.0175
3 0.8637 0.2919 0.0150 0.0150
3 0.8762 0.3087 0.0212 0.0175
3 0.8806 0.3144 0.0175 0.0163
3 0.8878 0.3219 0.0163 0.0187
3 0.8962 0.3272 0.0175 0.0200
3 0.9131 0.3387 0.0200 0.0212
3 0.9222 0.3553 0.0163 0.0200
3 0.9297 0.3634 0.0187 0.0175
3 0.8453 0.3091 0.0187 0.0212
3 0.9306 0.3750 0.0175 0.0187
3 0.9369 0.3812 0.0175 0.0187
3 0.9431 0.3875 0.0175 0.0187
3 0.9791 0.4206 0.0175 0.0163
3 0.9875 0.4250 0.0187 0.0187
3 0.9925 0.4344 0.0163 0.0187
3 0.8681 0.3003 0.0175 0.0163
3 0.8562 0.2841 0.0187 0.0150
3 0.8419 0.2625 0.0212 0.0187
3 0.8278 0.2484 0.0212 0.0187
