3 0.7644 0.4453 0.0287 0.0125
3 0.8959 0.4606 0.0138 0.0087
3 0.9509 0.4412 0.0112 0.0075
3 0.9759 0.4450 0.0112 0.0087
3 0.9806 0.4088 0.0300 0.0112
3 0.0231 0.8106 0.0212 0.0087
3 0.0247 0.8200 0.0212 0.0087
3 0.2969 0.8387 0.0187 0.0087
3 0.0300 0.8359 0.0225 0.0063
3 0.0791 0.8594 0.0112 0.0187
3 0.2337 0.9141 0.0175 0.0187
3 0.2119 0.8659 0.0175 0.0163
3 0.2253 0.8556 0.0163 0.0175
3 0.3003 0.8081 0.0225 0.0100
3 0.2991 0.8162 0.0200 0.0075
3 0.2997 0.8262 0.0212 0.0087
3 0.2956 0.8628 0.0225 0.0100
3 0.1881 0.5850 0.0325 0.0138
3 0.0325 0.6197 0.0275 0.0112
3 0.8900 0.4313 0.0112 0.0063
3 0.7766 0.4834 0.0125 0.0075
3 0.7719 0.3431 0.0063 0.0112
3 0.8291 0.4388 0.0175 0.0087
3 0.4991 0.5156 0.0138 0.0125
3 0.8834 0.9700 0.0200 0.0212
3 0.8756 0.1613 0.0325 0.0163
3 0.8116 0.1834 0.0325 0.0200
3 0.8225 0.4684 0.0138 0.0087
3 0.5344 0.5022 0.0125 0.0075
3 0.1181 0.6381 0.0112 0.0075
3 0.3656 0.5709 0.0125 0.0075
3 0.3150 0.5891 0.0112 0.0063
3 0.3219 0.5434 0.0125 0.0087
3 0.3025 0.5600 0.0112 0.0075
3 0.6003 0.7331 0.0100 0.0100
3 0.2806 0.8962 0.0112 0.0112
3 0.2922 0.9012 0.0125 0.0087
3 0.1550 0.6312 0.0100 0.0063
3 0.6475 0.6600 0.0075 0.0138
3 0.1853 0.6147 0.0112 0.0075
3 0.2450 0.5619 0.0087 0.0050
3 0.4484 0.8794 0.0125 0.0150
3 0.5266 0.8134 0.0125 0.0112
3 0.5509 0.8019 0.0112 0.0100
3 0.5691 0.7797 0.0100 0.0125
3 0.6491 0.6956 0.0075 0.0100
3 0.6381 0.6831 0.0075 0.0100
3 0.6781 0.6372 0.0063 0.0087
3 0.6678 0.5997 0.0075 0.0150
3 0.6772 0.5666 0.0075 0.0112
3 0.6947 0.5703 0.0050 0.0125
3 0.6912 0.5266 0.0075 0.0125
3 0.7131 0.5072 0.0075 0.0112
3 0.7572 0.6384 0.0112 0.0112
3 0.8950 0.5400 0.0150 0.0112
3 0.6172 0.5153 0.0125 0.0087
3 0.1697 0.5806 0.0112 0.0050
3 0.1416 0.5881 0.0112 0.0075
3 0.1531 0.5950 0.0125 0.0087
3 0.1081 0.6125 0.0100 0.0063
3 0.5200 0.1000 0.0212 0.0063
3 0.5894 0.1222 0.0225 0.0100
3 0.5900 0.1409 0.0238 0.0100
3 0.0378 0.6091 0.0163 0.0087
3 0.5188 0.7997 0.0187 0.0212
