3 0.0850 0.4128 0.0075 0.0100
3 0.2759 0.4566 0.0050 0.0100
3 0.4175 0.5003 0.0037 0.0100
3 0.4269 0.5272 0.0037 0.0075
3 0.4306 0.5066 0.0050 0.0100
3 0.2759 0.3403 0.0238 0.0150
3 0.2772 0.3631 0.0325 0.0075
3 0.0381 0.4222 0.0075 0.0100
3 0.0631 0.4175 0.0075 0.0100
3 0.0938 0.4081 0.0063 0.0100
3 0.0809 0.4134 0.0087 0.0112
3 0.1431 0.3981 0.0050 0.0087
3 0.4188 0.6909 0.0063 0.0100
3 0.1494 0.3981 0.0050 0.0087
3 0.1541 0.3966 0.0050 0.0087
3 0.1647 0.3950 0.0075 0.0087
3 0.1694 0.3931 0.0075 0.0112
3 0.1241 0.3478 0.0075 0.0112
3 0.3431 0.4244 0.0050 0.0112
3 0.3494 0.4244 0.0050 0.0112
3 0.4338 0.4794 0.0050 0.0087
3 0.4353 0.4681 0.0050 0.0112
3 0.4362 0.4519 0.0037 0.0100
3 0.2869 0.5262 0.0050 0.0087
3 0.4659 0.5675 0.0100 0.0037
3 0.4659 0.5794 0.0100 0.0025
3 0.4650 0.5900 0.0112 0.0050
3 0.4172 0.6800 0.0063 0.0100
3 0.4134 0.6691 0.0050 0.0100
3 0.4275 0.6638 0.0050 0.0087
3 0.4306 0.6784 0.0050 0.0100
3 0.4359 0.7347 0.0063 0.0100
3 0.4422 0.7325 0.0063 0.0087
3 0.4484 0.7338 0.0063 0.0112
3 0.4534 0.7316 0.0037 0.0100
3 0.4588 0.7303 0.0050 0.0075
3 0.4778 0.6931 0.0087 0.0050
3 0.4484 0.6931 0.0125 0.0050
3 0.4456 0.6841 0.0100 0.0025
3 0.4463 0.6722 0.0112 0.0037
3 0.4447 0.6675 0.0112 0.0037
3 0.4441 0.6556 0.0100 0.0050
3 0.4431 0.6503 0.0112 0.0037
3 0.4719 0.6487 0.0125 0.0037
3 0.4681 0.6297 0.0112 0.0063
3 0.4659 0.6181 0.0100 0.0050
3 0.4644 0.6056 0.0100 0.0050
3 0.4644 0.6003 0.0100 0.0037
3 0.4250 0.4447 0.0063 0.0112
3 0.4347 0.3753 0.0037 0.0100
3 0.4431 0.3150 0.0050 0.0112
3 0.1925 0.0512 0.0287 0.0150
3 0.1897 0.0287 0.0263 0.0138
3 0.1866 0.0231 0.0263 0.0150
3 0.1850 0.0153 0.0263 0.0150
3 0.1844 0.0084 0.0250 0.0138
3 0.1819 0.0053 0.0263 0.0075
3 0.1913 0.0359 0.0263 0.0125
3 0.1934 0.0575 0.0275 0.0150
3 0.3178 0.2931 0.0075 0.0112
3 0.3134 0.1456 0.0050 0.0100
3 0.4728 0.1006 0.0050 0.0075
3 0.4775 0.1588 0.0050 0.0112
3 0.4838 0.1144 0.0050 0.0100
3 0.4894 0.0778 0.0037 0.0087
3 0.4916 0.0644 0.0050 0.0100
3 0.4925 0.0512 0.0037 0.0087
3 0.4947 0.0387 0.0050 0.0087
3 0.4956 0.0287 0.0037 0.0075
3 0.4978 0.0178 0.0050 0.0075
3 0.4987 0.0075 0.0037 0.0087
3 0.3212 0.1584 0.0112 0.0075
3 0.1769 0.0825 0.0100 0.0275
3 0.3212 0.1519 0.0112 0.0100
3 0.3247 0.1450 0.0087 0.0087
3 0.3247 0.1387 0.0087 0.0087
3 0.3244 0.1325 0.0112 0.0087
3 0.2994 0.1050 0.0050 0.0100
3 0.2863 0.1322 0.0100 0.0050
3 0.2987 0.1175 0.0037 0.0100
3 0.3003 0.1278 0.0037 0.0087
3 0.2956 0.1275 0.0037 0.0112
3 0.2941 0.1178 0.0037 0.0075
3 0.4572 0.1978 0.0050 0.0112
3 0.4556 0.2103 0.0050 0.0112
3 0.4681 0.2375 0.0050 0.0125
3 0.4525 0.2372 0.0050 0.0087
3 0.3191 0.3059 0.0037 0.0087
3 0.3322 0.3087 0.0050 0.0112
3 0.2903 0.3172 0.0087 0.0063
3 0.3244 0.2784 0.0050 0.0100
3 0.2909 0.3013 0.0100 0.0087
3 0.3009 0.2675 0.0112 0.0037
3 0.2712 0.2681 0.0112 0.0050
3 0.3003 0.2597 0.0100 0.0037
3 0.3431 0.2487 0.0050 0.0100
3 0.3322 0.2587 0.0050 0.0112
3 0.3494 0.2213 0.0050 0.0112
3 0.2612 0.2869 0.0100 0.0050
3 0.2719 0.2566 0.0125 0.0037
3 0.3075 0.2284 0.0087 0.0037
3 0.2669 0.2300 0.0087 0.0037
3 0.2666 0.2131 0.0112 0.0075
3 0.3097 0.2072 0.0100 0.0050
3 0.2800 0.1862 0.0037 0.0100
3 0.2581 0.0925 0.0100 0.0037
3 0.2503 0.0431 0.0100 0.0050
3 0.2144 0.0353 0.0100 0.0050
3 0.2925 0.1066 0.0037 0.0100
3 0.3494 0.1394 0.0050 0.0100
3 0.0819 0.0481 0.0138 0.0275
3 0.0881 0.0450 0.0138 0.0275
3 0.0956 0.0450 0.0163 0.0275
3 0.1006 0.0109 0.0138 0.0187
3 0.1084 0.0097 0.0138 0.0163
3 0.1150 0.0084 0.0112 0.0138
3 0.1228 0.0072 0.0112 0.0112
3 0.1291 0.0059 0.0112 0.0087
3 0.1616 0.0375 0.0263 0.0125
3 0.1628 0.0444 0.0287 0.0138
3 0.1647 0.0628 0.0263 0.0100
3 0.1309 0.0713 0.0275 0.0175
3 0.1125 0.0850 0.0125 0.0263
3 0.1284 0.1106 0.0163 0.0275
3 0.1194 0.1137 0.0138 0.0275
3 0.4672 0.1400 0.0063 0.0112
3 0.7734 0.9459 0.0125 0.0075
3 0.4213 0.5722 0.0050 0.0100
3 0.4447 0.2894 0.0050 0.0100
