3 0.6466 0.2372 0.0212 0.0212
3 0.6456 0.2269 0.0225 0.0225
3 0.6431 0.2194 0.0175 0.0200
3 0.7216 0.6972 0.0275 0.0163
3 0.7794 0.6769 0.0275 0.0163
3 0.6331 0.0078 0.0100 0.0125
3 0.6628 0.0287 0.0100 0.0138
3 0.5750 0.3844 0.0063 0.0125
3 0.5312 0.3822 0.0063 0.0112
3 0.5813 0.2781 0.0063 0.0125
3 0.5319 0.2772 0.0075 0.0138
3 0.5469 0.2741 0.0063 0.0138
3 0.5450 0.2459 0.0087 0.0138
3 0.5697 0.8681 0.0050 0.0112
3 0.5631 0.9059 0.0075 0.0087
3 0.6119 0.8728 0.0050 0.0112
3 0.0234 0.9459 0.0125 0.0075
3 0.5003 0.9197 0.0100 0.0050
3 0.4987 0.9088 0.0100 0.0050
3 0.4994 0.9025 0.0112 0.0050
3 0.4141 0.8387 0.0125 0.0087
3 0.3650 0.8356 0.0112 0.0087
3 0.3688 0.8506 0.0125 0.0075
3 0.4994 0.9144 0.0112 0.0037
3 0.5003 0.9363 0.0100 0.0037
3 0.6797 0.7112 0.0125 0.0100
3 0.7866 0.7269 0.0138 0.0100
3 0.8197 0.7231 0.0112 0.0087
3 0.8375 0.7156 0.0125 0.0125
3 0.8531 0.7112 0.0125 0.0100
3 0.8659 0.7075 0.0100 0.0087
3 0.8794 0.7019 0.0150 0.0100
3 0.8869 0.6928 0.0112 0.0075
3 0.9047 0.6856 0.0125 0.0087
