3 0.0181 0.7250 0.0112 0.0063
3 0.0034 0.7109 0.0037 0.0063
3 0.0759 0.6950 0.0112 0.0087
3 0.0303 0.7284 0.0138 0.0100
3 0.1931 0.6616 0.0112 0.0075
3 0.1109 0.7037 0.0125 0.0075
3 0.2437 0.6763 0.0125 0.0087
3 0.2856 0.4044 0.0150 0.0275
3 0.2913 0.4006 0.0138 0.0263
3 0.3122 0.3944 0.0150 0.0263
3 0.3194 0.3919 0.0138 0.0275
3 0.3256 0.3888 0.0138 0.0275
3 0.3334 0.3872 0.0138 0.0275
3 0.3412 0.3837 0.0138 0.0238
3 0.3550 0.4075 0.0163 0.0275
3 0.3481 0.4131 0.0150 0.0263
3 0.3206 0.4225 0.0163 0.0263
3 0.5481 0.5787 0.0275 0.0138
3 0.3059 0.4256 0.0150 0.0263
3 0.2991 0.4278 0.0138 0.0275
3 0.2356 0.4209 0.0275 0.0138
3 0.2419 0.4406 0.0275 0.0125
3 0.2716 0.4466 0.0275 0.0150
3 0.2731 0.4544 0.0275 0.0150
3 0.2487 0.4694 0.0287 0.0138
3 0.2497 0.4778 0.0275 0.0150
3 0.2903 0.5138 0.0150 0.0275
3 0.2991 0.5153 0.0138 0.0275
3 0.3122 0.5159 0.0150 0.0287
3 0.3231 0.5044 0.0150 0.0275
3 0.3303 0.5019 0.0138 0.0287
3 0.3356 0.4975 0.0150 0.0263
3 0.3519 0.4966 0.0163 0.0275
3 0.3594 0.4950 0.0125 0.0275
3 0.3387 0.5341 0.0150 0.0275
3 0.3481 0.5350 0.0150 0.0263
3 0.3678 0.5278 0.0138 0.0275
3 0.3731 0.4903 0.0150 0.0275
3 0.3888 0.4934 0.0150 0.0275
3 0.6356 0.5053 0.0150 0.0138
3 0.6506 0.5081 0.0138 0.0100
3 0.6094 0.5456 0.0125 0.0100
3 0.6181 0.5534 0.0112 0.0100
3 0.5569 0.5591 0.0138 0.0087
3 0.4803 0.5816 0.0138 0.0100
3 0.7288 0.7338 0.0138 0.0112
3 0.7400 0.7453 0.0112 0.0125
3 0.7516 0.7600 0.0125 0.0138
3 0.7188 0.7719 0.0125 0.0125
3 0.5981 0.5644 0.0150 0.0100
3 0.4200 0.5909 0.0150 0.0100
