3 0.8303 0.9919 0.0263 0.0087
3 0.1519 0.9391 0.0100 0.0063
3 0.0581 0.9650 0.0100 0.0050
3 0.4609 0.8463 0.0063 0.0112
3 0.0797 0.9706 0.0125 0.0037
3 0.0028 0.9369 0.0025 0.0050
3 0.2206 0.9681 0.0100 0.0050
3 0.2650 0.9463 0.0112 0.0050
3 0.2978 0.9541 0.0112 0.0050
3 0.0222 0.2072 0.0037 0.0112
3 0.0119 0.2066 0.0050 0.0100
3 0.3725 0.3063 0.0075 0.0125
3 0.2309 0.7878 0.0025 0.0100
3 0.2222 0.7866 0.0037 0.0075
3 0.1494 0.7622 0.0050 0.0087
3 0.1437 0.7622 0.0063 0.0087
3 0.1497 0.7512 0.0025 0.0087
3 0.1550 0.7503 0.0037 0.0100
3 0.1988 0.7216 0.0037 0.0087
3 0.1800 0.7503 0.0037 0.0100
3 0.1550 0.7622 0.0037 0.0087
3 0.1609 0.7622 0.0063 0.0087
3 0.1650 0.7606 0.0050 0.0087
3 0.4744 0.9753 0.0112 0.0037
3 0.3597 0.9722 0.0100 0.0037
3 0.4556 0.9266 0.0050 0.0125
3 0.2587 0.9675 0.0112 0.0037
3 0.2634 0.9744 0.0112 0.0050
3 0.0275 0.4744 0.0112 0.0050
3 0.2034 0.4222 0.0100 0.0100
3 0.1994 0.7987 0.0050 0.0100
3 0.2222 0.7978 0.0037 0.0112
3 0.2269 0.7972 0.0037 0.0100
3 0.2172 0.7981 0.0063 0.0087
3 0.2112 0.7981 0.0037 0.0087
3 0.1447 0.7494 0.0050 0.0112
3 0.1237 0.7347 0.0100 0.0037
3 0.1228 0.7394 0.0112 0.0037
3 0.1244 0.7441 0.0112 0.0037
3 0.1237 0.7488 0.0100 0.0037
3 0.1237 0.7550 0.0100 0.0037
3 0.1231 0.7606 0.0087 0.0025
3 0.1231 0.7653 0.0087 0.0025
3 0.1862 0.7200 0.0037 0.0087
3 0.1816 0.7191 0.0037 0.0100
3 0.1759 0.7213 0.0050 0.0112
3 0.1712 0.7213 0.0050 0.0112
3 0.1750 0.7612 0.0063 0.0100
3 0.1806 0.7619 0.0050 0.0112
3 0.1981 0.4431 0.0087 0.0112
3 0.1997 0.4509 0.0087 0.0050
3 0.9563 0.0972 0.0063 0.0100
3 0.9491 0.0694 0.0138 0.0075
3 0.9616 0.0600 0.0075 0.0138
3 0.8594 0.1341 0.0125 0.0087
3 0.8756 0.0619 0.0138 0.0112
3 0.8187 0.0531 0.0125 0.0063
3 0.7822 0.0781 0.0112 0.0063
3 0.7753 0.1187 0.0100 0.0063
3 0.7797 0.0969 0.0125 0.0063
3 0.2838 0.0894 0.0050 0.0100
3 0.2853 0.0762 0.0050 0.0087
3 0.3009 0.1012 0.0050 0.0087
3 0.1409 0.9650 0.0100 0.0050
3 0.2197 0.9869 0.0112 0.0050
3 0.2963 0.9775 0.0112 0.0050
3 0.2103 0.9500 0.0112 0.0063
3 0.2331 0.9431 0.0100 0.0050
3 0.2213 0.9338 0.0112 0.0050
3 0.4113 0.9734 0.0100 0.0063
3 0.9672 0.0344 0.0063 0.0125
3 0.1847 0.7991 0.0037 0.0075
3 0.1800 0.7975 0.0037 0.0075
3 0.1744 0.7981 0.0050 0.0087
3 0.0131 0.0219 0.0075 0.0125
3 0.2072 0.7638 0.0050 0.0087
3 0.1862 0.7644 0.0037 0.0100
3 0.1962 0.7644 0.0050 0.0100
3 0.1681 0.7981 0.0050 0.0087
3 0.2269 0.7506 0.0037 0.0075
3 0.2166 0.7512 0.0050 0.0087
3 0.2056 0.7509 0.0050 0.0112
3 0.1744 0.7497 0.0050 0.0087
3 0.1144 0.9547 0.0100 0.0063
3 0.0556 0.9556 0.0112 0.0050
3 0.0528 0.9456 0.0087 0.0037
3 0.5359 0.9784 0.0125 0.0037
3 0.1425 0.7841 0.0037 0.0087
3 0.1487 0.7856 0.0037 0.0087
3 0.1541 0.7863 0.0050 0.0100
3 0.1588 0.7847 0.0050 0.0100
3 0.1650 0.7856 0.0050 0.0087
3 0.1691 0.7856 0.0037 0.0087
3 0.1738 0.7841 0.0037 0.0087
3 0.1800 0.7841 0.0037 0.0087
3 0.1853 0.7847 0.0050 0.0100
3 0.1916 0.7863 0.0050 0.0100
3 0.1962 0.7856 0.0050 0.0087
3 0.2025 0.7856 0.0050 0.0087
3 0.1422 0.7981 0.0063 0.0087
3 0.1484 0.7981 0.0063 0.0087
3 0.1541 0.7981 0.0050 0.0087
3 0.1588 0.7981 0.0050 0.0087
3 0.1634 0.7991 0.0050 0.0075
3 0.0916 0.9619 0.0112 0.0050
3 0.2906 0.9356 0.0125 0.0025
3 0.3056 0.9363 0.0112 0.0037
3 0.3409 0.9216 0.0037 0.0087
3 0.1653 0.7497 0.0025 0.0087
3 0.1613 0.7497 0.0037 0.0087
3 0.1237 0.7963 0.0100 0.0050
3 0.1231 0.7909 0.0087 0.0037
3 0.1237 0.7812 0.0100 0.0063
3 0.1237 0.7869 0.0100 0.0050
3 0.1244 0.7712 0.0112 0.0050
3 0.3769 0.7478 0.0100 0.0050
3 0.3353 0.9216 0.0050 0.0087
3 0.3987 0.9206 0.0037 0.0100
3 0.2500 0.9347 0.0125 0.0037
3 0.4034 0.9200 0.0037 0.0087
3 0.3925 0.9200 0.0037 0.0087
3 0.3806 0.9028 0.0050 0.0087
3 0.3916 0.8997 0.0050 0.0087
3 0.3916 0.8887 0.0050 0.0087
3 0.3972 0.8912 0.0037 0.0075
3 0.2019 0.9878 0.0100 0.0037
3 0.1841 0.9659 0.0087 0.0037
3 0.1734 0.9484 0.0125 0.0063
3 0.0138 0.0441 0.0150 0.0037
3 0.0131 0.0488 0.0138 0.0037
