3 0.6412 0.9628 0.0138 0.0100
3 0.4906 0.9044 0.0125 0.0087
3 0.4609 0.8931 0.0125 0.0112
3 0.5244 0.8731 0.0112 0.0087
3 0.5641 0.8887 0.0125 0.0087
3 0.5641 0.9178 0.0125 0.0075
3 0.4775 0.8616 0.0112 0.0075
3 0.5050 0.8653 0.0100 0.0087
3 0.4634 0.8313 0.0112 0.0063
3 0.4072 0.8084 0.0112 0.0075
3 0.3719 0.8137 0.0125 0.0087
3 0.3369 0.8278 0.0112 0.0087
3 0.3666 0.8519 0.0112 0.0100
3 0.4175 0.8725 0.0100 0.0075
3 0.4391 0.8637 0.0125 0.0087
3 0.5894 0.8522 0.0100 0.0075
3 0.5519 0.8762 0.0100 0.0087
3 0.5822 0.8809 0.0112 0.0087
3 0.6406 0.9216 0.0125 0.0087
3 0.5931 0.9309 0.0112 0.0087
3 0.6438 0.9331 0.0125 0.0100
3 0.6594 0.9238 0.0125 0.0100
3 0.6209 0.9619 0.0138 0.0112
3 0.6656 0.9628 0.0125 0.0100
3 0.7150 0.9856 0.0112 0.0087
3 0.7063 0.9581 0.0125 0.0100
3 0.5525 0.9828 0.0112 0.0063
3 0.5331 0.9869 0.0100 0.0050
3 0.2416 0.8934 0.0112 0.0087
3 0.3097 0.9209 0.0100 0.0075
3 0.6722 0.9887 0.0100 0.0087
3 0.6331 0.9794 0.0100 0.0087
3 0.6384 0.9747 0.0112 0.0087
3 0.6003 0.9606 0.0100 0.0087
3 0.5556 0.9409 0.0112 0.0100
3 0.5025 0.9184 0.0112 0.0087
3 0.4594 0.8991 0.0125 0.0075
3 0.9650 0.9938 0.0112 0.0063
3 0.8978 0.9938 0.0112 0.0063
3 0.8706 0.9806 0.0100 0.0050
3 0.8588 0.9875 0.0112 0.0063
3 0.8363 0.9731 0.0100 0.0087
3 0.8116 0.9772 0.0138 0.0075
3 0.7444 0.9472 0.0138 0.0100
3 0.7691 0.9637 0.0100 0.0087
3 0.6844 0.9825 0.0125 0.0087
3 0.6759 0.9200 0.0112 0.0087
3 0.2922 0.8019 0.0125 0.0100
3 0.2431 0.5806 0.0050 0.0112
3 0.2447 0.6091 0.0050 0.0087
3 0.1759 0.6041 0.0050 0.0112
3 0.1759 0.5894 0.0050 0.0100
3 0.1775 0.5516 0.0050 0.0125
3 0.1769 0.5144 0.0037 0.0100
3 0.1750 0.5019 0.0063 0.0100
3 0.1744 0.4888 0.0050 0.0087
3 0.2325 0.6462 0.0087 0.0112
3 0.2494 0.5659 0.0050 0.0100
3 0.2509 0.5300 0.0050 0.0100
3 0.2509 0.5019 0.0050 0.0100
3 0.2509 0.4853 0.0050 0.0112
3 0.2584 0.4072 0.0075 0.0112
3 0.1462 0.2466 0.0112 0.0087
3 0.1744 0.2669 0.0112 0.0087
3 0.1997 0.3087 0.0087 0.0112
3 0.2178 0.3337 0.0075 0.0112
3 0.2256 0.3337 0.0075 0.0112
3 0.2428 0.3509 0.0075 0.0112
3 0.2838 0.3878 0.0050 0.0100
3 0.2875 0.3531 0.0063 0.0125
3 0.2422 0.5950 0.0063 0.0087
3 0.2516 0.6300 0.0063 0.0100
3 0.2969 0.7819 0.0125 0.0075
3 0.1531 0.6419 0.0125 0.0087
3 0.2422 0.7872 0.0125 0.0087
3 0.5266 0.9194 0.0125 0.0075
3 0.5516 0.9325 0.0125 0.0087
3 0.7719 0.9809 0.0375 0.0212
3 0.2681 0.7616 0.0112 0.0075
3 0.4138 0.7725 0.0087 0.0075
3 0.2513 0.7625 0.0087 0.0063
3 0.2472 0.7512 0.0100 0.0087
3 0.2697 0.7522 0.0112 0.0075
3 0.2325 0.7750 0.0087 0.0063
3 0.2394 0.7006 0.0100 0.0075
3 0.1784 0.7288 0.0225 0.0138
3 0.5956 0.9938 0.0100 0.0063
3 0.1313 0.2309 0.0250 0.0150
3 0.1837 0.2644 0.0238 0.0225
3 0.2291 0.3138 0.0175 0.0275
3 0.3256 0.2634 0.0138 0.0112
3 0.3612 0.2350 0.0225 0.0200
3 0.3044 0.7669 0.0275 0.0150
3 0.2291 0.7919 0.0238 0.0150
3 0.0316 0.6981 0.0225 0.0150
3 0.2197 0.6678 0.0175 0.0200
3 0.2500 0.5481 0.0063 0.0212
3 0.1684 0.6213 0.0087 0.0238
3 0.4162 0.9578 0.0263 0.0125
3 0.5331 0.9137 0.0225 0.0150
3 0.4594 0.8434 0.0375 0.0212
3 0.5984 0.9425 0.0250 0.0163
3 0.6003 0.0431 0.0225 0.0175
3 0.3928 0.8222 0.0138 0.0100
3 0.3969 0.8144 0.0125 0.0100
3 0.4062 0.8597 0.0125 0.0100
3 0.0900 0.8116 0.0112 0.0075
3 0.0816 0.8169 0.0100 0.0087
3 0.1594 0.8550 0.0125 0.0100
3 0.1584 0.8447 0.0138 0.0112
3 0.2203 0.8753 0.0125 0.0100
3 0.3022 0.6500 0.0075 0.0125
3 0.3484 0.9238 0.0125 0.0100
3 0.4053 0.9444 0.0138 0.0075
3 0.6250 0.9456 0.0125 0.0100
3 0.5291 0.9037 0.0112 0.0075
3 0.5844 0.9066 0.0125 0.0100
3 0.6131 0.9066 0.0138 0.0100
3 0.6844 0.9356 0.0125 0.0087
3 0.7266 0.9503 0.0125 0.0100
3 0.1194 0.6838 0.0138 0.0112
3 0.0813 0.7269 0.0125 0.0100
3 0.0528 0.7228 0.0150 0.0112
3 0.0459 0.6550 0.0138 0.0100
3 0.0900 0.6731 0.0112 0.0087
3 0.0697 0.8578 0.0112 0.0063
3 0.1537 0.8009 0.0138 0.0112
3 0.1453 0.7884 0.0125 0.0112
3 0.1219 0.7800 0.0125 0.0100
3 0.1313 0.7825 0.0125 0.0087
3 0.1425 0.7350 0.0100 0.0075
3 0.3578 0.8272 0.0125 0.0075
3 0.3291 0.8347 0.0112 0.0100
3 0.2662 0.7894 0.0138 0.0100
3 0.3266 0.8144 0.0125 0.0100
3 0.4878 0.1450 0.0100 0.0087
3 0.4775 0.1544 0.0112 0.0087
3 0.4556 0.1581 0.0112 0.0100
3 0.4437 0.1706 0.0125 0.0100
3 0.4228 0.1962 0.0112 0.0112
3 0.4113 0.2044 0.0100 0.0087
3 0.4009 0.2134 0.0112 0.0112
3 0.2650 0.5637 0.0050 0.0087
3 0.2587 0.4681 0.0050 0.0112
3 0.2494 0.4703 0.0050 0.0125
3 0.1272 0.7541 0.0138 0.0112
3 0.1553 0.7597 0.0138 0.0100
3 0.1856 0.7541 0.0150 0.0112
3 0.1962 0.7775 0.0112 0.0112
3 0.2162 0.7744 0.0138 0.0112
3 0.1494 0.7097 0.0112 0.0100
3 0.2531 0.8088 0.0125 0.0112
3 0.2787 0.8206 0.0138 0.0100
3 0.4491 0.8775 0.0138 0.0112
3 0.3350 0.7978 0.0138 0.0112
3 0.3256 0.7863 0.0138 0.0100
3 0.4984 0.1353 0.0125 0.0112
3 0.5578 0.0906 0.0125 0.0125
3 0.5722 0.0688 0.0100 0.0125
3 0.5816 0.0581 0.0100 0.0100
3 0.2928 0.3406 0.0075 0.0125
3 0.2797 0.4228 0.0063 0.0112
3 0.2388 0.3681 0.0087 0.0112
3 0.5859 0.0947 0.0125 0.0112
3 0.5666 0.0784 0.0112 0.0100
3 0.2819 0.3675 0.0075 0.0100
3 0.3034 0.3275 0.0100 0.0112
3 0.3800 0.2206 0.0100 0.0100
3 0.3888 0.2231 0.0087 0.0087
3 0.4713 0.1841 0.0112 0.0087
3 0.5312 0.1003 0.0125 0.0100
3 0.5409 0.0925 0.0100 0.0100
3 0.5597 0.0753 0.0100 0.0100
3 0.5509 0.0825 0.0112 0.0087
3 0.6181 0.0300 0.0112 0.0100
3 0.6253 0.0347 0.0100 0.0100
3 0.6697 0.0269 0.0112 0.0100
3 0.5344 0.1066 0.0125 0.0100
3 0.4931 0.1300 0.0112 0.0100
3 0.4825 0.1394 0.0087 0.0100
3 0.4700 0.1491 0.0087 0.0075
3 0.1038 0.2300 0.0138 0.0100
3 0.0788 0.2216 0.0138 0.0087
3 0.0425 0.9425 0.0100 0.0100
3 0.0597 0.9394 0.0100 0.0100
3 0.0387 0.9822 0.0087 0.0112
3 0.4644 0.8756 0.0100 0.0075
3 0.2662 0.4644 0.0075 0.0100
3 0.4972 0.8887 0.0100 0.0087
3 0.2087 0.8250 0.0112 0.0125
3 0.2297 0.6325 0.0063 0.0087
3 0.2762 0.3828 0.0087 0.0125
