3 0.9781 0.2450 0.0125 0.0087
3 0.6972 0.3400 0.0287 0.0112
3 0.6300 0.3525 0.0287 0.0112
3 0.7425 0.3266 0.0287 0.0125
3 0.8294 0.2697 0.0212 0.0112
3 0.9766 0.2147 0.0250 0.0138
3 0.9472 0.2422 0.0225 0.0125
3 0.8522 0.2731 0.0138 0.0087
3 0.0144 0.4453 0.0287 0.0125
3 0.2603 0.4444 0.0112 0.0075
3 0.1459 0.4606 0.0138 0.0087
3 0.2009 0.4412 0.0112 0.0075
3 0.4034 0.4094 0.0100 0.0063
3 0.4269 0.2597 0.0100 0.0100
3 0.5378 0.2928 0.0163 0.0075
3 0.2259 0.4450 0.0112 0.0087
3 0.3712 0.4084 0.0112 0.0075
3 0.4547 0.3825 0.0125 0.0087
3 0.5656 0.3559 0.0125 0.0087
3 0.7650 0.3106 0.0112 0.0087
3 0.9437 0.2700 0.0125 0.0087
3 0.9759 0.2725 0.0112 0.0075
3 0.9788 0.2881 0.0075 0.0075
3 0.2306 0.4088 0.0300 0.0112
3 0.1400 0.4313 0.0112 0.0063
3 0.0266 0.4834 0.0125 0.0075
3 0.0219 0.3431 0.0063 0.0112
3 0.0791 0.4388 0.0175 0.0087
3 0.1334 0.9700 0.0200 0.0212
3 0.6825 0.7559 0.0338 0.0338
3 0.5350 0.3263 0.0263 0.0150
3 0.6444 0.3756 0.0263 0.0138
3 0.2981 0.2784 0.0087 0.0287
3 0.1256 0.1613 0.0325 0.0163
3 0.0616 0.1834 0.0325 0.0200
3 0.0725 0.4684 0.0138 0.0087
3 0.0072 0.6384 0.0112 0.0112
3 0.1450 0.5400 0.0150 0.0112
