3 0.7997 0.0556 0.0087 0.0050
3 0.6663 0.6831 0.0075 0.0100
3 0.5394 0.3728 0.0100 0.0112
3 0.5675 0.3412 0.0100 0.0075
3 0.5831 0.3269 0.0100 0.0100
3 0.9550 0.4284 0.0037 0.0100
3 0.9088 0.5969 0.0050 0.0125
3 0.6062 0.4050 0.0063 0.0100
3 0.6303 0.4750 0.0075 0.0125
3 0.7409 0.4816 0.0037 0.0100
3 0.6666 0.5622 0.0050 0.0087
3 0.6744 0.5700 0.0050 0.0087
3 0.6562 0.5550 0.0063 0.0100
3 0.9250 0.6178 0.0063 0.0138
3 0.9250 0.6412 0.0063 0.0138
3 0.9144 0.6775 0.0100 0.0112
3 0.4844 0.7238 0.0063 0.0100
3 0.5650 0.7288 0.0112 0.0075
3 0.5691 0.3497 0.0100 0.0087
3 0.4269 0.5025 0.0100 0.0112
3 0.3566 0.3925 0.0100 0.0100
3 0.3669 0.3894 0.0212 0.0225
3 0.8213 0.0647 0.0112 0.0075
3 0.8581 0.0625 0.0100 0.0063
3 0.5237 0.0041 0.0100 0.0050
3 0.5269 0.3728 0.0100 0.0112
3 0.5244 0.3900 0.0112 0.0112
3 0.9494 0.0738 0.0112 0.0037
3 0.0028 0.4275 0.0025 0.0050
3 0.3644 0.2747 0.0100 0.0087
3 0.5400 0.2341 0.0112 0.0087
3 0.6691 0.2994 0.0100 0.0050
3 0.6509 0.3087 0.0112 0.0050
3 0.6503 0.3016 0.0100 0.0063
3 0.0034 0.1803 0.0037 0.0138
3 0.6569 0.6681 0.0075 0.0112
3 0.6769 0.6994 0.0100 0.0050
3 0.0047 0.8716 0.0063 0.0087
3 0.0303 0.8387 0.0075 0.0087
3 0.0284 0.8316 0.0100 0.0100
3 0.1372 0.8025 0.0087 0.0112
3 0.1372 0.8175 0.0087 0.0100
3 0.1512 0.8238 0.0087 0.0100
3 0.1659 0.8566 0.0100 0.0100
3 0.1794 0.8613 0.0087 0.0100
3 0.1950 0.8778 0.0087 0.0087
3 0.2103 0.9012 0.0112 0.0087
3 0.2263 0.9022 0.0087 0.0075
3 0.2331 0.9137 0.0100 0.0087
3 0.2644 0.9319 0.0100 0.0075
3 0.2878 0.9512 0.0100 0.0087
3 0.0247 0.8569 0.0087 0.0075
3 0.0881 0.7853 0.0075 0.0112
3 0.0781 0.7878 0.0125 0.0100
3 0.0619 0.7775 0.0050 0.0112
3 0.0784 0.8116 0.0100 0.0075
3 0.0778 0.7956 0.0087 0.0100
3 0.0972 0.7956 0.0100 0.0100
3 0.1075 0.7963 0.0087 0.0112
3 0.0984 0.8119 0.0063 0.0112
3 0.1250 0.8262 0.0063 0.0087
3 0.1291 0.8381 0.0050 0.0075
3 0.1281 0.8575 0.0063 0.0087
3 0.1203 0.8566 0.0063 0.0100
3 0.1447 0.8794 0.0050 0.0087
3 0.1406 0.9059 0.0063 0.0087
3 0.7263 0.6925 0.0087 0.0037
3 0.3247 0.5831 0.0087 0.0100
3 0.2263 0.7137 0.0087 0.0087
3 0.2388 0.7028 0.0087 0.0087
3 0.2481 0.6944 0.0087 0.0075
3 0.2625 0.6813 0.0125 0.0125
3 0.0781 0.6728 0.0063 0.0112
3 0.0322 0.5978 0.0050 0.0112
3 0.0312 0.6181 0.0063 0.0112
3 0.0178 0.6178 0.0075 0.0138
3 0.0200 0.6466 0.0087 0.0087
3 0.0131 0.6506 0.0075 0.0075
3 0.0331 0.6644 0.0100 0.0100
3 0.2131 0.6912 0.0075 0.0075
3 0.1956 0.7069 0.0100 0.0075
3 0.1762 0.7241 0.0087 0.0075
3 0.2066 0.7309 0.0100 0.0087
3 0.3144 0.5919 0.0100 0.0087
3 0.0650 0.8256 0.0112 0.0075
3 0.3087 0.6050 0.0112 0.0100
3 0.7681 0.6900 0.0112 0.0050
3 0.8525 0.6922 0.0112 0.0063
3 0.2741 0.3812 0.0138 0.0063
3 0.0047 0.4822 0.0063 0.0112
3 0.1659 0.7675 0.0100 0.0100
3 0.2513 0.6638 0.0087 0.0087
3 0.2372 0.6700 0.0087 0.0087
3 0.2409 0.6581 0.0100 0.0100
3 0.2559 0.6512 0.0087 0.0087
3 0.2691 0.6481 0.0100 0.0087
3 0.2722 0.6381 0.0100 0.0075
3 0.2809 0.6388 0.0087 0.0087
3 0.2863 0.6253 0.0100 0.0100
3 0.2919 0.6278 0.0087 0.0087
3 0.2966 0.6144 0.0087 0.0100
3 0.1712 0.7388 0.0112 0.0087
3 0.2128 0.6997 0.0100 0.0087
3 0.1909 0.7206 0.0100 0.0100
3 0.1950 0.7438 0.0087 0.0063
3 0.2575 0.8694 0.0087 0.0075
3 0.2409 0.8928 0.0100 0.0075
3 0.2325 0.8766 0.0087 0.0063
3 0.2306 0.8850 0.0112 0.0075
3 0.1006 0.8738 0.0075 0.0100
3 0.1106 0.8978 0.0087 0.0112
3 0.0447 0.6822 0.0112 0.0112
3 0.0706 0.7128 0.0100 0.0100
3 0.0741 0.7034 0.0075 0.0100
3 0.1100 0.7588 0.0075 0.0112
3 0.1069 0.7706 0.0075 0.0100
3 0.1184 0.7762 0.0087 0.0087
3 0.0416 0.8216 0.0112 0.0087
3 0.0434 0.8319 0.0087 0.0075
3 0.0581 0.8412 0.0100 0.0075
3 0.2638 0.8778 0.0087 0.0087
3 0.2747 0.8716 0.0087 0.0087
3 0.2753 0.8575 0.0100 0.0087
3 0.4019 0.7762 0.0100 0.0087
3 0.1553 0.7428 0.0075 0.0075
3 0.1497 0.7562 0.0087 0.0063
3 0.1331 0.7531 0.0100 0.0063
3 0.3247 0.6269 0.0087 0.0100
3 0.3628 0.7950 0.0100 0.0087
3 0.4144 0.7700 0.0100 0.0087
3 0.3275 0.8144 0.0112 0.0100
3 0.3003 0.8544 0.0100 0.0087
3 0.2706 0.8522 0.0100 0.0075
3 0.3550 0.8194 0.0100 0.0075
3 0.3425 0.8272 0.0100 0.0075
3 0.3284 0.8356 0.0100 0.0087
3 0.3109 0.8403 0.0125 0.0087
3 0.2847 0.8637 0.0100 0.0087
