3 0.6116 0.9956 0.0138 0.0100
3 0.6084 0.9900 0.0138 0.0112
3 0.6047 0.9788 0.0063 0.0138
3 0.5978 0.9688 0.0050 0.0125
3 0.5912 0.9634 0.0075 0.0112
3 0.5847 0.9547 0.0100 0.0125
3 0.6178 0.9816 0.0138 0.0100
3 0.6350 0.9678 0.0138 0.0138
3 0.6381 0.9734 0.0138 0.0125
3 0.6419 0.9797 0.0150 0.0125
3 0.6475 0.9853 0.0138 0.0112
3 0.6491 0.9906 0.0138 0.0125
3 0.6531 0.9956 0.0125 0.0100
3 0.7612 0.9866 0.0100 0.0138
3 0.5081 0.7131 0.0100 0.0138
3 0.9141 0.9387 0.0125 0.0150
3 0.9297 0.9200 0.0125 0.0150
3 0.9366 0.9178 0.0138 0.0138
3 0.9447 0.9131 0.0112 0.0138
3 0.9522 0.9075 0.0138 0.0150
3 0.9713 0.8919 0.0112 0.0150
3 0.9906 0.8781 0.0125 0.0125
3 0.5159 0.7569 0.0100 0.0138
3 0.5228 0.7522 0.0112 0.0138
3 0.5297 0.7475 0.0125 0.0138
3 0.5359 0.7412 0.0125 0.0138
3 0.5453 0.7372 0.0125 0.0150
3 0.5516 0.7309 0.0125 0.0150
3 0.5156 0.7106 0.0125 0.0150
3 0.7562 0.9912 0.0125 0.0138
3 0.5228 0.7022 0.0112 0.0138
3 0.5291 0.6984 0.0112 0.0125
3 0.5344 0.6937 0.0125 0.0125
3 0.5669 0.6353 0.0150 0.0112
3 0.5312 0.6469 0.0125 0.0125
3 0.5419 0.5916 0.0087 0.0112
3 0.5497 0.5922 0.0087 0.0125
3 0.5569 0.5906 0.0075 0.0125
3 0.5650 0.5934 0.0112 0.0150
3 0.5706 0.5981 0.0100 0.0150
3 0.5753 0.6038 0.0100 0.0138
3 0.3944 0.5969 0.0138 0.0125
3 0.5459 0.5150 0.0138 0.0112
3 0.9062 0.9419 0.0125 0.0150
3 0.9009 0.9469 0.0112 0.0125
3 0.8791 0.9606 0.0112 0.0150
3 0.8722 0.9625 0.0100 0.0125
3 0.7922 0.9669 0.0125 0.0150
3 0.8000 0.9647 0.0125 0.0138
3 0.8166 0.9384 0.0112 0.0112
3 0.7450 0.9119 0.0150 0.0112
3 0.7500 0.9094 0.0125 0.0125
3 0.6400 0.9344 0.0112 0.0125
3 0.6462 0.9319 0.0112 0.0138
3 0.6519 0.9250 0.0100 0.0125
3 0.6572 0.9225 0.0112 0.0138
3 0.6625 0.9184 0.0125 0.0150
3 0.6666 0.9141 0.0112 0.0125
3 0.6813 0.9084 0.0125 0.0138
3 0.6869 0.9037 0.0112 0.0138
3 0.6975 0.9000 0.0138 0.0125
3 0.6416 0.9094 0.0112 0.0125
3 0.6641 0.8947 0.0125 0.0112
3 0.6741 0.8884 0.0138 0.0112
3 0.5941 0.9456 0.0100 0.0163
3 0.5997 0.9412 0.0087 0.0138
3 0.6059 0.9387 0.0087 0.0150
3 0.6134 0.9347 0.0112 0.0163
3 0.6200 0.9300 0.0087 0.0163
3 0.7219 0.8569 0.0125 0.0138
3 0.7291 0.8538 0.0112 0.0138
3 0.7366 0.8512 0.0138 0.0150
3 0.7422 0.8475 0.0125 0.0138
3 0.8444 0.9272 0.0138 0.0138
3 0.4859 0.5394 0.0125 0.0100
3 0.8359 0.3550 0.0125 0.0100
3 0.8281 0.3459 0.0125 0.0138
3 0.8328 0.3516 0.0125 0.0125
3 0.8141 0.3416 0.0125 0.0112
3 0.5906 0.4031 0.0125 0.0125
3 0.7453 0.4419 0.0125 0.0150
3 0.6025 0.4922 0.0112 0.0063
3 0.6056 0.4984 0.0112 0.0063
3 0.6078 0.5037 0.0125 0.0075
3 0.6116 0.5109 0.0138 0.0063
3 0.6062 0.4838 0.0125 0.0112
3 0.6112 0.4781 0.0100 0.0125
3 0.6969 0.4719 0.0125 0.0125
3 0.7031 0.4656 0.0125 0.0125
3 0.7094 0.4631 0.0125 0.0138
3 0.7156 0.4594 0.0125 0.0125
3 0.7213 0.4547 0.0112 0.0125
3 0.7338 0.4475 0.0112 0.0138
3 0.7384 0.4434 0.0112 0.0150
3 0.7594 0.4319 0.0125 0.0138
3 0.8088 0.3469 0.0112 0.0125
3 0.6172 0.3803 0.0125 0.0138
3 0.6222 0.3750 0.0100 0.0125
3 0.6359 0.3663 0.0125 0.0138
3 0.6422 0.3600 0.0125 0.0138
3 0.6478 0.3547 0.0112 0.0125
3 0.6531 0.3500 0.0125 0.0125
3 0.6603 0.3466 0.0112 0.0150
3 0.6644 0.3406 0.0100 0.0125
3 0.6725 0.3359 0.0075 0.0125
3 0.6803 0.3287 0.0075 0.0138
3 0.6953 0.3506 0.0125 0.0138
3 0.7016 0.3538 0.0125 0.0138
3 0.8056 0.3531 0.0112 0.0125
3 0.6003 0.4725 0.0100 0.0138
3 0.5672 0.4266 0.0125 0.0125
3 0.5078 0.4150 0.0125 0.0112
3 0.1306 0.7625 0.0112 0.0063
3 0.1491 0.7053 0.0075 0.0138
3 0.1562 0.7047 0.0063 0.0125
3 0.1709 0.7100 0.0075 0.0138
3 0.1803 0.7125 0.0075 0.0125
3 0.1891 0.7156 0.0063 0.0125
3 0.1663 0.7416 0.0138 0.0112
3 0.4912 0.4322 0.0138 0.0112
3 0.5037 0.3962 0.0138 0.0112
3 0.5100 0.3900 0.0138 0.0112
3 0.5203 0.4072 0.0125 0.0112
3 0.5272 0.4009 0.0138 0.0112
3 0.5156 0.4097 0.0125 0.0100
3 0.5016 0.4219 0.0125 0.0125
3 0.1272 0.7700 0.0138 0.0087
3 0.5372 0.3906 0.0150 0.0125
3 0.5550 0.3766 0.0163 0.0125
3 0.5600 0.3712 0.0138 0.0112
3 0.5662 0.3681 0.0138 0.0112
3 0.5516 0.3638 0.0125 0.0087
3 0.5475 0.3581 0.0138 0.0100
3 0.5413 0.3513 0.0138 0.0087
3 0.5381 0.3450 0.0138 0.0087
3 0.5716 0.3634 0.0150 0.0112
3 0.5772 0.3594 0.0138 0.0125
3 0.5834 0.3541 0.0138 0.0112
3 0.5750 0.3463 0.0125 0.0112
3 0.5844 0.3391 0.0125 0.0125
3 0.1100 0.7638 0.0138 0.0087
3 0.1553 0.7694 0.0138 0.0075
3 0.5906 0.4750 0.0063 0.0125
3 0.1866 0.8950 0.0138 0.0087
3 0.0819 0.9434 0.0138 0.0087
3 0.0844 0.9356 0.0125 0.0087
3 0.0906 0.9272 0.0125 0.0075
3 0.1256 0.9259 0.0138 0.0112
3 0.1281 0.9181 0.0125 0.0112
3 0.1356 0.9041 0.0150 0.0112
3 0.1413 0.8994 0.0138 0.0112
3 0.1678 0.9122 0.0138 0.0087
3 0.1850 0.9231 0.0138 0.0087
3 0.1569 0.8887 0.0138 0.0087
3 0.2100 0.9137 0.0138 0.0087
3 0.1991 0.9091 0.0138 0.0087
3 0.1931 0.9037 0.0112 0.0075
3 0.1803 0.8881 0.0138 0.0075
3 0.1531 0.7797 0.0125 0.0063
3 0.1762 0.8791 0.0150 0.0112
3 0.1703 0.8672 0.0125 0.0063
3 0.1631 0.8591 0.0138 0.0087
3 0.1562 0.8275 0.0063 0.0112
3 0.0078 0.8747 0.0125 0.0087
3 0.0125 0.8556 0.0125 0.0112
3 0.0172 0.8466 0.0125 0.0087
3 0.0241 0.8363 0.0138 0.0100
3 0.0281 0.8284 0.0125 0.0100
3 0.1069 0.7706 0.0138 0.0100
3 0.1225 0.7772 0.0138 0.0075
3 0.1525 0.7919 0.0112 0.0150
3 0.5891 0.3500 0.0125 0.0125
3 0.5953 0.3447 0.0125 0.0112
3 0.5719 0.3416 0.0125 0.0112
3 0.6925 0.2191 0.0163 0.0100
3 0.6531 0.2538 0.0125 0.0138
3 0.6594 0.2481 0.0125 0.0150
3 0.6787 0.2734 0.0138 0.0125
3 0.6844 0.2697 0.0125 0.0112
3 0.6906 0.2650 0.0125 0.0112
3 0.6969 0.2597 0.0125 0.0100
3 0.7725 0.2594 0.0138 0.0125
3 0.7031 0.2544 0.0125 0.0087
3 0.7091 0.2647 0.0150 0.0138
3 0.6975 0.2437 0.0138 0.0063
3 0.6963 0.2350 0.0112 0.0075
3 0.6966 0.2269 0.0150 0.0100
3 0.6600 0.2097 0.0075 0.0163
3 0.6863 0.2119 0.0163 0.0112
3 0.5656 0.3369 0.0125 0.0112
3 0.6834 0.2034 0.0200 0.0163
3 0.6791 0.1956 0.0175 0.0163
3 0.6744 0.1888 0.0175 0.0150
3 0.8706 0.0891 0.0100 0.0125
3 0.8616 0.0034 0.0075 0.0037
3 0.5784 0.4828 0.0163 0.0063
3 0.5894 0.4969 0.0100 0.0125
3 0.5941 0.5025 0.0100 0.0112
3 0.5963 0.5094 0.0112 0.0125
3 0.6009 0.5172 0.0112 0.0125
3 0.5734 0.4744 0.0125 0.0050
3 0.5725 0.4688 0.0138 0.0063
3 0.5694 0.4594 0.0138 0.0063
3 0.6641 0.2884 0.0125 0.0112
3 0.6594 0.2925 0.0125 0.0100
3 0.6516 0.2969 0.0125 0.0125
3 0.6466 0.3009 0.0150 0.0112
3 0.5631 0.3316 0.0138 0.0100
3 0.5575 0.3266 0.0150 0.0125
3 0.5531 0.3206 0.0125 0.0100
3 0.5625 0.3131 0.0125 0.0138
3 0.5681 0.3175 0.0112 0.0163
3 0.5706 0.3231 0.0100 0.0150
3 0.5759 0.3294 0.0112 0.0150
3 0.5800 0.3344 0.0100 0.0125
3 0.6078 0.3344 0.0125 0.0125
3 0.6131 0.3291 0.0138 0.0112
3 0.6194 0.3244 0.0138 0.0112
3 0.6025 0.3225 0.0112 0.0138
3 0.5972 0.3156 0.0100 0.0125
3 0.5931 0.2975 0.0112 0.0138
3 0.5991 0.3031 0.0075 0.0125
3 0.6025 0.3069 0.0112 0.0138
3 0.6081 0.3109 0.0100 0.0125
3 0.6256 0.3197 0.0138 0.0112
3 0.6319 0.3159 0.0138 0.0100
3 0.6344 0.3103 0.0125 0.0112
3 0.6044 0.2772 0.0087 0.0138
3 0.6106 0.2794 0.0087 0.0150
3 0.6147 0.2850 0.0075 0.0138
3 0.6194 0.2913 0.0075 0.0138
3 0.6247 0.2944 0.0087 0.0138
3 0.6303 0.3000 0.0075 0.0125
3 0.6403 0.3047 0.0150 0.0125
