3 0.9459 0.6656 0.0138 0.0063
3 0.8600 0.6166 0.0138 0.0112
3 0.8600 0.6247 0.0138 0.0087
3 0.8625 0.6406 0.0125 0.0063
3 0.8419 0.6700 0.0150 0.0150
3 0.8656 0.6491 0.0125 0.0075
3 0.9459 0.6569 0.0138 0.0075
3 0.9481 0.6803 0.0150 0.0075
3 0.8281 0.5781 0.0125 0.0063
3 0.8719 0.6778 0.0125 0.0087
3 0.8731 0.6869 0.0150 0.0112
3 0.8397 0.7459 0.0138 0.0075
3 0.8469 0.7756 0.0125 0.0075
3 0.8128 0.8275 0.0100 0.0175
3 0.8203 0.8647 0.0063 0.0138
3 0.9053 0.9341 0.0138 0.0087
3 0.8334 0.6178 0.0138 0.0075
3 0.8272 0.5709 0.0138 0.0075
3 0.8538 0.5241 0.0138 0.0075
3 0.9616 0.4688 0.0075 0.0125
3 0.9547 0.4688 0.0063 0.0125
3 0.9469 0.4688 0.0063 0.0125
3 0.9978 0.5147 0.0050 0.0075
3 0.9969 0.5219 0.0063 0.0063
3 0.9969 0.5584 0.0063 0.0075
3 0.9988 0.5728 0.0037 0.0050
3 0.8859 0.4781 0.0063 0.0125
3 0.8516 0.5153 0.0125 0.0087
3 0.8538 0.5312 0.0138 0.0063
3 0.8531 0.5506 0.0125 0.0075
3 0.8531 0.5437 0.0125 0.0063
3 0.8538 0.5375 0.0138 0.0063
3 0.8178 0.5016 0.0138 0.0063
3 0.8162 0.5078 0.0138 0.0063
3 0.8194 0.5194 0.0138 0.0075
3 0.8200 0.5272 0.0150 0.0075
3 0.8209 0.5397 0.0138 0.0075
3 0.8231 0.5547 0.0150 0.0063
3 0.8241 0.5616 0.0138 0.0075
3 0.8378 0.9544 0.0100 0.0150
3 0.9353 0.9334 0.0112 0.0075
3 0.8656 0.9209 0.0125 0.0075
3 0.8447 0.9512 0.0112 0.0150
3 0.5172 0.3859 0.0125 0.0063
3 0.5028 0.3866 0.0150 0.0075
3 0.4437 0.3912 0.0125 0.0075
3 0.4138 0.3937 0.0150 0.0063
3 0.2044 0.0741 0.0150 0.0075
3 0.2247 0.5725 0.0087 0.0138
3 0.2506 0.6200 0.0138 0.0087
3 0.2531 0.6341 0.0125 0.0087
3 0.0928 0.7537 0.0075 0.0138
3 0.1575 0.7528 0.0150 0.0087
3 0.1394 0.7425 0.0100 0.0163
3 0.1331 0.7450 0.0100 0.0150
3 0.1278 0.7475 0.0087 0.0138
3 0.1216 0.7491 0.0087 0.0138
3 0.1153 0.7497 0.0087 0.0150
3 0.1444 0.7828 0.0138 0.0063
3 0.1288 0.7888 0.0138 0.0087
3 0.0997 0.7544 0.0087 0.0150
3 0.0856 0.7569 0.0087 0.0138
3 0.2587 0.6481 0.0112 0.0087
3 0.0622 0.7647 0.0087 0.0138
3 0.1128 0.7909 0.0163 0.0100
3 0.2656 0.6831 0.0125 0.0100
3 0.2647 0.6763 0.0138 0.0087
3 0.2650 0.6687 0.0112 0.0063
3 0.2628 0.6631 0.0100 0.0075
3 0.2600 0.6534 0.0138 0.0100
3 0.2388 0.7037 0.0087 0.0138
3 0.2319 0.6687 0.0075 0.0125
3 0.1584 0.7591 0.0138 0.0087
3 0.1712 0.7537 0.0112 0.0075
3 0.1825 0.7412 0.0087 0.0138
3 0.6881 0.9959 0.0075 0.0075
3 0.7209 0.9906 0.0075 0.0125
3 0.7006 0.9938 0.0075 0.0125
3 0.7881 0.9694 0.0075 0.0138
3 0.7388 0.9834 0.0087 0.0138
3 0.7838 0.9428 0.0112 0.0075
3 0.7719 0.9481 0.0125 0.0087
3 0.7344 0.9572 0.0125 0.0112
3 0.6787 0.9722 0.0138 0.0100
3 0.6597 0.9775 0.0163 0.0112
3 0.5809 0.9547 0.0150 0.0063
3 0.6219 0.9178 0.0125 0.0075
3 0.6381 0.9131 0.0138 0.0075
3 0.6056 0.9225 0.0112 0.0075
3 0.1897 0.7391 0.0075 0.0125
3 0.2178 0.7819 0.0075 0.0138
3 0.3106 0.7569 0.0087 0.0138
3 0.3225 0.7194 0.0138 0.0075
3 0.2906 0.7263 0.0125 0.0087
3 0.2787 0.7269 0.0138 0.0100
3 0.2381 0.6787 0.0075 0.0138
3 0.1888 0.7897 0.0087 0.0138
3 0.1950 0.7866 0.0087 0.0138
3 0.2028 0.7863 0.0087 0.0163
3 0.2116 0.7834 0.0075 0.0138
3 0.2241 0.7781 0.0075 0.0125
3 0.3253 0.7534 0.0100 0.0163
3 0.2325 0.7800 0.0087 0.0163
3 0.2388 0.7787 0.0087 0.0138
3 0.2466 0.7772 0.0087 0.0138
3 0.2522 0.7581 0.0138 0.0100
3 0.2394 0.7288 0.0100 0.0138
3 0.2231 0.7334 0.0087 0.0138
3 0.2159 0.7356 0.0100 0.0150
3 0.2028 0.7350 0.0087 0.0138
3 0.1966 0.7356 0.0087 0.0150
3 0.3178 0.7544 0.0075 0.0150
3 0.3319 0.7528 0.0075 0.0150
3 0.5906 0.9256 0.0125 0.0075
3 0.2913 0.5862 0.0138 0.0100
3 0.5750 0.9294 0.0125 0.0087
3 0.5575 0.9325 0.0150 0.0087
3 0.4428 0.9581 0.0138 0.0100
3 0.4297 0.9606 0.0125 0.0087
3 0.4131 0.9637 0.0138 0.0087
3 0.3837 0.9725 0.0112 0.0075
3 0.2769 0.5887 0.0163 0.0087
3 0.3538 0.7278 0.0138 0.0087
3 0.3347 0.6769 0.0100 0.0163
3 0.3450 0.6794 0.0087 0.0150
3 0.3506 0.6900 0.0075 0.0112
3 0.3906 0.7406 0.0063 0.0125
3 0.3834 0.7372 0.0075 0.0150
3 0.3756 0.7372 0.0075 0.0150
3 0.3684 0.7366 0.0087 0.0138
3 0.3975 0.7194 0.0138 0.0075
3 0.3725 0.7069 0.0138 0.0075
3 0.9678 0.4669 0.0075 0.0150
3 0.8287 0.3434 0.0138 0.0087
3 0.8475 0.3397 0.0138 0.0075
3 0.8606 0.3231 0.0087 0.0150
3 0.8559 0.3100 0.0087 0.0138
3 0.8759 0.3328 0.0112 0.0063
3 0.9084 0.3112 0.0075 0.0163
3 0.8981 0.2413 0.0087 0.0138
3 0.9875 0.2812 0.0125 0.0063
3 0.9484 0.2969 0.0125 0.0063
3 0.9741 0.3444 0.0138 0.0075
3 0.9741 0.4656 0.0075 0.0125
3 0.6697 0.6409 0.0175 0.0100
3 0.6741 0.6581 0.0138 0.0100
3 0.5781 0.7834 0.0125 0.0075
3 0.6022 0.7209 0.0138 0.0075
3 0.6172 0.7778 0.0125 0.0087
3 0.5813 0.8022 0.0125 0.0075
3 0.6769 0.6731 0.0100 0.0150
3 0.6703 0.6750 0.0063 0.0125
3 0.6856 0.6731 0.0087 0.0150
3 0.7106 0.6678 0.0087 0.0138
3 0.7194 0.6669 0.0075 0.0150
3 0.6900 0.6228 0.0112 0.0175
3 0.6519 0.6269 0.0100 0.0163
3 0.7609 0.6325 0.0063 0.0150
3 0.7522 0.6344 0.0075 0.0125
3 0.7688 0.6303 0.0063 0.0138
3 0.7512 0.2600 0.0087 0.0138
3 0.5513 0.2941 0.0087 0.0163
