3 0.9784 0.9578 0.0100 0.0125
3 0.8769 0.9844 0.0100 0.0125
3 0.8697 0.9947 0.0112 0.0112
3 0.8387 0.9956 0.0087 0.0100
3 0.9688 0.9356 0.0125 0.0150
3 0.9572 0.9278 0.0112 0.0150
3 0.9525 0.9241 0.0112 0.0138
3 0.9728 0.9537 0.0112 0.0138
3 0.8884 0.9922 0.0112 0.0125
3 0.9666 0.9516 0.0112 0.0125
3 0.9609 0.9475 0.0125 0.0138
3 0.9547 0.9444 0.0125 0.0138
3 0.9503 0.9397 0.0100 0.0138
3 0.9437 0.9387 0.0125 0.0150
3 0.9625 0.9650 0.0125 0.0112
3 0.8828 0.9866 0.0125 0.0138
3 0.8769 0.9959 0.0100 0.0075
3 0.8994 0.9950 0.0112 0.0087
3 0.8941 0.9947 0.0100 0.0112
3 0.9581 0.9809 0.0100 0.0150
3 0.9525 0.9766 0.0112 0.0125
3 0.9463 0.9709 0.0112 0.0138
3 0.8625 0.8397 0.0125 0.0138
3 0.9134 0.8709 0.0112 0.0138
3 0.9072 0.8662 0.0112 0.0138
3 0.8966 0.8594 0.0087 0.0125
3 0.8909 0.8562 0.0100 0.0125
3 0.8853 0.8522 0.0112 0.0138
3 0.8722 0.8469 0.0100 0.0125
3 0.8566 0.8359 0.0100 0.0125
3 0.9347 0.9669 0.0100 0.0150
3 0.8463 0.8294 0.0112 0.0150
3 0.8344 0.8225 0.0125 0.0138
3 0.8162 0.8266 0.0138 0.0125
3 0.7725 0.8016 0.0138 0.0125
3 0.9637 0.7506 0.0150 0.0138
3 0.7606 0.5912 0.0150 0.0138
3 0.9281 0.9122 0.0125 0.0150
3 0.9206 0.9234 0.0100 0.0125
3 0.9050 0.9522 0.0100 0.0138
3 0.9113 0.9537 0.0100 0.0138
3 0.8925 0.9600 0.0100 0.0138
3 0.8972 0.9609 0.0100 0.0125
3 0.9041 0.9641 0.0112 0.0125
3 0.9103 0.9678 0.0112 0.0138
3 0.9166 0.9719 0.0112 0.0125
3 0.9206 0.9766 0.0100 0.0125
3 0.9275 0.9803 0.0112 0.0138
3 0.9331 0.9834 0.0100 0.0138
3 0.9441 0.9881 0.0100 0.0138
3 0.9509 0.9919 0.0112 0.0150
3 0.9566 0.9956 0.0100 0.0100
3 0.9228 0.9600 0.0112 0.0138
3 0.9281 0.9653 0.0125 0.0150
3 0.0366 0.7412 0.0138 0.0138
3 0.0287 0.8156 0.0138 0.0125
3 0.0406 0.8066 0.0125 0.0163
3 0.0494 0.7997 0.0112 0.0150
3 0.0594 0.7225 0.0125 0.0138
3 0.0481 0.7303 0.0150 0.0138
3 0.0412 0.7350 0.0138 0.0138
3 0.0266 0.7125 0.0125 0.0125
3 0.0594 0.8287 0.0125 0.0138
3 0.0922 0.7216 0.0125 0.0087
3 0.0781 0.7056 0.0125 0.0112
3 0.0744 0.7000 0.0112 0.0125
3 0.0688 0.6937 0.0125 0.0125
3 0.0625 0.6859 0.0125 0.0125
3 0.0594 0.6797 0.0125 0.0125
3 0.0156 0.8287 0.0125 0.0138
3 0.0287 0.8506 0.0138 0.0138
3 0.1038 0.6100 0.0138 0.0138
3 0.1641 0.7031 0.0125 0.0125
3 0.1719 0.7391 0.0125 0.0125
3 0.1672 0.7344 0.0125 0.0125
3 0.1609 0.7281 0.0125 0.0125
3 0.1584 0.7219 0.0138 0.0125
3 0.1759 0.6928 0.0112 0.0138
3 0.1706 0.6978 0.0100 0.0112
3 0.1588 0.7078 0.0112 0.0125
3 0.0225 0.8600 0.0138 0.0138
3 0.1525 0.7109 0.0112 0.0125
3 0.1462 0.7156 0.0112 0.0125
3 0.1400 0.7209 0.0112 0.0138
3 0.1406 0.7350 0.0125 0.0138
3 0.1344 0.7303 0.0125 0.0138
3 0.1313 0.7256 0.0125 0.0138
3 0.0531 0.6750 0.0125 0.0125
3 0.1484 0.6953 0.0125 0.0125
3 0.1656 0.6813 0.0125 0.0125
3 0.1087 0.6306 0.0112 0.0112
3 0.1384 0.6041 0.0112 0.0112
3 0.1319 0.6084 0.0138 0.0138
3 0.1266 0.6116 0.0125 0.0138
3 0.1219 0.6172 0.0125 0.0125
3 0.1172 0.6219 0.0125 0.0125
3 0.1109 0.6266 0.0125 0.0125
3 0.1025 0.6344 0.0112 0.0125
3 0.1187 0.6616 0.0125 0.0138
3 0.0988 0.6391 0.0100 0.0125
3 0.0947 0.6412 0.0112 0.0138
3 0.0891 0.6469 0.0125 0.0125
3 0.1187 0.6047 0.0125 0.0125
3 0.1087 0.6150 0.0112 0.0112
3 0.0894 0.6200 0.0163 0.0150
3 0.1406 0.5906 0.0125 0.0125
3 0.1475 0.5975 0.0138 0.0138
3 0.1097 0.6428 0.0100 0.0138
3 0.0766 0.6622 0.0125 0.0150
3 0.0838 0.6691 0.0112 0.0163
3 0.0906 0.6778 0.0125 0.0150
3 0.1219 0.6781 0.0125 0.0063
3 0.1300 0.6703 0.0100 0.0063
3 0.1391 0.6597 0.0063 0.0100
3 0.1484 0.6531 0.0063 0.0125
3 0.1569 0.6469 0.0075 0.0125
3 0.1625 0.6375 0.0063 0.0125
3 0.1769 0.6281 0.0100 0.0125
3 0.1631 0.6138 0.0138 0.0150
3 0.1588 0.6225 0.0112 0.0138
3 0.1472 0.6250 0.0100 0.0063
3 0.1406 0.6366 0.0125 0.0075
3 0.1734 0.7453 0.0125 0.0125
3 0.1834 0.7559 0.0138 0.0150
3 0.1888 0.7512 0.0150 0.0150
3 0.2409 0.8119 0.0163 0.0175
3 0.2844 0.7922 0.0125 0.0125
3 0.2728 0.7831 0.0112 0.0100
3 0.2656 0.7719 0.0125 0.0125
3 0.2562 0.8122 0.0125 0.0150
3 0.2453 0.8012 0.0125 0.0150
3 0.2503 0.7950 0.0163 0.0150
3 0.2334 0.8219 0.0138 0.0125
3 0.2006 0.8419 0.0138 0.0150
3 0.2516 0.8287 0.0125 0.0138
3 0.2444 0.8319 0.0138 0.0138
3 0.2350 0.8450 0.0138 0.0150
3 0.2306 0.8516 0.0112 0.0125
3 0.2234 0.8406 0.0125 0.0125
3 0.2138 0.8341 0.0150 0.0150
3 0.2891 0.7969 0.0125 0.0125
3 0.2953 0.8000 0.0125 0.0125
3 0.2875 0.8094 0.0125 0.0125
3 0.2928 0.8141 0.0138 0.0125
3 0.2959 0.8187 0.0138 0.0125
3 0.2856 0.8538 0.0150 0.0138
3 0.2922 0.8500 0.0125 0.0125
3 0.3047 0.8422 0.0125 0.0125
3 0.2981 0.8456 0.0150 0.0163
3 0.2775 0.7631 0.0112 0.0138
3 0.2875 0.7772 0.0125 0.0138
3 0.2906 0.7703 0.0125 0.0125
3 0.2828 0.7584 0.0125 0.0138
3 0.2884 0.7497 0.0112 0.0150
3 0.2928 0.7544 0.0138 0.0150
3 0.2969 0.7594 0.0125 0.0125
3 0.3006 0.7656 0.0138 0.0125
3 0.2087 0.8375 0.0112 0.0125
3 0.1981 0.8481 0.0150 0.0150
3 0.1944 0.7469 0.0138 0.0125
3 0.1959 0.7234 0.0138 0.0125
3 0.2078 0.6944 0.0125 0.0138
3 0.2225 0.7000 0.0138 0.0125
3 0.2178 0.7041 0.0138 0.0112
3 0.2125 0.7087 0.0125 0.0112
3 0.2069 0.7131 0.0138 0.0138
3 0.2016 0.7188 0.0125 0.0125
3 0.1900 0.7303 0.0112 0.0138
3 0.2225 0.8531 0.0138 0.0125
3 0.2288 0.7141 0.0138 0.0125
3 0.2225 0.7188 0.0138 0.0125
3 0.2162 0.7234 0.0138 0.0125
3 0.2116 0.7297 0.0138 0.0125
3 0.2059 0.7356 0.0150 0.0150
3 0.2000 0.7406 0.0125 0.0125
3 0.2116 0.6906 0.0138 0.0125
3 0.1988 0.6709 0.0100 0.0138
3 0.2072 0.6719 0.0112 0.0125
3 0.2144 0.6725 0.0100 0.0138
3 0.2203 0.6781 0.0125 0.0125
3 0.2250 0.6838 0.0125 0.0112
3 0.2297 0.6891 0.0125 0.0125
3 0.2334 0.7100 0.0138 0.0138
3 0.2356 0.6928 0.0150 0.0138
3 0.2413 0.6991 0.0138 0.0138
3 0.2466 0.7047 0.0150 0.0125
3 0.2606 0.7325 0.0150 0.0150
3 0.1859 0.8634 0.0125 0.0112
3 0.1916 0.8556 0.0112 0.0112
3 0.2016 0.8672 0.0125 0.0125
3 0.2100 0.8631 0.0138 0.0138
3 0.2156 0.8575 0.0125 0.0150
3 0.0844 0.6156 0.0125 0.0125
3 0.0963 0.6031 0.0112 0.0125
3 0.1288 0.5750 0.0138 0.0125
3 0.5066 0.0091 0.0163 0.0150
3 0.5012 0.0163 0.0150 0.0138
3 0.0866 0.4975 0.0138 0.0138
3 0.0734 0.4862 0.0125 0.0163
3 0.0516 0.4609 0.0125 0.0125
3 0.0412 0.4497 0.0138 0.0150
3 0.0187 0.4278 0.0125 0.0150
3 0.1050 0.5184 0.0163 0.0150
3 0.1153 0.5272 0.0087 0.0138
3 0.1225 0.5350 0.0138 0.0138
3 0.1413 0.5547 0.0138 0.0125
3 0.1531 0.5678 0.0125 0.0138
3 0.1688 0.5844 0.0125 0.0125
3 0.0788 0.5825 0.0138 0.0150
3 0.0844 0.5794 0.0125 0.0150
3 0.0906 0.5741 0.0125 0.0138
3 0.0978 0.5687 0.0112 0.0125
3 0.1025 0.5650 0.0112 0.0112
3 0.1066 0.5787 0.0100 0.0138
3 0.1038 0.5494 0.0138 0.0112
3 0.1084 0.5537 0.0138 0.0138
3 0.1141 0.5594 0.0125 0.0125
3 0.1178 0.5662 0.0138 0.0138
3 0.1225 0.5709 0.0138 0.0138
3 0.4959 0.0212 0.0138 0.0112
3 0.7675 0.1466 0.0163 0.0150
3 0.8022 0.1725 0.0138 0.0138
3 0.7537 0.1712 0.0138 0.0112
3 0.7594 0.1650 0.0125 0.0112
3 0.7631 0.1594 0.0138 0.0125
3 0.7469 0.1588 0.0125 0.0112
3 0.7531 0.1531 0.0125 0.0125
3 0.7531 0.1359 0.0125 0.0125
3 0.7388 0.1334 0.0150 0.0138
3 0.7341 0.1384 0.0150 0.0112
3 0.6281 0.0928 0.0125 0.0138
3 0.6181 0.1038 0.0112 0.0138
3 0.6088 0.1178 0.0112 0.0138
3 0.5616 0.1803 0.0138 0.0138
3 0.8125 0.1791 0.0125 0.0112
3 0.8244 0.1878 0.0112 0.0100
3 0.7562 0.2294 0.0125 0.0150
3 0.7694 0.2434 0.0138 0.0150
3 0.7906 0.2559 0.0125 0.0150
3 0.8231 0.2816 0.0150 0.0163
3 0.8428 0.4088 0.0138 0.0112
3 0.8469 0.4012 0.0125 0.0087
3 0.6572 0.5250 0.0362 0.0312
3 0.6794 0.7213 0.0400 0.0362
3 0.7312 0.7606 0.0437 0.0338
3 0.3047 0.7688 0.0125 0.0125
3 0.3100 0.7750 0.0138 0.0125
3 0.3163 0.7803 0.0138 0.0138
3 0.3203 0.7850 0.0125 0.0138
3 0.2378 0.6022 0.0100 0.0138
3 0.2194 0.5794 0.0138 0.0150
3 0.4650 0.6406 0.0112 0.0125
3 0.3584 0.8781 0.0138 0.0125
3 0.3866 0.9781 0.0138 0.0125
3 0.4303 0.8834 0.0138 0.0138
3 0.4569 0.8419 0.0138 0.0150
3 0.4828 0.8088 0.0125 0.0112
3 0.4741 0.8125 0.0138 0.0125
3 0.2256 0.6344 0.0075 0.0125
3 0.2650 0.5650 0.0112 0.0112
3 0.2838 0.5519 0.0112 0.0100
3 0.2281 0.5716 0.0125 0.0150
3 0.2303 0.5634 0.0138 0.0112
3 0.2384 0.5619 0.0112 0.0112
3 0.2447 0.5584 0.0112 0.0138
3 0.2494 0.5531 0.0112 0.0125
3 0.2538 0.5491 0.0138 0.0138
3 0.2594 0.5475 0.0125 0.0138
3 0.2634 0.5406 0.0112 0.0125
3 0.2684 0.5356 0.0150 0.0150
3 0.2728 0.5303 0.0112 0.0138
3 0.2016 0.5553 0.0125 0.0138
3 0.2072 0.5491 0.0112 0.0138
3 0.2188 0.5381 0.0125 0.0138
3 0.2241 0.5294 0.0138 0.0150
3 0.4706 0.6453 0.0100 0.0125
3 0.4609 0.6366 0.0125 0.0138
3 0.2416 0.5162 0.0112 0.0138
3 0.4428 0.7344 0.0138 0.0125
3 0.4703 0.7122 0.0125 0.0150
3 0.4625 0.7172 0.0125 0.0125
3 0.4578 0.7225 0.0125 0.0138
3 0.3650 0.7044 0.0238 0.0212
3 0.3419 0.7091 0.0150 0.0150
3 0.3450 0.7209 0.0212 0.0200
3 0.4309 0.7466 0.0150 0.0150
3 0.4562 0.6328 0.0125 0.0125
3 0.4172 0.7569 0.0125 0.0138
3 0.4000 0.7475 0.0125 0.0138
3 0.3906 0.7562 0.0125 0.0125
3 0.3725 0.7481 0.0138 0.0150
3 0.3650 0.7438 0.0112 0.0125
3 0.3225 0.7922 0.0138 0.0125
3 0.4759 0.7078 0.0112 0.0125
3 0.4781 0.7031 0.0125 0.0125
3 0.4209 0.6531 0.0138 0.0125
3 0.4294 0.6625 0.0150 0.0125
3 0.4416 0.6697 0.0112 0.0112
3 0.4369 0.6713 0.0112 0.0112
3 0.4453 0.6813 0.0125 0.0125
3 0.4500 0.6781 0.0125 0.0125
3 0.4541 0.6744 0.0112 0.0112
3 0.4531 0.6650 0.0125 0.0112
3 0.4594 0.6619 0.0125 0.0112
3 0.4684 0.6725 0.0150 0.0138
3 0.4656 0.6781 0.0125 0.0125
3 0.4603 0.6844 0.0112 0.0125
3 0.4588 0.6875 0.0112 0.0125
3 0.4475 0.6506 0.0138 0.0138
3 0.4516 0.6287 0.0125 0.0138
3 0.2375 0.5225 0.0125 0.0138
3 0.2469 0.5100 0.0125 0.0138
3 0.2522 0.5037 0.0138 0.0138
3 0.3219 0.4375 0.0125 0.0125
3 0.3172 0.4853 0.0125 0.0112
3 0.3103 0.4881 0.0112 0.0138
3 0.3412 0.4206 0.0138 0.0163
3 0.3344 0.4241 0.0125 0.0138
3 0.3303 0.4287 0.0138 0.0138
3 0.3266 0.4344 0.0125 0.0125
3 0.3163 0.4412 0.0138 0.0138
3 0.3100 0.4469 0.0138 0.0125
3 0.3022 0.4569 0.0138 0.0138
3 0.2913 0.4662 0.0138 0.0138
3 0.2872 0.4725 0.0150 0.0138
3 0.2822 0.4756 0.0112 0.0138
3 0.2584 0.5006 0.0138 0.0138
3 0.3234 0.4787 0.0125 0.0138
3 0.3394 0.4653 0.0163 0.0150
3 0.3078 0.5084 0.0125 0.0138
3 0.3125 0.5028 0.0125 0.0150
3 0.3187 0.4984 0.0125 0.0125
3 0.3297 0.4938 0.0125 0.0125
3 0.3350 0.4903 0.0138 0.0150
3 0.3412 0.4856 0.0138 0.0150
3 0.3450 0.4794 0.0150 0.0150
3 0.3538 0.4731 0.0138 0.0150
3 0.3591 0.4669 0.0150 0.0150
3 0.3616 0.4562 0.0138 0.0125
3 0.3406 0.5031 0.0125 0.0125
3 0.3506 0.4947 0.0138 0.0112
3 0.3766 0.4787 0.0125 0.0138
3 0.5456 0.4434 0.0163 0.0150
3 0.8291 0.0591 0.0175 0.0150
3 0.8494 0.0931 0.0238 0.0238
