3 0.5678 0.3325 0.0138 0.0087
3 0.7362 0.5159 0.0163 0.0100
3 0.6019 0.3369 0.0163 0.0112
3 0.5862 0.3916 0.0163 0.0112
3 0.5825 0.3987 0.0150 0.0100
3 0.5803 0.4059 0.0138 0.0087
3 0.5747 0.4200 0.0150 0.0087
3 0.5731 0.4263 0.0150 0.0087
3 0.7731 0.4206 0.0150 0.0100
3 0.7678 0.4300 0.0138 0.0100
3 0.7656 0.4378 0.0125 0.0100
3 0.7459 0.4878 0.0138 0.0100
3 0.7428 0.4956 0.0138 0.0100
3 0.7412 0.5019 0.0138 0.0100
3 0.7419 0.5088 0.0150 0.0112
3 0.7712 0.5191 0.0175 0.0100
3 0.7772 0.5075 0.0138 0.0087
3 0.7897 0.4713 0.0138 0.0112
3 0.7919 0.4628 0.0150 0.0100
3 0.7975 0.4466 0.0138 0.0087
3 0.7975 0.4388 0.0138 0.0087
3 0.5928 0.3706 0.0138 0.0100
3 0.5719 0.3263 0.0125 0.0087
3 0.8822 0.3081 0.0112 0.0100
3 0.5734 0.3194 0.0125 0.0075
3 0.6231 0.2081 0.0150 0.0100
3 0.7578 0.2888 0.0125 0.0087
3 0.6141 0.2144 0.0125 0.0100
3 0.9956 0.0125 0.0100 0.0063
3 0.9912 0.0200 0.0138 0.0087
3 0.9756 0.0138 0.0138 0.0087
3 0.9475 0.1934 0.0138 0.0087
3 0.9500 0.1856 0.0125 0.0087
3 0.9563 0.1772 0.0125 0.0075
3 0.9912 0.1759 0.0138 0.0112
3 0.9938 0.1681 0.0125 0.0112
3 0.9969 0.1528 0.0063 0.0087
3 0.8422 0.1237 0.0125 0.0100
3 0.8719 0.1247 0.0125 0.0087
3 0.8781 0.1056 0.0125 0.0112
3 0.8828 0.0966 0.0125 0.0087
3 0.8897 0.0863 0.0138 0.0100
3 0.8922 0.0784 0.0125 0.0100
3 0.9725 0.0206 0.0138 0.0100
3 0.9881 0.0272 0.0138 0.0075
3 0.0347 0.2681 0.0100 0.0175
3 0.0144 0.2053 0.0100 0.0138
3 0.0300 0.2516 0.0163 0.0125
3 0.1050 0.2681 0.0100 0.0175
