3 0.9622 0.2206 0.0087 0.0163
3 0.7578 0.5969 0.0125 0.0125
3 0.7319 0.6109 0.0075 0.0125
3 0.7444 0.6225 0.0138 0.0138
3 0.3509 0.4291 0.0175 0.0112
3 0.5272 0.2891 0.0138 0.0125
3 0.5322 0.2947 0.0112 0.0112
3 0.5359 0.3000 0.0125 0.0125
3 0.5209 0.2828 0.0138 0.0125
3 0.5147 0.2762 0.0138 0.0150
3 0.4834 0.3666 0.0325 0.0425
3 0.9800 0.2828 0.0100 0.0125
3 0.9194 0.0866 0.0075 0.0138
3 0.7347 0.9328 0.0287 0.0125
3 0.7403 0.6047 0.0150 0.0125
3 0.7631 0.9519 0.0450 0.0163
3 0.9569 0.9803 0.0138 0.0075
3 0.9644 0.6953 0.0100 0.0125
