3 0.1241 0.0516 0.0075 0.0187
3 0.0494 0.0422 0.0050 0.0125
3 0.0028 0.0531 0.0025 0.0125
3 0.0094 0.0531 0.0063 0.0125
3 0.0181 0.0531 0.0050 0.0125
3 0.0250 0.0563 0.0063 0.0125
3 0.0266 0.0406 0.0063 0.0125
3 0.0437 0.0412 0.0063 0.0138
3 0.1328 0.0306 0.0125 0.0050
3 0.9622 0.9706 0.0087 0.0163
3 0.9194 0.8366 0.0075 0.0138
3 0.8903 0.7412 0.0087 0.0138
3 0.8906 0.6787 0.0063 0.0138
3 0.9113 0.5497 0.0100 0.0150
3 0.9012 0.5256 0.0087 0.0138
3 0.9194 0.5328 0.0075 0.0125
3 0.9238 0.5225 0.0100 0.0138
3 0.9163 0.4713 0.0138 0.0112
3 0.9444 0.4794 0.0075 0.0150
3 0.8450 0.3047 0.0150 0.0125
3 0.9491 0.2744 0.0138 0.0112
3 0.9444 0.0459 0.0138 0.0138
3 0.1494 0.0563 0.0050 0.0125
3 0.1666 0.0569 0.0050 0.0138
3 0.1609 0.0250 0.0125 0.0063
3 0.8778 0.3631 0.0087 0.0138
