3 0.6188 0.4819 0.0125 0.0138
3 0.7506 0.5575 0.0075 0.0150
3 0.6819 0.6219 0.0138 0.0125
3 0.6828 0.5734 0.0125 0.0125
3 0.6881 0.5422 0.0138 0.0125
3 0.6791 0.5344 0.0112 0.0125
3 0.6750 0.5275 0.0125 0.0112
3 0.6797 0.5594 0.0125 0.0125
3 0.7022 0.5534 0.0138 0.0163
3 0.6266 0.5228 0.0125 0.0112
3 0.6703 0.5241 0.0125 0.0138
3 0.6588 0.5172 0.0112 0.0125
3 0.6400 0.4984 0.0112 0.0125
3 0.5900 0.4900 0.0112 0.0112
3 0.5781 0.4781 0.0125 0.0125
3 0.6109 0.4734 0.0125 0.0125
3 0.6047 0.4672 0.0125 0.0125
3 0.6025 0.4588 0.0112 0.0112
3 0.5312 0.3975 0.0125 0.0138
3 0.4859 0.3928 0.0125 0.0138
3 0.4759 0.3828 0.0112 0.0125
3 0.4838 0.3547 0.0112 0.0125
3 0.5031 0.3594 0.0125 0.0125
3 0.5125 0.3812 0.0125 0.0125
3 0.4906 0.3594 0.0125 0.0125
3 0.4656 0.3350 0.0125 0.0138
3 0.4553 0.3287 0.0138 0.0138
3 0.4463 0.3547 0.0112 0.0125
3 0.2700 0.1384 0.0150 0.0112
3 0.2466 0.1209 0.0087 0.0138
3 0.2319 0.0725 0.0075 0.0138
3 0.1959 0.0691 0.0138 0.0100
3 0.8453 0.1953 0.0125 0.0063
3 0.8453 0.2062 0.0125 0.0063
3 0.7569 0.1288 0.0138 0.0075
3 0.7569 0.0963 0.0138 0.0050
3 0.7578 0.0891 0.0125 0.0063
3 0.7572 0.0828 0.0112 0.0063
3 0.7569 0.0625 0.0138 0.0063
3 0.7569 0.0563 0.0138 0.0063
3 0.7578 0.0422 0.0125 0.0063
3 0.8741 0.1406 0.0138 0.0063
3 0.8731 0.1531 0.0150 0.0063
3 0.8725 0.1609 0.0138 0.0063
3 0.8900 0.1750 0.0112 0.0063
3 0.8719 0.1812 0.0125 0.0063
3 0.8900 0.1806 0.0112 0.0050
3 0.8912 0.1900 0.0138 0.0050
3 0.8906 0.1978 0.0125 0.0050
3 0.8906 0.2062 0.0125 0.0063
3 0.8900 0.2125 0.0112 0.0063
3 0.8900 0.2203 0.0112 0.0063
3 0.8750 0.2203 0.0125 0.0063
3 0.8750 0.2119 0.0125 0.0050
3 0.8741 0.2069 0.0138 0.0075
3 0.8734 0.2006 0.0125 0.0075
3 0.6925 0.9691 0.0163 0.0100
3 0.6581 0.9950 0.0100 0.0087
3 0.6975 0.9938 0.0138 0.0063
3 0.6963 0.9850 0.0112 0.0075
3 0.6966 0.9769 0.0150 0.0100
3 0.6600 0.9597 0.0075 0.0163
3 0.6863 0.9619 0.0163 0.0112
3 0.6834 0.9534 0.0200 0.0163
3 0.6791 0.9456 0.0175 0.0163
3 0.6744 0.9387 0.0175 0.0150
3 0.8706 0.8391 0.0100 0.0125
3 0.8628 0.7472 0.0100 0.0163
3 0.5862 0.4525 0.0100 0.0112
3 0.5822 0.4463 0.0112 0.0112
3 0.9788 0.6334 0.0200 0.0138
