3 0.9784 0.2078 0.0100 0.0125
3 0.8769 0.2344 0.0100 0.0125
3 0.8697 0.2466 0.0112 0.0150
3 0.8387 0.2475 0.0087 0.0138
3 0.9688 0.1856 0.0125 0.0150
3 0.9572 0.1778 0.0112 0.0150
3 0.9525 0.1741 0.0112 0.0138
3 0.9728 0.2038 0.0112 0.0138
3 0.8884 0.2422 0.0112 0.0125
3 0.9666 0.2016 0.0112 0.0125
3 0.9609 0.1975 0.0125 0.0138
3 0.9547 0.1944 0.0125 0.0138
3 0.9503 0.1897 0.0100 0.0138
3 0.9437 0.1888 0.0125 0.0150
3 0.9625 0.2150 0.0125 0.0112
3 0.8828 0.2366 0.0125 0.0138
3 0.8750 0.2497 0.0125 0.0150
3 0.7250 0.4263 0.0125 0.0150
3 0.9150 0.2731 0.0112 0.0150
3 0.9338 0.2694 0.0112 0.0138
3 0.9275 0.2669 0.0112 0.0150
3 0.9213 0.2606 0.0112 0.0150
3 0.9166 0.2575 0.0112 0.0150
3 0.9275 0.2809 0.0112 0.0150
3 0.9213 0.2769 0.0112 0.0163
3 0.9088 0.2709 0.0112 0.0138
3 0.8822 0.2538 0.0112 0.0138
3 0.9025 0.2662 0.0112 0.0138
3 0.8978 0.2616 0.0112 0.0138
3 0.8994 0.2475 0.0112 0.0138
3 0.8931 0.2453 0.0112 0.0125
3 0.8922 0.2584 0.0125 0.0138
3 0.8869 0.2547 0.0112 0.0125
3 0.9581 0.2309 0.0100 0.0150
3 0.9525 0.2266 0.0112 0.0125
3 0.9463 0.2209 0.0112 0.0138
3 0.8625 0.0897 0.0125 0.0138
3 0.9134 0.1209 0.0112 0.0138
3 0.9072 0.1163 0.0112 0.0138
3 0.8966 0.1094 0.0087 0.0125
3 0.8909 0.1062 0.0100 0.0125
3 0.8853 0.1022 0.0112 0.0138
3 0.8722 0.0969 0.0100 0.0125
3 0.8566 0.0859 0.0100 0.0125
3 0.9347 0.2169 0.0100 0.0150
3 0.8463 0.0794 0.0112 0.0150
3 0.8344 0.0725 0.0125 0.0138
3 0.8162 0.0766 0.0138 0.0125
3 0.7725 0.0516 0.0138 0.0125
3 0.9637 0.0047 0.0150 0.0063
3 0.9281 0.1622 0.0125 0.0150
3 0.9206 0.1734 0.0100 0.0125
3 0.9050 0.2022 0.0100 0.0138
3 0.9113 0.2038 0.0100 0.0138
3 0.8925 0.2100 0.0100 0.0138
3 0.8972 0.2109 0.0100 0.0125
3 0.9041 0.2141 0.0112 0.0125
3 0.9103 0.2178 0.0112 0.0138
3 0.9166 0.2219 0.0112 0.0125
3 0.9206 0.2266 0.0100 0.0125
3 0.9275 0.2303 0.0112 0.0138
3 0.9331 0.2334 0.0100 0.0138
3 0.9441 0.2381 0.0100 0.0138
3 0.9509 0.2425 0.0112 0.0163
3 0.9566 0.2469 0.0100 0.0125
3 0.9228 0.2100 0.0112 0.0138
3 0.9281 0.2153 0.0125 0.0150
3 0.9406 0.2722 0.0125 0.0163
3 0.8706 0.2812 0.0100 0.0125
3 0.8791 0.2872 0.0112 0.0150
3 0.7200 0.3663 0.0150 0.0138
3 0.8019 0.3959 0.0100 0.0138
3 0.7963 0.3919 0.0112 0.0150
3 0.7900 0.3881 0.0112 0.0138
3 0.7406 0.3888 0.0125 0.0150
3 0.7344 0.3825 0.0125 0.0150
3 0.7256 0.3731 0.0138 0.0150
3 0.7106 0.3588 0.0150 0.0112
3 0.8478 0.3725 0.0112 0.0138
3 0.7275 0.3266 0.0112 0.0125
3 0.7181 0.3231 0.0112 0.0150
3 0.6912 0.3100 0.0138 0.0138
3 0.6794 0.3009 0.0150 0.0112
3 0.6425 0.2847 0.0163 0.0163
3 0.8588 0.3788 0.0112 0.0138
3 0.8081 0.3981 0.0100 0.0150
3 0.8128 0.4028 0.0100 0.0150
3 0.8244 0.4084 0.0112 0.0138
3 0.8291 0.4147 0.0112 0.0138
3 0.8353 0.4169 0.0112 0.0150
3 0.8213 0.4256 0.0112 0.0138
3 0.8269 0.4297 0.0100 0.0125
3 0.8044 0.4162 0.0087 0.0138
3 0.7994 0.4116 0.0112 0.0138
3 0.7941 0.4078 0.0100 0.0125
3 0.7900 0.4044 0.0112 0.0150
3 0.7812 0.4006 0.0125 0.0138
3 0.7787 0.4356 0.0138 0.0150
3 0.7834 0.4394 0.0138 0.0163
3 0.7891 0.4419 0.0125 0.0150
3 0.7994 0.4491 0.0112 0.0138
3 0.8041 0.4528 0.0112 0.0150
3 0.8541 0.3756 0.0112 0.0138
3 0.8425 0.3694 0.0100 0.0138
3 0.8644 0.2934 0.0100 0.0150
3 0.8650 0.3319 0.0112 0.0138
3 0.8863 0.3600 0.0100 0.0138
3 0.8806 0.3553 0.0112 0.0138
3 0.8759 0.3528 0.0112 0.0150
3 0.8706 0.3500 0.0100 0.0125
3 0.8628 0.3475 0.0100 0.0138
3 0.8713 0.3359 0.0112 0.0125
3 0.9037 0.3422 0.0138 0.0125
3 0.8297 0.3606 0.0125 0.0150
3 0.8841 0.3278 0.0150 0.0087
3 0.9088 0.3066 0.0112 0.0163
3 0.9025 0.3178 0.0112 0.0138
3 0.8956 0.2975 0.0100 0.0138
3 0.8863 0.3094 0.0100 0.0125
3 0.8847 0.2944 0.0163 0.0200
3 0.8831 0.3406 0.0100 0.0125
3 0.8878 0.3444 0.0100 0.0138
3 0.8916 0.3484 0.0112 0.0125
3 0.8919 0.3794 0.0150 0.0150
3 0.9031 0.3794 0.0125 0.0150
3 0.8644 0.3975 0.0100 0.0138
3 0.8519 0.3897 0.0100 0.0138
3 0.8469 0.3866 0.0125 0.0138
3 0.8406 0.3856 0.0125 0.0150
3 0.8291 0.3772 0.0112 0.0138
3 0.8238 0.3725 0.0100 0.0138
3 0.8166 0.3725 0.0112 0.0138
3 0.8063 0.3631 0.0125 0.0138
3 0.8063 0.3481 0.0125 0.0150
3 0.8128 0.3506 0.0100 0.0138
3 0.8187 0.3550 0.0125 0.0163
3 0.8234 0.3566 0.0125 0.0163
3 0.7125 0.4116 0.0125 0.0138
3 0.7506 0.4675 0.0138 0.0163
3 0.8031 0.5088 0.0125 0.0112
3 0.6750 0.5444 0.0125 0.0075
3 0.6984 0.5506 0.0125 0.0138
3 0.6912 0.5563 0.0138 0.0125
3 0.6356 0.4813 0.0150 0.0125
3 0.6416 0.4953 0.0112 0.0125
3 0.6469 0.5162 0.0125 0.0138
3 0.6853 0.5666 0.0112 0.0112
3 0.6609 0.5647 0.0125 0.0138
3 0.7109 0.5419 0.0125 0.0150
3 0.6547 0.5594 0.0125 0.0125
3 0.6531 0.5366 0.0125 0.0138
3 0.6234 0.5287 0.0125 0.0138
3 0.6147 0.5162 0.0138 0.0138
3 0.6156 0.5031 0.0125 0.0125
3 0.6297 0.4859 0.0125 0.0125
3 0.7037 0.5459 0.0138 0.0138
3 0.7156 0.5366 0.0125 0.0138
3 0.7506 0.4537 0.0138 0.0138
3 0.6963 0.5100 0.0112 0.0138
3 0.6844 0.4803 0.0125 0.0138
3 0.6787 0.4866 0.0138 0.0138
3 0.6719 0.4906 0.0125 0.0125
3 0.6672 0.4969 0.0125 0.0125
3 0.7156 0.4912 0.0125 0.0138
3 0.7072 0.5006 0.0112 0.0138
3 0.6906 0.5141 0.0125 0.0125
3 0.7266 0.5272 0.0125 0.0138
3 0.6859 0.5172 0.0125 0.0125
3 0.6578 0.5047 0.0125 0.0125
3 0.6516 0.5100 0.0125 0.0138
3 0.7422 0.5100 0.0125 0.0138
3 0.7375 0.5156 0.0125 0.0125
3 0.7319 0.5225 0.0138 0.0138
3 0.5641 0.5188 0.0125 0.0125
3 0.5713 0.5134 0.0112 0.0112
3 0.5594 0.4950 0.0187 0.0150
3 0.4803 0.5463 0.0138 0.0112
3 0.4550 0.5469 0.0100 0.0125
3 0.5022 0.5212 0.0138 0.0112
3 0.4953 0.5291 0.0125 0.0112
3 0.4853 0.5363 0.0112 0.0100
3 0.4781 0.5431 0.0125 0.0112
3 0.4656 0.5506 0.0125 0.0138
3 0.4709 0.5541 0.0138 0.0112
3 0.5619 0.4566 0.0175 0.0163
3 0.5053 0.5056 0.0075 0.0112
3 0.5125 0.5225 0.0125 0.0138
3 0.5081 0.5275 0.0100 0.0112
3 0.5019 0.5350 0.0100 0.0138
3 0.4928 0.5406 0.0138 0.0125
3 0.4850 0.5519 0.0138 0.0100
3 0.4591 0.5312 0.0150 0.0125
3 0.4600 0.5475 0.0138 0.0138
3 0.4725 0.5400 0.0138 0.0112
3 0.4681 0.5338 0.0112 0.0112
3 0.4766 0.5281 0.0125 0.0125
3 0.4813 0.5319 0.0125 0.0138
3 0.4906 0.5244 0.0125 0.0112
3 0.4853 0.5197 0.0112 0.0112
3 0.4975 0.5156 0.0138 0.0125
3 0.4938 0.5109 0.0125 0.0125
3 0.4963 0.4938 0.0112 0.0125
3 0.5106 0.4856 0.0150 0.0150
3 0.5588 0.5119 0.0112 0.0112
3 0.5662 0.4747 0.0138 0.0150
3 0.5397 0.4725 0.0138 0.0138
3 0.5450 0.4691 0.0150 0.0163
3 0.5544 0.4597 0.0150 0.0163
3 0.6775 0.5328 0.0112 0.0125
3 0.6703 0.5266 0.0125 0.0125
3 0.7213 0.4866 0.0112 0.0138
3 0.6225 0.4203 0.0138 0.0125
3 0.6287 0.4459 0.0138 0.0138
3 0.6328 0.4422 0.0125 0.0125
3 0.6406 0.4375 0.0125 0.0125
3 0.6375 0.4328 0.0125 0.0125
3 0.6328 0.4281 0.0125 0.0125
3 0.6281 0.4234 0.0125 0.0125
3 0.6178 0.4141 0.0138 0.0125
3 0.6541 0.4150 0.0112 0.0112
3 0.6500 0.4281 0.0125 0.0125
3 0.6469 0.4234 0.0125 0.0125
3 0.6412 0.4203 0.0138 0.0125
3 0.6381 0.4156 0.0138 0.0125
3 0.6334 0.4116 0.0138 0.0138
3 0.6281 0.4062 0.0125 0.0125
3 0.6225 0.4328 0.0138 0.0125
3 0.6141 0.4225 0.0125 0.0138
3 0.6088 0.4287 0.0112 0.0138
3 0.6312 0.4588 0.0125 0.0112
3 0.6359 0.4541 0.0125 0.0112
3 0.6406 0.4500 0.0125 0.0125
3 0.6478 0.4431 0.0112 0.0112
3 0.6462 0.4463 0.0112 0.0112
3 0.6531 0.4406 0.0125 0.0125
3 0.6584 0.4350 0.0138 0.0138
3 0.6625 0.4297 0.0125 0.0125
3 0.6663 0.4266 0.0138 0.0125
3 0.6722 0.4169 0.0163 0.0150
3 0.6772 0.4216 0.0138 0.0150
3 0.6803 0.4409 0.0138 0.0163
3 0.7306 0.4428 0.0112 0.0138
3 0.7375 0.4406 0.0125 0.0125
3 0.6594 0.4216 0.0125 0.0150
3 0.6525 0.4119 0.0112 0.0112
3 0.6422 0.4741 0.0125 0.0138
3 0.5906 0.4344 0.0125 0.0125
3 0.6244 0.4484 0.0112 0.0125
3 0.6000 0.4266 0.0125 0.0125
3 0.6078 0.4500 0.0125 0.0125
3 0.6025 0.4469 0.0112 0.0125
3 0.5984 0.4412 0.0125 0.0138
3 0.5953 0.4375 0.0125 0.0125
3 0.5797 0.4381 0.0125 0.0138
3 0.6462 0.4088 0.0112 0.0112
3 0.5750 0.4422 0.0125 0.0125
3 0.6928 0.4225 0.0138 0.0138
3 0.6663 0.4544 0.0138 0.0150
3 0.6606 0.4600 0.0150 0.0138
3 0.6537 0.4641 0.0138 0.0125
3 0.6484 0.4688 0.0125 0.0125
3 0.6178 0.4366 0.0138 0.0138
3 0.6053 0.4116 0.0138 0.0138
3 0.6109 0.4069 0.0125 0.0138
3 0.6156 0.4037 0.0125 0.0138
3 0.6203 0.3984 0.0125 0.0125
3 0.6241 0.3944 0.0138 0.0138
3 0.6291 0.3919 0.0112 0.0150
3 0.6341 0.3881 0.0087 0.0138
3 0.6438 0.3859 0.0125 0.0125
3 0.6466 0.3919 0.0150 0.0150
3 0.6500 0.3959 0.0125 0.0138
3 0.6547 0.3991 0.0125 0.0138
3 0.6594 0.4037 0.0125 0.0138
3 0.6625 0.4088 0.0125 0.0112
3 0.6663 0.4116 0.0138 0.0138
3 0.6350 0.3984 0.0138 0.0125
3 0.6422 0.4031 0.0125 0.0125
3 0.8103 0.4569 0.0112 0.0138
3 0.8122 0.5256 0.0087 0.0138
3 0.8162 0.5897 0.0138 0.0138
3 0.8419 0.6184 0.0150 0.0150
3 0.8372 0.6147 0.0150 0.0138
3 0.8334 0.6100 0.0138 0.0138
3 0.8287 0.6038 0.0138 0.0138
3 0.8225 0.5991 0.0138 0.0138
3 0.8209 0.5928 0.0138 0.0138
3 0.8106 0.5850 0.0150 0.0138
3 0.8053 0.5787 0.0138 0.0138
3 0.7997 0.5731 0.0150 0.0150
3 0.7959 0.5678 0.0138 0.0138
3 0.7919 0.5631 0.0150 0.0138
3 0.7866 0.5584 0.0138 0.0138
3 0.9844 0.7194 0.0125 0.0138
3 0.9512 0.6850 0.0150 0.0138
3 0.9378 0.6850 0.0100 0.0138
3 0.8488 0.6238 0.0163 0.0163
3 0.8544 0.6303 0.0150 0.0138
3 0.8597 0.6356 0.0163 0.0150
3 0.9656 0.7547 0.0125 0.0125
3 0.9969 0.8387 0.0063 0.0087
3 0.9947 0.8344 0.0112 0.0125
3 0.9912 0.8287 0.0138 0.0138
3 0.9869 0.8234 0.0112 0.0125
3 0.9709 0.7594 0.0138 0.0125
3 0.9619 0.7494 0.0112 0.0112
3 0.9241 0.7094 0.0138 0.0125
3 0.9500 0.7525 0.0125 0.0112
3 0.9522 0.7416 0.0138 0.0112
3 0.9491 0.7334 0.0138 0.0138
3 0.9412 0.7312 0.0138 0.0125
3 0.9366 0.7266 0.0138 0.0125
3 0.9325 0.7209 0.0150 0.0138
3 0.9797 0.8588 0.0125 0.0112
3 0.9959 0.8669 0.0075 0.0150
3 0.9891 0.8787 0.0125 0.0138
3 0.9287 0.7162 0.0138 0.0138
3 0.9213 0.7041 0.0112 0.0112
3 0.8637 0.6403 0.0150 0.0150
3 0.7669 0.5866 0.0150 0.0138
3 0.8341 0.6591 0.0150 0.0150
3 0.8162 0.6406 0.0138 0.0125
3 0.7897 0.6100 0.0138 0.0138
3 0.7812 0.6038 0.0125 0.0138
3 0.7756 0.5963 0.0138 0.0112
3 0.7725 0.5906 0.0138 0.0125
3 0.8819 0.7116 0.0138 0.0138
3 0.9150 0.6994 0.0112 0.0112
3 0.8787 0.7075 0.0138 0.0150
3 0.8906 0.6944 0.0125 0.0138
3 0.8762 0.6809 0.0087 0.0150
3 0.8897 0.6625 0.0138 0.0125
3 0.8731 0.6528 0.0150 0.0150
3 0.8684 0.6459 0.0150 0.0138
3 0.8381 0.6638 0.0138 0.0150
3 0.8428 0.6669 0.0138 0.0150
3 0.8475 0.6731 0.0138 0.0150
3 0.8544 0.6803 0.0150 0.0138
3 0.8313 0.7338 0.0125 0.0112
3 0.8219 0.7459 0.0125 0.0138
3 0.9147 0.7459 0.0138 0.0138
3 0.9187 0.7516 0.0125 0.0125
3 0.9350 0.7656 0.0138 0.0125
3 0.9391 0.7719 0.0125 0.0125
3 0.9412 0.7778 0.0138 0.0150
3 0.9887 0.8053 0.0087 0.0138
3 0.9950 0.7881 0.0087 0.0138
3 0.9016 0.6838 0.0125 0.0112
3 0.9047 0.6891 0.0125 0.0125
3 0.9119 0.6947 0.0112 0.0112
3 0.7725 0.5413 0.0138 0.0138
3 0.9187 0.4162 0.0125 0.0138
3 0.9519 0.4012 0.0100 0.0150
3 0.9456 0.3959 0.0100 0.0138
3 0.9416 0.3919 0.0112 0.0150
3 0.9338 0.3912 0.0112 0.0138
3 0.9275 0.3875 0.0112 0.0125
3 0.9125 0.4138 0.0125 0.0150
3 0.9316 0.4216 0.0100 0.0150
3 0.9750 0.3991 0.0125 0.0138
3 0.9416 0.4287 0.0112 0.0138
3 0.9697 0.4469 0.0112 0.0125
3 0.9863 0.4600 0.0100 0.0138
3 0.9900 0.4784 0.0112 0.0163
3 0.9744 0.4662 0.0112 0.0138
3 0.9625 0.4053 0.0125 0.0138
3 0.9825 0.4031 0.0087 0.0125
3 0.9947 0.3581 0.0112 0.0163
3 0.9650 0.3406 0.0112 0.0125
3 0.9594 0.3366 0.0125 0.0138
3 0.9469 0.3466 0.0125 0.0150
3 0.9578 0.3538 0.0125 0.0138
3 0.9713 0.3606 0.0112 0.0150
3 0.9956 0.4100 0.0100 0.0138
3 0.9313 0.3709 0.0125 0.0138
3 0.9534 0.3850 0.0100 0.0138
3 0.9634 0.4600 0.0112 0.0138
3 0.9344 0.4428 0.0125 0.0138
3 0.9156 0.4325 0.0125 0.0150
3 0.9463 0.6156 0.0112 0.0125
3 0.8741 0.4925 0.0138 0.0163
3 0.8603 0.5006 0.0112 0.0138
3 0.8578 0.4537 0.0125 0.0138
3 0.8694 0.4319 0.0075 0.0138
3 0.8547 0.4425 0.0125 0.0163
3 0.9566 0.6038 0.0100 0.0138
3 0.9369 0.6287 0.0112 0.0138
3 0.9056 0.4256 0.0112 0.0138
3 0.9469 0.5912 0.0125 0.0138
3 0.9256 0.6381 0.0138 0.0138
3 0.9075 0.6362 0.0150 0.0163
3 0.8678 0.5959 0.0138 0.0138
3 0.8266 0.4844 0.0125 0.0125
3 0.7781 0.5516 0.0125 0.0125
3 0.8759 0.5100 0.0112 0.0138
3 0.8878 0.4991 0.0100 0.0138
3 0.8947 0.5225 0.0112 0.0138
3 0.9431 0.5366 0.0112 0.0138
3 0.9516 0.5419 0.0125 0.0150
3 0.9587 0.5459 0.0112 0.0138
3 0.8962 0.4553 0.0112 0.0138
3 0.9088 0.4600 0.0112 0.0138
3 0.9203 0.4672 0.0125 0.0125
3 0.9297 0.4763 0.0125 0.0150
3 0.9166 0.4856 0.0112 0.0150
3 0.9281 0.4919 0.0125 0.0150
3 0.9347 0.4944 0.0100 0.0138
3 0.9572 0.5084 0.0112 0.0138
3 0.9644 0.4975 0.0100 0.0138
3 0.9278 0.4578 0.0150 0.0125
3 0.9009 0.4219 0.0112 0.0125
3 0.9897 0.6025 0.0138 0.0112
3 0.9878 0.6234 0.0100 0.0125
3 0.9931 0.5866 0.0112 0.0138
3 0.5925 0.4550 0.0163 0.0163
3 0.9881 0.3169 0.0138 0.0150
3 0.9938 0.2706 0.0125 0.0163
3 0.9969 0.3087 0.0063 0.0112
3 0.9950 0.3038 0.0087 0.0138
3 0.9775 0.2928 0.0112 0.0138
3 0.9644 0.3038 0.0100 0.0138
3 0.9706 0.3069 0.0100 0.0138
3 0.9956 0.2538 0.0100 0.0138
3 0.4741 0.5594 0.0138 0.0125
3 0.4787 0.5625 0.0138 0.0125
3 0.5219 0.5334 0.0125 0.0138
3 0.0287 0.0656 0.0138 0.0125
3 0.0406 0.0566 0.0125 0.0163
3 0.0494 0.0497 0.0112 0.0150
3 0.0594 0.0788 0.0125 0.0138
3 0.0156 0.0788 0.0125 0.0138
3 0.0287 0.1006 0.0138 0.0138
3 0.0225 0.1100 0.0138 0.0138
3 0.1834 0.0078 0.0138 0.0125
3 0.1897 0.0053 0.0138 0.0075
3 0.2409 0.0619 0.0163 0.0175
3 0.2844 0.0422 0.0125 0.0125
3 0.2728 0.0331 0.0112 0.0100
3 0.2656 0.0219 0.0125 0.0125
3 0.2562 0.0622 0.0125 0.0150
3 0.2453 0.0512 0.0125 0.0150
3 0.2503 0.0450 0.0163 0.0150
3 0.2334 0.0719 0.0138 0.0125
3 0.2006 0.0919 0.0138 0.0150
3 0.2516 0.0788 0.0125 0.0138
3 0.2444 0.0819 0.0138 0.0138
3 0.2350 0.0950 0.0138 0.0150
3 0.2306 0.1016 0.0112 0.0125
3 0.2234 0.0906 0.0125 0.0125
3 0.2138 0.0841 0.0150 0.0150
3 0.2891 0.0469 0.0125 0.0125
3 0.2953 0.0500 0.0125 0.0125
3 0.2875 0.0594 0.0125 0.0125
3 0.2928 0.0641 0.0138 0.0125
3 0.2959 0.0688 0.0138 0.0125
3 0.2856 0.1038 0.0150 0.0138
3 0.2922 0.1000 0.0125 0.0125
3 0.3047 0.0922 0.0125 0.0125
3 0.2981 0.0956 0.0150 0.0163
3 0.2775 0.0131 0.0112 0.0138
3 0.2875 0.0272 0.0125 0.0138
3 0.2906 0.0203 0.0125 0.0125
3 0.2828 0.0084 0.0125 0.0138
3 0.2872 0.0047 0.0087 0.0063
3 0.2922 0.0072 0.0125 0.0112
3 0.2969 0.0094 0.0125 0.0125
3 0.3006 0.0156 0.0138 0.0125
3 0.2087 0.0875 0.0112 0.0125
3 0.1981 0.0981 0.0150 0.0150
3 0.2225 0.1031 0.0138 0.0125
3 0.1859 0.1134 0.0125 0.0112
3 0.1916 0.1056 0.0112 0.0112
3 0.2016 0.1172 0.0125 0.0125
3 0.2100 0.1131 0.0138 0.0138
3 0.2156 0.1075 0.0125 0.0150
3 0.5156 0.5372 0.0125 0.0150
3 0.7312 0.0147 0.0437 0.0263
3 0.3047 0.0187 0.0125 0.0125
3 0.3100 0.0250 0.0138 0.0125
3 0.3163 0.0303 0.0138 0.0138
3 0.3203 0.0350 0.0125 0.0138
3 0.3600 0.7362 0.0138 0.0163
3 0.3297 0.7037 0.0125 0.0138
3 0.3781 0.7600 0.0125 0.0138
3 0.3884 0.7719 0.0112 0.0125
3 0.4600 0.8600 0.0138 0.0138
3 0.3616 0.9037 0.0138 0.0138
3 0.8662 0.9491 0.0138 0.0138
3 0.6613 0.7328 0.0163 0.0063
3 0.4491 0.5578 0.0138 0.0125
3 0.4384 0.5641 0.0112 0.0125
3 0.4094 0.5766 0.0125 0.0125
3 0.3859 0.5994 0.0125 0.0112
3 0.3725 0.6125 0.0138 0.0125
3 0.6544 0.7225 0.0150 0.0075
3 0.6706 0.7397 0.0163 0.0075
3 0.8147 0.8297 0.0138 0.0125
3 0.6909 0.7638 0.0163 0.0087
3 0.7006 0.7741 0.0138 0.0075
3 0.7116 0.7875 0.0138 0.0063
3 0.7162 0.7922 0.0138 0.0063
3 0.7238 0.7997 0.0163 0.0087
3 0.7319 0.8063 0.0138 0.0063
3 0.4525 0.5719 0.0112 0.0125
3 0.4588 0.5703 0.0112 0.0125
3 0.4588 0.5878 0.0112 0.0100
3 0.4619 0.5828 0.0112 0.0125
3 0.4656 0.5781 0.0125 0.0125
3 0.4719 0.5734 0.0125 0.0125
3 0.4775 0.5837 0.0112 0.0112
3 0.4822 0.5963 0.0112 0.0112
3 0.4928 0.5719 0.0138 0.0125
3 0.4953 0.5834 0.0125 0.0138
3 0.5000 0.5787 0.0125 0.0138
3 0.5037 0.5750 0.0138 0.0125
3 0.5084 0.5709 0.0138 0.0138
3 0.4922 0.5603 0.0125 0.0112
3 0.4984 0.5516 0.0125 0.0125
3 0.5019 0.5444 0.0100 0.0138
3 0.5109 0.5422 0.0125 0.0125
3 0.8194 0.8344 0.0138 0.0125
3 0.7753 0.8456 0.0163 0.0163
3 0.8516 0.9531 0.0125 0.0125
3 0.8656 0.9959 0.0125 0.0075
3 0.8725 0.9981 0.0138 0.0025
3 0.8616 0.9912 0.0138 0.0075
3 0.7684 0.8525 0.0150 0.0175
3 0.8578 0.9850 0.0125 0.0075
3 0.8656 0.9625 0.0125 0.0125
3 0.8609 0.9694 0.0125 0.0138
3 0.8406 0.9713 0.0125 0.0112
3 0.8434 0.9662 0.0150 0.0138
3 0.8478 0.9587 0.0112 0.0112
3 0.8750 0.9875 0.0125 0.0125
3 0.8953 0.9928 0.0125 0.0138
3 0.9041 0.9981 0.0112 0.0025
3 0.9331 0.9731 0.0163 0.0150
3 0.9544 0.9959 0.0150 0.0075
3 0.9606 0.9925 0.0150 0.0100
3 0.9659 0.9850 0.0163 0.0075
3 0.9719 0.9788 0.0125 0.0075
3 0.9713 0.9694 0.0112 0.0075
3 0.9609 0.9609 0.0125 0.0063
3 0.9547 0.9531 0.0125 0.0063
3 0.9781 0.9412 0.0125 0.0138
3 0.9928 0.9387 0.0138 0.0087
3 0.9419 0.8944 0.0150 0.0138
3 0.4591 0.3084 0.0150 0.0138
3 0.6391 0.3606 0.0125 0.0150
3 0.4856 0.4097 0.0150 0.0163
3 0.5094 0.3203 0.0125 0.0125
3 0.4731 0.3200 0.0150 0.0150
3 0.5281 0.2719 0.0125 0.0125
3 0.3584 0.1281 0.0138 0.0125
3 0.3866 0.2281 0.0138 0.0125
3 0.4303 0.1334 0.0138 0.0138
3 0.4569 0.0919 0.0138 0.0150
3 0.4828 0.0588 0.0125 0.0112
3 0.4741 0.0625 0.0138 0.0125
3 0.4172 0.0078 0.0125 0.0125
3 0.4022 0.0028 0.0075 0.0025
3 0.3906 0.0072 0.0125 0.0112
3 0.3225 0.0422 0.0138 0.0125
3 0.3475 0.6125 0.0138 0.0125
3 0.1756 0.7425 0.0138 0.0163
3 0.2600 0.7031 0.0138 0.0125
3 0.2350 0.6928 0.0138 0.0138
3 0.3513 0.6319 0.0150 0.0138
3 0.3359 0.6459 0.0125 0.0138
3 0.3256 0.6547 0.0138 0.0125
3 0.3141 0.6406 0.0125 0.0125
3 0.4138 0.4678 0.0150 0.0138
3 0.4944 0.4713 0.0138 0.0112
3 0.4813 0.4594 0.0125 0.0125
3 0.4662 0.4434 0.0138 0.0150
3 0.4241 0.5281 0.0138 0.0125
3 0.4172 0.5219 0.0125 0.0125
3 0.4122 0.5153 0.0150 0.0150
3 0.2072 0.7344 0.0112 0.0125
3 0.1109 0.8709 0.0125 0.0138
3 0.1594 0.9313 0.0125 0.0125
3 0.1812 0.9569 0.0125 0.0138
3 0.1922 0.9684 0.0125 0.0150
3 0.2284 0.9912 0.0163 0.0138
3 0.2466 0.9881 0.0150 0.0138
3 0.1866 0.9950 0.0138 0.0087
3 0.4044 0.5000 0.0150 0.0125
3 0.3850 0.4866 0.0138 0.0138
3 0.3731 0.4731 0.0150 0.0150
3 0.3528 0.4475 0.0150 0.0138
3 0.5747 0.9669 0.0150 0.0150
3 0.4237 0.9581 0.0100 0.0100
3 0.4900 0.9116 0.0112 0.0075
3 0.4981 0.9031 0.0087 0.0063
3 0.8450 0.2328 0.0087 0.0125
