3 0.7053 0.6497 0.0075 0.0150
3 0.6975 0.8734 0.0075 0.0125
3 0.8322 0.9969 0.0050 0.0063
3 0.7350 0.1788 0.0325 0.0075
3 0.8834 0.7844 0.0075 0.0125
3 0.8828 0.7588 0.0063 0.0112
3 0.7906 0.6306 0.0125 0.0112
3 0.7737 0.0122 0.0163 0.0212
3 0.4375 0.2850 0.0187 0.0138
3 0.3737 0.2625 0.0163 0.0125
3 0.1419 0.5650 0.0150 0.0112
3 0.1278 0.9163 0.0087 0.0138
3 0.1313 0.8719 0.0063 0.0125
3 0.1591 0.7672 0.0087 0.0125
3 0.1622 0.7537 0.0087 0.0138
3 0.1638 0.7372 0.0087 0.0150
3 0.1825 0.6106 0.0087 0.0150
3 0.1313 0.8831 0.0063 0.0100
3 0.1266 0.9366 0.0063 0.0138
3 0.5647 0.1691 0.0325 0.0100
3 0.8819 0.7441 0.0075 0.0100
3 0.4569 0.7209 0.0138 0.0075
3 0.3962 0.7109 0.0112 0.0063
3 0.6984 0.7275 0.0063 0.0112
3 0.3009 0.8528 0.0112 0.0150
3 0.1250 0.9728 0.0063 0.0175
3 0.3084 0.1638 0.0138 0.0087
3 0.7847 0.0856 0.0100 0.0087
3 0.7825 0.0887 0.0087 0.0087
3 0.7672 0.1241 0.0125 0.0075
3 0.1441 0.5053 0.0100 0.0138
3 0.2437 0.4841 0.0187 0.0087
3 0.2038 0.3309 0.0138 0.0087
3 0.1756 0.3222 0.0138 0.0100
3 0.2388 0.3225 0.0150 0.0075
3 0.1638 0.7984 0.0087 0.0125
3 0.0034 0.7550 0.0037 0.0163
3 0.4350 0.9262 0.0138 0.0087
3 0.3756 0.7081 0.0138 0.0100
3 0.9766 0.9322 0.0063 0.0112
