3 0.6744 0.3703 0.0112 0.0125
3 0.2909 0.3259 0.0100 0.0050
3 0.7409 0.6438 0.0100 0.0187
3 0.7172 0.4912 0.0125 0.0138
3 0.8831 0.9669 0.0100 0.0150
3 0.4006 0.0278 0.0200 0.0275
3 0.5322 0.7675 0.0175 0.0100
3 0.0841 0.5859 0.0087 0.0125
3 0.1681 0.6228 0.0112 0.0112
3 0.2109 0.6769 0.0125 0.0100
3 0.2197 0.6878 0.0112 0.0100
3 0.2575 0.7325 0.0087 0.0087
3 0.0047 0.5509 0.0063 0.0050
3 0.5166 0.0991 0.0112 0.0138
3 0.5463 0.1516 0.0112 0.0125
3 0.5706 0.3075 0.0100 0.0150
3 0.6603 0.3828 0.0112 0.0125
3 0.7488 0.5141 0.0100 0.0125
3 0.7494 0.5550 0.0112 0.0100
3 0.7503 0.5791 0.0100 0.0112
3 0.4656 0.1244 0.0125 0.0175
3 0.6594 0.4744 0.0125 0.0175
3 0.3719 0.5563 0.0125 0.0187
