3 0.9022 0.0028 0.0075 0.0025
3 0.8578 0.0331 0.0063 0.0100
3 0.5972 0.4713 0.0163 0.0112
3 0.6378 0.4416 0.0100 0.0112
3 0.9256 0.6691 0.0075 0.0100
3 0.8797 0.5813 0.0063 0.0125
3 0.9100 0.3591 0.0200 0.0150
3 0.6797 0.4131 0.0125 0.0138
3 0.5309 0.5441 0.0150 0.0100
3 0.8222 0.1209 0.0163 0.0325
3 0.6119 0.5097 0.0425 0.0225
3 0.0566 0.6994 0.0225 0.0175
3 0.9744 0.8713 0.0050 0.0112
3 0.7850 0.4388 0.0138 0.0087
3 0.9600 0.7112 0.0138 0.0100
3 0.9756 0.7169 0.0138 0.0087
3 0.9872 0.7203 0.0150 0.0125
3 0.9809 0.8425 0.0087 0.0163
