3 0.4409 0.1316 0.0100 0.0037
3 0.2378 0.1150 0.0100 0.0050
3 0.9281 0.0156 0.0125 0.0063
3 0.5231 0.0706 0.0150 0.0037
3 0.5394 0.0828 0.0163 0.0063
3 0.5381 0.0781 0.0138 0.0063
3 0.5406 0.0719 0.0187 0.0063
3 0.5563 0.0756 0.0187 0.0075
3 0.5553 0.0731 0.0200 0.0087
3 0.5444 0.0663 0.0200 0.0075
3 0.5991 0.1078 0.0075 0.0125
3 0.4263 0.3566 0.0087 0.0037
3 0.5887 0.3862 0.0150 0.0100
3 0.5225 0.0744 0.0138 0.0050
3 0.5225 0.0809 0.0138 0.0087
3 0.4459 0.1200 0.0263 0.0087
3 0.2125 0.1178 0.0125 0.0075
3 0.4088 0.0934 0.0112 0.0087
3 0.1691 0.1203 0.0225 0.0063
