3 0.4869 0.9906 0.0050 0.0125
3 0.4659 0.0078 0.0037 0.0063
3 0.4847 0.0131 0.0037 0.0075
3 0.4719 0.0256 0.0063 0.0075
3 0.4894 0.0700 0.0037 0.0087
3 0.5009 0.1219 0.0050 0.0063
3 0.4994 0.1872 0.0050 0.0087
3 0.4806 0.1834 0.0050 0.0075
3 0.5012 0.4681 0.0025 0.0050
3 0.4987 0.5156 0.0037 0.0063
3 0.5034 0.5875 0.0037 0.0063
3 0.4987 0.6047 0.0037 0.0063
3 0.5031 0.7069 0.0063 0.0075
3 0.4956 0.6384 0.0037 0.0112
3 0.5166 0.9563 0.0050 0.0063
3 0.5212 0.4025 0.0050 0.0238
3 0.5119 0.3788 0.0050 0.0075
3 0.5144 0.3506 0.0037 0.0075
3 0.4984 0.6547 0.0063 0.0125
3 0.4891 0.8869 0.0063 0.0175
3 0.5188 0.9309 0.0063 0.0087
