3 0.3178 0.5575 0.0138 0.0087
3 0.5769 0.4662 0.0100 0.0138
3 0.2156 0.5737 0.0125 0.0163
3 0.3153 0.3663 0.0150 0.0200
3 0.4369 0.9272 0.0175 0.0075
3 0.1856 0.6412 0.0150 0.0200
3 0.6241 0.4700 0.0138 0.0087
3 0.9322 0.7259 0.0112 0.0050
3 0.9744 0.1212 0.0050 0.0112
3 0.4662 0.9172 0.0138 0.0125
3 0.6156 0.8887 0.0125 0.0087
3 0.5834 0.8831 0.0138 0.0100
3 0.5669 0.8909 0.0150 0.0100
3 0.3509 0.3166 0.0112 0.0175
3 0.3763 0.4075 0.0150 0.0087
3 0.4706 0.4447 0.0100 0.0112
3 0.5219 0.4216 0.0125 0.0087
3 0.5991 0.4531 0.0075 0.0125
3 0.5994 0.3122 0.0112 0.0087
3 0.6144 0.6419 0.0225 0.0087
3 0.6622 0.5959 0.0087 0.0138
3 0.5281 0.8725 0.0125 0.0075
3 0.2303 0.9859 0.0075 0.0125
3 0.9356 0.5437 0.0087 0.0125
