3 0.6819 0.6497 0.0075 0.0150
3 0.6741 0.8734 0.0075 0.0125
3 0.8088 0.9969 0.0050 0.0063
3 0.7116 0.1788 0.0325 0.0075
3 0.9875 0.1938 0.0125 0.0063
3 0.8600 0.7844 0.0075 0.0125
3 0.8594 0.7588 0.0063 0.0112
3 0.7672 0.6306 0.0125 0.0112
3 0.7488 0.0122 0.0163 0.0212
3 0.4141 0.2850 0.0187 0.0138
3 0.3503 0.2625 0.0163 0.0125
3 0.1163 0.5637 0.0138 0.0087
3 0.1044 0.9163 0.0087 0.0138
3 0.1078 0.8719 0.0063 0.0125
3 0.1356 0.7672 0.0087 0.0125
3 0.1387 0.7537 0.0087 0.0138
3 0.1387 0.7372 0.0087 0.0150
3 0.1575 0.6106 0.0087 0.0150
3 0.1062 0.8831 0.0063 0.0100
3 0.1031 0.9366 0.0063 0.0138
3 0.5413 0.1691 0.0325 0.0100
3 0.8569 0.7441 0.0075 0.0100
3 0.4334 0.7209 0.0138 0.0075
3 0.3712 0.7109 0.0112 0.0063
3 0.6734 0.7275 0.0063 0.0112
3 0.2775 0.8528 0.0112 0.0150
3 0.1016 0.9728 0.0063 0.0175
3 0.2844 0.1638 0.0125 0.0087
3 0.7612 0.0841 0.0100 0.0087
3 0.7438 0.1231 0.0125 0.0087
3 0.9537 0.9309 0.0075 0.0150
3 0.6859 0.9788 0.0063 0.0138
3 0.4109 0.9275 0.0125 0.0112
3 0.1406 0.7969 0.0063 0.0125
3 0.0087 0.5825 0.0050 0.0150
3 0.1187 0.5037 0.0063 0.0138
3 0.2194 0.4831 0.0200 0.0100
3 0.1528 0.3222 0.0150 0.0100
3 0.1797 0.3319 0.0125 0.0075
3 0.2162 0.3225 0.0138 0.0075
