3 0.4409 0.8816 0.0100 0.0037
3 0.2378 0.8650 0.0100 0.0050
3 0.4109 0.3991 0.0063 0.0138
3 0.9281 0.7656 0.0125 0.0063
3 0.8544 0.7453 0.0150 0.0063
3 0.5231 0.8206 0.0150 0.0037
3 0.5394 0.8328 0.0163 0.0063
3 0.5381 0.8281 0.0138 0.0063
3 0.5406 0.8219 0.0187 0.0063
3 0.5603 0.8262 0.0175 0.0087
3 0.5553 0.8231 0.0200 0.0087
3 0.5472 0.8162 0.0163 0.0075
3 0.5991 0.8578 0.0075 0.0125
3 0.5225 0.8244 0.0138 0.0050
3 0.5225 0.8309 0.0138 0.0087
3 0.4459 0.8700 0.0263 0.0087
3 0.2209 0.2744 0.0075 0.0050
3 0.3097 0.2775 0.0100 0.0050
3 0.2125 0.8678 0.0125 0.0075
3 0.3616 0.2681 0.0075 0.0050
3 0.4088 0.8434 0.0112 0.0087
3 0.2638 0.2781 0.0087 0.0063
3 0.4575 0.2744 0.0087 0.0050
3 0.1691 0.8688 0.0225 0.0063
