3 0.9809 0.4950 0.0150 0.0150
3 0.9981 0.3428 0.0025 0.0075
3 0.9978 0.3350 0.0050 0.0075
3 0.9959 0.3200 0.0075 0.0087
3 0.9938 0.3028 0.0125 0.0087
3 0.9950 0.3128 0.0087 0.0100
3 0.0462 0.6200 0.0112 0.0087
3 0.5025 0.5050 0.0112 0.0163
3 0.0750 0.6050 0.0125 0.0100
3 0.4100 0.3853 0.0138 0.0112
3 0.4856 0.5156 0.0087 0.0125
3 0.5081 0.5219 0.0100 0.0125
3 0.4575 0.9856 0.0212 0.0150
3 0.5900 0.8512 0.0175 0.0150
3 0.6197 0.8247 0.0112 0.0087
3 0.5797 0.8484 0.0125 0.0125
3 0.0919 0.5972 0.0150 0.0100
3 0.1638 0.5322 0.0150 0.0112
3 0.5925 0.3366 0.0163 0.0138
3 0.6247 0.0091 0.0150 0.0150
3 0.1425 0.4931 0.0100 0.0112
3 0.1375 0.4731 0.0125 0.0150
3 0.1431 0.5131 0.0112 0.0075
3 0.1506 0.5028 0.0138 0.0087
3 0.5906 0.2987 0.0125 0.0100
3 0.5009 0.1894 0.0050 0.0100
3 0.5234 0.1613 0.0063 0.0100
3 0.5537 0.1019 0.0138 0.0163
3 0.6178 0.0400 0.0138 0.0112
3 0.5850 0.0572 0.0138 0.0112
3 0.0613 0.6106 0.0100 0.0087
3 0.0278 0.6275 0.0150 0.0112
3 0.9113 0.0988 0.0225 0.0163
3 0.9959 0.1069 0.0075 0.0075
3 0.7716 0.2462 0.0150 0.0112
3 0.7444 0.2166 0.0138 0.0112
3 0.9453 0.2916 0.0063 0.0112
3 0.9397 0.3366 0.0075 0.0138
3 0.8297 0.5294 0.0125 0.0150
3 0.5956 0.4378 0.0100 0.0100
3 0.6719 0.4994 0.0125 0.0112
3 0.8256 0.5966 0.0075 0.0150
3 0.8650 0.4603 0.0112 0.0112
3 0.6719 0.2809 0.0437 0.0275
3 0.9056 0.3875 0.0175 0.0187
3 0.9000 0.4200 0.0187 0.0212
3 0.8578 0.5178 0.0187 0.0138
3 0.0112 0.6378 0.0163 0.0100
3 0.7319 0.0034 0.0075 0.0037
3 0.8744 0.0541 0.0050 0.0112
3 0.8378 0.0563 0.0100 0.0125
3 0.8425 0.1347 0.0100 0.0163
3 0.9456 0.1119 0.0100 0.0050
3 0.8962 0.0831 0.0112 0.0100
3 0.8831 0.0656 0.0100 0.0125
3 0.9313 0.2638 0.0125 0.0150
3 0.8047 0.2275 0.0125 0.0112
3 0.9484 0.9106 0.0125 0.0087
3 0.8262 0.8769 0.0150 0.0100
3 0.7956 0.8528 0.0100 0.0087
3 0.8525 0.8866 0.0112 0.0075
3 0.9006 0.9022 0.0138 0.0075
3 0.9722 0.8822 0.0100 0.0112
3 0.9912 0.7575 0.0138 0.0087
3 0.9175 0.9037 0.0100 0.0075
3 0.0156 0.0087 0.0125 0.0112
3 0.9316 0.9066 0.0100 0.0100
3 0.9069 0.8850 0.0138 0.0075
3 0.9981 0.7750 0.0025 0.0063
3 0.9947 0.2944 0.0112 0.0075
3 0.8762 0.8941 0.0150 0.0100
3 0.8644 0.8881 0.0100 0.0075
3 0.6019 0.3191 0.0163 0.0100
3 0.5047 0.2766 0.0063 0.0125
3 0.8366 0.0028 0.0075 0.0025
3 0.2056 0.5075 0.0112 0.0087
3 0.2694 0.4625 0.0138 0.0125
3 0.3544 0.4203 0.0150 0.0125
3 0.3747 0.4159 0.0150 0.0100
3 0.8622 0.0512 0.0087 0.0150
3 0.9928 0.2872 0.0138 0.0087
3 0.9613 0.2891 0.0037 0.0125
3 0.2478 0.4866 0.0112 0.0075
3 0.5650 0.3725 0.0112 0.0138
3 0.8313 0.8678 0.0125 0.0075
