3 0.4928 0.0381 0.0200 0.0075
3 0.8291 0.7875 0.0050 0.0125
3 0.0594 0.8631 0.0250 0.0075
3 0.3797 0.7197 0.0063 0.0112
3 0.2119 0.7463 0.0050 0.0112
3 0.2328 0.0231 0.0125 0.0087
3 0.5400 0.0250 0.0112 0.0063
3 0.5600 0.0250 0.0138 0.0063
3 0.2169 0.0166 0.0150 0.0112
3 0.3009 0.0406 0.0112 0.0063
3 0.0856 0.8594 0.0275 0.0125
3 0.4147 0.8944 0.0138 0.0075
3 0.2644 0.8931 0.0163 0.0112
3 0.2819 0.8928 0.0138 0.0075
3 0.2850 0.8844 0.0138 0.0063
3 0.3912 0.8266 0.0138 0.0063
3 0.6222 0.8787 0.0100 0.0138
3 0.7150 0.9006 0.0112 0.0075
3 0.7162 0.9078 0.0138 0.0063
