3 0.4094 0.3372 0.0375 0.0400
3 0.3481 0.7762 0.0212 0.0212
3 0.2450 0.5144 0.0212 0.0225
3 0.0625 0.4313 0.0125 0.0063
3 0.5453 0.8947 0.0063 0.0112
3 0.1684 0.9863 0.0338 0.0287
3 0.0303 0.4297 0.0138 0.0125
3 0.3766 0.6100 0.0125 0.0138
3 0.5169 0.2822 0.0087 0.0238
3 0.4772 0.3294 0.0138 0.0462
3 0.3994 0.7303 0.0112 0.0138
3 0.4741 0.6969 0.0138 0.0125
3 0.2997 0.8363 0.0212 0.0225
3 0.3263 0.5966 0.0087 0.0400
3 0.3053 0.6103 0.0075 0.0425
3 0.2812 0.5325 0.0063 0.0212
3 0.2288 0.5319 0.0200 0.0200
3 0.7525 0.2787 0.0112 0.0138
3 0.7331 0.2875 0.0100 0.0125
3 0.3450 0.6403 0.0212 0.0212
3 0.3894 0.4313 0.0100 0.0437
