3 0.7072 0.6162 0.0050 0.0075
3 0.8581 0.2453 0.0037 0.0063
3 0.8884 0.9506 0.0050 0.0075
3 0.8984 0.9756 0.0063 0.0075
3 0.5503 0.9988 0.0037 0.0037
3 0.4416 0.8066 0.0175 0.0163
3 0.7953 0.3263 0.0063 0.0087
3 0.7269 0.4263 0.0037 0.0087
3 0.8475 0.6462 0.0075 0.0238
3 0.6759 0.6959 0.0050 0.0075
3 0.6462 0.7794 0.0050 0.0087
3 0.5516 0.9834 0.0063 0.0075
3 0.5687 0.9353 0.0125 0.0112
3 0.7219 0.3750 0.0063 0.0250
3 0.7438 0.4434 0.0063 0.0087
3 0.7338 0.4862 0.0050 0.0100
3 0.7797 0.3744 0.0063 0.0112
3 0.7641 0.3694 0.0063 0.0075
3 0.3212 0.7603 0.0112 0.0112
