3 0.8369 0.8906 0.0112 0.0125
3 0.8228 0.8969 0.0112 0.0125
3 0.8181 0.9031 0.0112 0.0125
3 0.7581 0.8953 0.0100 0.0063
3 0.7334 0.9141 0.0075 0.0125
3 0.7525 0.8778 0.0112 0.0087
3 0.7047 0.9316 0.0187 0.0100
3 0.7525 0.9722 0.0112 0.0100
3 0.8469 0.8834 0.0125 0.0138
3 0.8422 0.8872 0.0125 0.0150
3 0.8144 0.8825 0.0100 0.0087
3 0.9088 0.8416 0.0112 0.0112
3 0.7700 0.6303 0.0087 0.0138
3 0.7497 0.6569 0.0087 0.0138
3 0.7434 0.7997 0.0150 0.0087
3 0.9181 0.7869 0.0112 0.0112
3 0.9213 0.8137 0.0112 0.0087
3 0.9238 0.8181 0.0100 0.0050
3 0.9266 0.8241 0.0125 0.0075
3 0.9050 0.8453 0.0100 0.0125
3 0.8512 0.8572 0.0087 0.0112
3 0.8988 0.8463 0.0100 0.0112
3 0.8947 0.8500 0.0112 0.0125
3 0.8894 0.8538 0.0100 0.0138
3 0.8706 0.8691 0.0100 0.0100
3 0.9003 0.8566 0.0100 0.0100
3 0.8684 0.8637 0.0087 0.0087
3 0.8634 0.8544 0.0112 0.0087
3 0.8581 0.8506 0.0100 0.0075
3 0.8588 0.8456 0.0112 0.0100
3 0.9428 0.4044 0.0075 0.0150
