3 0.3291 0.6781 0.0112 0.0063
3 0.4931 0.6013 0.0112 0.0087
3 0.4797 0.6072 0.0125 0.0112
3 0.4666 0.6138 0.0112 0.0087
3 0.4481 0.6188 0.0150 0.0125
3 0.4328 0.6262 0.0125 0.0087
3 0.3772 0.6650 0.0075 0.0112
3 0.3469 0.6672 0.0125 0.0063
3 0.3484 0.6756 0.0125 0.0075
3 0.2766 0.6756 0.0125 0.0075
3 0.4266 0.5997 0.0125 0.0087
3 0.1547 0.6466 0.0125 0.0087
3 0.3797 0.7016 0.0063 0.0125
3 0.3891 0.7141 0.0063 0.0125
3 0.3906 0.7312 0.0063 0.0125
3 0.3866 0.7888 0.0075 0.0150
3 0.4031 0.8088 0.0063 0.0112
3 0.3881 0.8325 0.0075 0.0150
3 0.3884 0.8588 0.0050 0.0112
3 0.4400 0.6031 0.0112 0.0063
3 0.3931 0.6134 0.0050 0.0112
3 0.8650 0.0166 0.0175 0.0238
3 0.1094 0.2019 0.0063 0.0163
3 0.3563 0.2000 0.0063 0.0125
3 0.3569 0.2162 0.0075 0.0138
3 0.3578 0.2344 0.0063 0.0125
3 0.3594 0.2659 0.0063 0.0163
3 0.3766 0.2728 0.0063 0.0112
3 0.3600 0.3066 0.0075 0.0100
3 0.3619 0.3275 0.0050 0.0112
3 0.4025 0.3569 0.0112 0.0075
3 0.5084 0.3809 0.0138 0.0087
3 0.3869 0.6088 0.0050 0.0112
3 0.3138 0.4147 0.0150 0.0075
3 0.3231 0.4209 0.0150 0.0075
3 0.3694 0.4388 0.0075 0.0150
3 0.3700 0.4856 0.0087 0.0150
3 0.1087 0.4722 0.0175 0.0100
3 0.3728 0.5162 0.0050 0.0138
3 0.3681 0.5513 0.0050 0.0087
3 0.3844 0.5872 0.0063 0.0150
3 0.3934 0.9341 0.0087 0.0150
3 0.0150 0.4159 0.0112 0.0100
3 0.0066 0.4912 0.0100 0.0075
3 0.3734 0.2122 0.0063 0.0087
3 0.3862 0.2116 0.0100 0.0075
3 0.3547 0.1797 0.0063 0.0125
3 0.9919 0.3494 0.0150 0.0050
3 0.9475 0.3319 0.0138 0.0075
3 0.8250 0.3075 0.0125 0.0087
3 0.7831 0.3197 0.0100 0.0050
3 0.7784 0.3472 0.0163 0.0100
3 0.6466 0.3638 0.0150 0.0087
3 0.6275 0.3187 0.0112 0.0063
3 0.3563 0.1619 0.0063 0.0112
3 0.3397 0.0100 0.0075 0.0138
3 0.3419 0.0303 0.0087 0.0138
3 0.3450 0.0512 0.0087 0.0150
3 0.3563 0.0584 0.0063 0.0138
3 0.3466 0.0747 0.0087 0.0150
3 0.3494 0.1303 0.0050 0.0138
3 0.3500 0.1422 0.0063 0.0125
3 0.3688 0.1375 0.0063 0.0125
3 0.3756 0.6241 0.0075 0.0138
