3 0.9031 0.6466 0.0125 0.0087
3 0.8594 0.2019 0.0063 0.0163
3 0.8588 0.4722 0.0175 0.0100
3 0.1525 0.8419 0.0112 0.0212
3 0.5475 0.7831 0.0138 0.0100
3 0.5437 0.7584 0.0125 0.0075
3 0.4919 0.7647 0.0150 0.0075
3 0.4903 0.7584 0.0150 0.0075
3 0.4912 0.7466 0.0138 0.0087
3 0.0278 0.7906 0.0150 0.0125
3 0.0912 0.7594 0.0138 0.0125
3 0.2047 0.7581 0.0125 0.0100
3 0.3506 0.7469 0.0075 0.0125
3 0.7650 0.4159 0.0112 0.0100
3 0.7547 0.4912 0.0125 0.0075
3 0.6484 0.4753 0.0125 0.0100
3 0.4225 0.6072 0.0138 0.0112
3 0.4266 0.5644 0.0125 0.0100
3 0.2913 0.6191 0.0138 0.0100
3 0.1509 0.6956 0.0112 0.0100
3 0.1369 0.6903 0.0112 0.0087
3 0.1888 0.9856 0.0087 0.0150
3 0.5744 0.5006 0.0425 0.0263
