3 0.1397 0.7781 0.0075 0.0125
3 0.1313 0.7806 0.0063 0.0112
3 0.1244 0.7822 0.0050 0.0112
3 0.1119 0.7838 0.0050 0.0112
3 0.2134 0.8409 0.0050 0.0100
3 0.2047 0.8403 0.0063 0.0150
3 0.2087 0.8659 0.0112 0.0163
3 0.5381 0.9053 0.0075 0.0138
3 0.4584 0.9047 0.0075 0.0125
3 0.4491 0.9053 0.0075 0.0138
3 0.2812 0.9234 0.0063 0.0125
3 0.2356 0.9316 0.0087 0.0163
3 0.2266 0.9297 0.0063 0.0125
3 0.2013 0.9325 0.0087 0.0150
3 0.1891 0.9338 0.0063 0.0112
3 0.1822 0.9338 0.0050 0.0112
3 0.4681 0.9969 0.0112 0.0063
3 0.4206 0.9875 0.0100 0.0125
3 0.4122 0.9897 0.0087 0.0138
3 0.0219 0.5272 0.0125 0.0075
3 0.0437 0.5194 0.0125 0.0075
3 0.0803 0.5644 0.0138 0.0100
3 0.0725 0.5309 0.0138 0.0087
3 0.0834 0.5025 0.0075 0.0112
3 0.0916 0.4850 0.0112 0.0075
3 0.0638 0.1850 0.0150 0.0138
3 0.0697 0.5988 0.0050 0.0100
3 0.0641 0.5953 0.0063 0.0125
3 0.0569 0.5931 0.0075 0.0112
3 0.0450 0.5897 0.0087 0.0138
3 0.0516 0.5916 0.0063 0.0112
3 0.2022 0.7656 0.0138 0.0125
3 0.2322 0.7725 0.0112 0.0138
3 0.2413 0.7206 0.0138 0.0100
3 0.4662 0.4828 0.0138 0.0063
3 0.4844 0.4969 0.0125 0.0063
3 0.4828 0.5078 0.0125 0.0063
3 0.4822 0.5203 0.0112 0.0063
3 0.4100 0.5513 0.0138 0.0087
3 0.2953 0.5447 0.0063 0.0112
3 0.3025 0.5431 0.0050 0.0112
3 0.3791 0.5344 0.0050 0.0125
3 0.3859 0.5356 0.0063 0.0150
3 0.3859 0.5188 0.0063 0.0125
3 0.4106 0.5084 0.0150 0.0075
3 0.3784 0.5059 0.0163 0.0087
3 0.3541 0.5328 0.0050 0.0125
3 0.3672 0.5344 0.0063 0.0125
3 0.2181 0.5150 0.0050 0.0112
3 0.2297 0.5156 0.0063 0.0125
3 0.2047 0.5141 0.0063 0.0125
3 0.1163 0.5100 0.0075 0.0138
3 0.1812 0.5144 0.0063 0.0100
3 0.4431 0.5687 0.0050 0.0125
3 0.4188 0.5662 0.0063 0.0138
3 0.3969 0.5666 0.0063 0.0112
3 0.4847 0.7572 0.0100 0.0112
3 0.4838 0.4844 0.0112 0.0063
3 0.4662 0.4969 0.0138 0.0063
3 0.1313 0.7509 0.0063 0.0112
3 0.5178 0.4875 0.0138 0.0063
3 0.3916 0.3463 0.0050 0.0112
3 0.3853 0.3478 0.0050 0.0112
3 0.4375 0.3663 0.0063 0.0138
3 0.4972 0.3375 0.0100 0.0063
3 0.3484 0.3400 0.0063 0.0112
3 0.3425 0.3119 0.0100 0.0050
3 0.2894 0.2909 0.0163 0.0100
3 0.2762 0.3147 0.0087 0.0138
3 0.2700 0.3131 0.0087 0.0138
3 0.1725 0.2900 0.0138 0.0112
3 0.1950 0.3287 0.0087 0.0138
3 0.1903 0.3428 0.0087 0.0138
3 0.1809 0.3819 0.0087 0.0138
3 0.1759 0.3956 0.0050 0.0100
3 0.1716 0.4106 0.0087 0.0150
3 0.1825 0.4172 0.0087 0.0125
3 0.2231 0.3875 0.0150 0.0063
3 0.2484 0.4100 0.0125 0.0075
3 0.1850 0.4422 0.0075 0.0125
3 0.5153 0.5306 0.0150 0.0050
3 0.5128 0.5375 0.0163 0.0063
3 0.5131 0.5453 0.0138 0.0063
3 0.5153 0.5009 0.0150 0.0050
3 0.4919 0.7541 0.0087 0.0112
3 0.5003 0.7553 0.0100 0.0138
3 0.5303 0.7584 0.0138 0.0138
3 0.5178 0.7619 0.0138 0.0175
3 0.3200 0.6228 0.0087 0.0050
3 0.3041 0.6241 0.0112 0.0075
3 0.2288 0.6319 0.0138 0.0075
3 0.2156 0.6306 0.0125 0.0050
3 0.1762 0.6916 0.0087 0.0112
3 0.1859 0.7025 0.0063 0.0112
3 0.1781 0.7041 0.0063 0.0112
3 0.1913 0.7044 0.0075 0.0150
3 0.1522 0.7075 0.0075 0.0150
3 0.1322 0.7091 0.0050 0.0087
3 0.1259 0.7116 0.0050 0.0138
3 0.1194 0.7141 0.0075 0.0125
3 0.1131 0.7156 0.0075 0.0125
3 0.1313 0.7369 0.0063 0.0112
3 0.1381 0.7375 0.0075 0.0125
3 0.1500 0.7369 0.0063 0.0112
3 0.1672 0.7344 0.0063 0.0125
3 0.1738 0.7331 0.0037 0.0100
3 0.1806 0.7312 0.0050 0.0125
3 0.1825 0.7459 0.0087 0.0138
3 0.1512 0.7512 0.0087 0.0150
3 0.1444 0.7497 0.0075 0.0150
3 0.1391 0.7506 0.0063 0.0138
3 0.3184 0.6297 0.0150 0.0063
3 0.3206 0.6356 0.0100 0.0087
3 0.4422 0.6344 0.0125 0.0063
3 0.4759 0.6619 0.0112 0.0050
3 0.4987 0.7662 0.0100 0.0138
3 0.4734 0.7669 0.0125 0.0150
3 0.4781 0.7569 0.0125 0.0138
3 0.5284 0.7350 0.0100 0.0138
3 0.5206 0.7344 0.0100 0.0125
3 0.5075 0.7344 0.0087 0.0125
3 0.4994 0.7319 0.0112 0.0138
3 0.4903 0.7328 0.0087 0.0125
3 0.5297 0.6763 0.0063 0.0150
3 0.4775 0.6500 0.0112 0.0063
3 0.4756 0.6687 0.0138 0.0063
3 0.4213 0.6509 0.0112 0.0050
3 0.4769 0.6816 0.0100 0.0037
3 0.4750 0.6994 0.0125 0.0050
3 0.4722 0.7056 0.0100 0.0050
3 0.4744 0.7147 0.0112 0.0075
3 0.4344 0.7338 0.0125 0.0050
3 0.4353 0.7250 0.0112 0.0063
3 0.4344 0.7116 0.0125 0.0075
3 0.3312 0.7297 0.0125 0.0063
3 0.4234 0.6666 0.0125 0.0050
3 0.4219 0.6578 0.0125 0.0063
3 0.2672 0.2609 0.0063 0.0125
3 0.2744 0.2616 0.0050 0.0138
3 0.2812 0.2500 0.0063 0.0125
3 0.6038 0.7622 0.0138 0.0150
3 0.9950 0.6944 0.0087 0.0138
3 0.9812 0.6969 0.0063 0.0125
3 0.9725 0.6944 0.0075 0.0138
3 0.9666 0.6947 0.0050 0.0112
3 0.9494 0.6906 0.0050 0.0125
3 0.9422 0.6912 0.0063 0.0138
3 0.9344 0.6912 0.0063 0.0138
3 0.9141 0.7037 0.0063 0.0138
3 0.9056 0.7034 0.0050 0.0100
3 0.9003 0.6872 0.0163 0.0212
3 0.8625 0.6531 0.0063 0.0125
3 0.8500 0.6537 0.0063 0.0138
3 0.7469 0.6850 0.0125 0.0075
3 0.7412 0.6744 0.0138 0.0050
3 0.7450 0.6663 0.0150 0.0075
3 0.6016 0.7369 0.0125 0.0175
3 0.5869 0.7356 0.0112 0.0150
3 0.5534 0.7344 0.0100 0.0125
3 0.5775 0.6525 0.0050 0.0112
3 0.5625 0.6537 0.0063 0.0138
3 0.5541 0.6525 0.0050 0.0112
3 0.5531 0.6256 0.0125 0.0075
3 0.5622 0.7597 0.0150 0.0163
3 0.8287 0.7388 0.0075 0.0150
3 0.8213 0.9753 0.0050 0.0100
3 0.9256 0.7294 0.0075 0.0150
3 0.7428 0.9506 0.0138 0.0075
3 0.7412 0.9319 0.0138 0.0075
3 0.7412 0.9159 0.0138 0.0100
3 0.7272 0.9344 0.0075 0.0125
3 0.6881 0.8969 0.0075 0.0125
3 0.6303 0.9069 0.0075 0.0138
3 0.5781 0.9075 0.0125 0.0087
3 0.6850 0.8694 0.0075 0.0138
3 0.6719 0.8703 0.0063 0.0125
3 0.6650 0.8688 0.0050 0.0125
3 0.6512 0.8725 0.0087 0.0138
3 0.6381 0.8725 0.0075 0.0138
3 0.9625 0.8691 0.0063 0.0100
3 0.7828 0.8641 0.0063 0.0125
3 0.7084 0.8250 0.0138 0.0063
3 0.5656 0.8313 0.0125 0.0063
3 0.5491 0.8412 0.0138 0.0075
3 0.8041 0.7734 0.0112 0.0125
3 0.8247 0.7863 0.0150 0.0100
3 0.9547 0.7956 0.0187 0.0100
3 0.9834 0.7250 0.0075 0.0125
3 0.6188 0.6156 0.0063 0.0125
3 0.6438 0.6094 0.0063 0.0125
3 0.6937 0.6109 0.0063 0.0125
3 0.6787 0.5431 0.0138 0.0050
3 0.6937 0.5453 0.0125 0.0063
3 0.6781 0.5672 0.0125 0.0063
3 0.6900 0.5697 0.0112 0.0050
3 0.6781 0.5806 0.0125 0.0050
3 0.6491 0.5822 0.0138 0.0050
3 0.6359 0.5744 0.0125 0.0050
3 0.6047 0.5656 0.0125 0.0063
3 0.6059 0.5588 0.0150 0.0050
3 0.6059 0.5453 0.0150 0.0063
3 0.6062 0.5338 0.0125 0.0050
3 0.6091 0.5125 0.0150 0.0063
3 0.5850 0.4953 0.0138 0.0125
3 0.6088 0.4922 0.0175 0.0063
3 0.6084 0.4756 0.0138 0.0075
3 0.6094 0.4688 0.0125 0.0063
3 0.6106 0.4431 0.0150 0.0050
3 0.6428 0.4562 0.0138 0.0063
3 0.6428 0.4478 0.0138 0.0050
3 0.6425 0.4359 0.0163 0.0063
3 0.6425 0.4281 0.0163 0.0063
3 0.6444 0.4181 0.0138 0.0050
3 0.6106 0.4250 0.0150 0.0063
3 0.6791 0.5509 0.0112 0.0050
3 0.6797 0.5578 0.0125 0.0063
3 0.6500 0.5625 0.0125 0.0063
3 0.7884 0.5991 0.0050 0.0138
3 0.7141 0.6131 0.0063 0.0138
3 0.7203 0.6147 0.0063 0.0138
3 0.7322 0.6153 0.0050 0.0150
3 0.7438 0.6166 0.0063 0.0112
3 0.7634 0.5938 0.0112 0.0063
3 0.7641 0.5869 0.0125 0.0050
3 0.7641 0.5813 0.0125 0.0063
3 0.7225 0.5719 0.0138 0.0063
3 0.7353 0.5609 0.0112 0.0063
3 0.7356 0.5334 0.0150 0.0075
3 0.7662 0.5500 0.0138 0.0063
3 0.6375 0.5491 0.0125 0.0075
3 0.8075 0.5609 0.0087 0.0063
3 0.8053 0.5469 0.0138 0.0063
3 0.8088 0.5375 0.0112 0.0063
3 0.8369 0.4906 0.0050 0.0125
3 0.7944 0.4981 0.0138 0.0212
3 0.7697 0.4853 0.0112 0.0112
3 0.7688 0.4775 0.0125 0.0112
3 0.7709 0.4328 0.0138 0.0125
3 0.6500 0.5431 0.0125 0.0050
3 0.6494 0.5500 0.0112 0.0063
3 0.7438 0.9684 0.0125 0.0087
3 0.8703 0.9681 0.0063 0.0112
3 0.9163 0.4281 0.0138 0.0063
3 0.9228 0.0125 0.0112 0.0063
3 0.9922 0.7244 0.0063 0.0112
3 0.7463 0.9931 0.0112 0.0050
3 0.6072 0.3859 0.0112 0.0063
3 0.9172 0.4016 0.0125 0.0063
3 0.2919 0.2362 0.0087 0.0163
3 0.1372 0.0181 0.0212 0.0175
3 0.5331 0.0978 0.0100 0.0050
3 0.5322 0.1141 0.0112 0.0063
3 0.5338 0.1212 0.0112 0.0050
3 0.5312 0.1297 0.0125 0.0063
3 0.5344 0.1381 0.0125 0.0075
3 0.5328 0.1447 0.0125 0.0050
3 0.5328 0.1525 0.0125 0.0050
3 0.5316 0.1644 0.0100 0.0037
3 0.4681 0.1541 0.0050 0.0112
3 0.4813 0.1541 0.0063 0.0112
3 0.4869 0.1656 0.0050 0.0125
3 0.4744 0.1688 0.0050 0.0125
3 0.5103 0.1766 0.0112 0.0125
3 0.5188 0.1938 0.0063 0.0125
3 0.3000 0.2838 0.0063 0.0112
3 0.3122 0.2800 0.0087 0.0163
3 0.2100 0.2631 0.0138 0.0075
3 0.2437 0.2603 0.0063 0.0112
3 0.2506 0.2619 0.0075 0.0112
3 0.2587 0.2622 0.0112 0.0150
3 0.2922 0.2016 0.0063 0.0125
3 0.2844 0.2234 0.0063 0.0125
3 0.2913 0.2169 0.0075 0.0150
3 0.5334 0.0828 0.0138 0.0063
3 0.5344 0.0750 0.0125 0.0063
3 0.5344 0.0681 0.0125 0.0050
3 0.4697 0.0400 0.0050 0.0112
3 0.2225 0.1278 0.0263 0.0212
3 0.2281 0.1175 0.0250 0.0225
3 0.4984 0.0656 0.0063 0.0125
3 0.4912 0.0666 0.0075 0.0112
3 0.4828 0.0656 0.0063 0.0125
3 0.4775 0.0656 0.0050 0.0125
3 0.4594 0.0588 0.0125 0.0050
3 0.4588 0.0516 0.0112 0.0063
3 0.4600 0.0437 0.0138 0.0063
3 0.4594 0.0359 0.0125 0.0063
3 0.4791 0.0406 0.0050 0.0125
3 0.5328 0.0578 0.0125 0.0125
3 0.4853 0.0400 0.0050 0.0112
3 0.4928 0.0375 0.0075 0.0125
3 0.5000 0.0412 0.0063 0.0138
3 0.5078 0.0412 0.0063 0.0138
3 0.5088 0.0522 0.0112 0.0075
3 0.5156 0.0331 0.0063 0.0100
3 0.4906 0.0197 0.0125 0.0050
3 0.5037 0.0197 0.0138 0.0050
3 0.5325 0.0344 0.0087 0.0125
3 0.5331 0.0453 0.0100 0.0125
3 0.7969 0.3884 0.0063 0.0112
3 0.6141 0.0209 0.0125 0.0075
3 0.7072 0.3447 0.0050 0.0112
3 0.6600 0.3403 0.0075 0.0150
3 0.6478 0.3400 0.0050 0.0112
3 0.7406 0.2809 0.0125 0.0150
3 0.7734 0.3000 0.0125 0.0063
3 0.8416 0.3063 0.0050 0.0125
3 0.9019 0.3056 0.0100 0.0175
3 0.8978 0.3009 0.0050 0.0112
3 0.8812 0.2978 0.0063 0.0112
3 0.8203 0.2978 0.0125 0.0050
3 0.8247 0.2797 0.0150 0.0063
3 0.8025 0.2700 0.0050 0.0150
3 0.8234 0.2328 0.0125 0.0063
3 0.8259 0.2150 0.0112 0.0050
3 0.8256 0.2062 0.0138 0.0063
3 0.6634 0.1775 0.0112 0.0050
3 0.6625 0.1475 0.0125 0.0138
3 0.6631 0.1391 0.0138 0.0125
3 0.6622 0.1266 0.0150 0.0125
3 0.7812 0.1431 0.0125 0.0112
3 0.7816 0.1222 0.0163 0.0163
3 0.7144 0.0500 0.0163 0.0063
3 0.6169 0.0412 0.0087 0.0138
3 0.3000 0.3225 0.0063 0.0138
3 0.2834 0.3166 0.0075 0.0112
