3 0.1413 0.1456 0.0138 0.0100
3 0.4034 0.1369 0.0100 0.0175
3 0.3250 0.1250 0.0063 0.0125
3 0.1959 0.2653 0.0200 0.0087
3 0.1197 0.2791 0.0112 0.0112
3 0.1166 0.2734 0.0112 0.0125
3 0.1122 0.2475 0.0087 0.0200
3 0.1131 0.2706 0.0138 0.0163
3 0.1387 0.1716 0.0150 0.0087
3 0.1394 0.1659 0.0100 0.0037
3 0.1406 0.1591 0.0125 0.0087
3 0.1391 0.1337 0.0125 0.0112
3 0.3547 0.0250 0.0125 0.0063
3 0.3563 0.0184 0.0125 0.0087
3 0.4850 0.0366 0.0138 0.0075
3 0.4881 0.0250 0.0138 0.0063
3 0.6172 0.0400 0.0187 0.0112
3 0.6241 0.1150 0.0138 0.0112
3 0.6153 0.1484 0.0150 0.0063
3 0.2378 0.3525 0.0163 0.0112
3 0.4131 0.1425 0.0075 0.0163
3 0.4650 0.1022 0.0112 0.0075
3 0.4713 0.0781 0.0112 0.0063
3 0.4781 0.0519 0.0187 0.0100
3 0.6403 0.9537 0.0087 0.0138
3 0.6334 0.9544 0.0075 0.0150
3 0.6278 0.9575 0.0087 0.0150
3 0.6206 0.9606 0.0100 0.0150
3 0.6153 0.9600 0.0087 0.0138
3 0.1778 0.7987 0.0087 0.0100
3 0.1641 0.8144 0.0125 0.0100
3 0.0228 0.8347 0.0112 0.0225
3 0.4219 0.4537 0.0063 0.0138
3 0.4441 0.4506 0.0100 0.0075
3 0.4416 0.4456 0.0112 0.0100
3 0.2797 0.2284 0.0063 0.0100
3 0.2969 0.3087 0.0063 0.0175
3 0.2616 0.3622 0.0075 0.0150
3 0.3328 0.4338 0.0063 0.0112
3 0.4287 0.4256 0.0263 0.0075
3 0.4809 0.0434 0.0150 0.0087
3 0.1878 0.5400 0.0163 0.0112
3 0.6528 0.0481 0.0087 0.0150
3 0.6497 0.0625 0.0087 0.0125
