3 0.2194 0.1969 0.0075 0.0125
3 0.2794 0.5219 0.0087 0.0125
3 0.2719 0.4688 0.0063 0.0125
3 0.2419 0.4231 0.0087 0.0150
3 0.2631 0.3641 0.0075 0.0125
3 0.2356 0.3522 0.0087 0.0138
3 0.2631 0.2850 0.0075 0.0138
3 0.2506 0.2522 0.0075 0.0138
3 0.2013 0.0109 0.0087 0.0125
3 0.2000 0.1034 0.0125 0.0225
3 0.2938 0.5681 0.0063 0.0112
3 0.2888 0.6366 0.0087 0.0138
3 0.2662 0.6497 0.0075 0.0150
3 0.3081 0.7450 0.0100 0.0212
3 0.3312 0.9784 0.0063 0.0163
3 0.2856 0.9831 0.0087 0.0163
3 0.3178 0.9287 0.0075 0.0138
3 0.3187 0.8613 0.0125 0.0225
3 0.3078 0.8475 0.0063 0.0138
3 0.3006 0.7609 0.0075 0.0125
