3 0.9609 0.6306 0.0312 0.0175
3 0.5581 0.5766 0.0287 0.0125
3 0.5581 0.5909 0.0225 0.0100
3 0.5597 0.6072 0.0225 0.0112
3 0.5559 0.6206 0.0275 0.0100
3 0.5556 0.6356 0.0300 0.0150
3 0.5481 0.6531 0.0275 0.0125
3 0.4222 0.7184 0.0225 0.0087
3 0.2781 0.8606 0.0250 0.0275
3 0.2516 0.5256 0.0125 0.0325
3 0.2516 0.5606 0.0125 0.0212
3 0.9875 0.7725 0.0250 0.0138
3 0.9581 0.6613 0.0225 0.0163
3 0.9656 0.6088 0.0250 0.0112
3 0.9822 0.4819 0.0238 0.0138
3 0.9703 0.5513 0.0250 0.0150
3 0.4566 0.7734 0.0225 0.0312
