3 0.1953 0.7103 0.0125 0.0238
3 0.0731 0.7428 0.0150 0.0263
3 0.0703 0.8294 0.0125 0.0275
3 0.2013 0.8762 0.0150 0.0338
3 0.1381 0.8713 0.0138 0.0238
3 0.0928 0.8703 0.0138 0.0312
3 0.0656 0.9484 0.0125 0.0250
3 0.1534 0.9537 0.0100 0.0263
3 0.1219 0.7084 0.0125 0.0263
3 0.0469 0.7056 0.0125 0.0300
3 0.2162 0.6316 0.0138 0.0287
3 0.5281 0.9375 0.0125 0.0312
3 0.4412 0.2750 0.0138 0.0312
3 0.4437 0.2434 0.0125 0.0275
3 0.4116 0.2706 0.0138 0.0287
3 0.3369 0.2697 0.0112 0.0300
3 0.3069 0.2687 0.0138 0.0312
3 0.7094 0.5928 0.0125 0.0263
3 0.6844 0.6231 0.0125 0.0275
3 0.6062 0.7253 0.0125 0.0287
3 0.3044 0.9253 0.0150 0.0287
3 0.1475 0.7516 0.0138 0.0312
3 0.3344 0.9000 0.0125 0.0312
3 0.3516 0.8972 0.0125 0.0287
3 0.3822 0.8988 0.0112 0.0287
3 0.4284 0.8291 0.0163 0.0362
3 0.4003 0.7991 0.0163 0.0325
3 0.3544 0.8300 0.0150 0.0287
3 0.3109 0.8213 0.0125 0.0300
3 0.3434 0.7278 0.0150 0.0338
3 0.3147 0.7269 0.0138 0.0350
3 0.2969 0.7281 0.0125 0.0312
3 0.0884 0.7488 0.0112 0.0287
3 0.6947 0.8637 0.0112 0.0275
3 0.5953 0.9275 0.0125 0.0300
3 0.7231 0.3644 0.0150 0.0287
3 0.7581 0.9381 0.0163 0.0263
3 0.8384 0.8694 0.0175 0.0325
3 0.8659 0.8744 0.0163 0.0300
3 0.7416 0.8634 0.0175 0.0300
3 0.7803 0.8619 0.0138 0.0362
3 0.9269 0.7369 0.0350 0.0175
3 0.9231 0.7184 0.0338 0.0150
3 0.9228 0.6825 0.0300 0.0150
3 0.9213 0.6031 0.0300 0.0125
3 0.8544 0.5797 0.0275 0.0125
3 0.9256 0.3063 0.0325 0.0125
3 0.4275 0.2731 0.0112 0.0338
3 0.4316 0.2419 0.0100 0.0275
3 0.4053 0.1628 0.0138 0.0287
3 0.6025 0.8125 0.0175 0.0312
3 0.1719 0.6300 0.0125 0.0287
3 0.0500 0.9469 0.0125 0.0375
3 0.0334 0.9431 0.0138 0.0362
3 0.7047 0.6291 0.0187 0.0362
3 0.6084 0.6912 0.0138 0.0263
3 0.6869 0.9956 0.0112 0.0100
3 0.9213 0.7584 0.0300 0.0138
3 0.8756 0.5178 0.0263 0.0138
3 0.9078 0.5203 0.0250 0.0125
3 0.3675 0.2709 0.0100 0.0263
3 0.4938 0.1703 0.0125 0.0250
3 0.4838 0.9075 0.0112 0.0275
3 0.2881 0.9284 0.0138 0.0287
3 0.2891 0.8950 0.0125 0.0338
3 0.3044 0.8981 0.0087 0.0212
3 0.3206 0.9003 0.0100 0.0225
3 0.5350 0.8387 0.0138 0.0338
3 0.4572 0.9050 0.0112 0.0287
3 0.3509 0.2703 0.0112 0.0250
3 0.3681 0.2391 0.0112 0.0250
3 0.3837 0.2372 0.0112 0.0275
3 0.3131 0.1628 0.0138 0.0225
3 0.4350 0.1638 0.0138 0.0275
3 0.4484 0.1653 0.0125 0.0275
3 0.4650 0.1666 0.0112 0.0238
3 0.6100 0.6550 0.0138 0.0287
3 0.8316 0.8162 0.0350 0.0138
3 0.7603 0.8656 0.0112 0.0250
3 0.0878 0.1466 0.0163 0.0275
3 0.1413 0.6294 0.0138 0.0275
3 0.5094 0.1741 0.0125 0.0325
3 0.5272 0.5278 0.0138 0.0275
3 0.4706 0.4906 0.0163 0.0375
3 0.5594 0.5328 0.0125 0.0312
