3 0.9969 0.3634 0.0063 0.0238
3 0.8794 0.3959 0.0150 0.0263
3 0.8750 0.4809 0.0125 0.0275
3 0.9428 0.5228 0.0138 0.0238
3 0.8975 0.5234 0.0138 0.0312
3 0.8703 0.6016 0.0125 0.0250
3 0.9581 0.6069 0.0100 0.0263
3 0.8522 0.7141 0.0263 0.0125
3 0.9644 0.7569 0.0287 0.0138
3 0.9156 0.9213 0.0125 0.0238
3 0.9016 0.9209 0.0125 0.0263
3 0.8703 0.9184 0.0125 0.0275
3 0.8259 0.9156 0.0112 0.0250
3 0.9088 0.8334 0.0112 0.0263
3 0.9250 0.8356 0.0125 0.0275
3 0.8659 0.8344 0.0100 0.0250
3 0.8228 0.8350 0.0112 0.0263
3 0.9281 0.3600 0.0125 0.0263
3 0.8516 0.3588 0.0125 0.0300
3 0.9522 0.4047 0.0138 0.0312
3 0.8931 0.4003 0.0112 0.0287
3 0.2822 0.0234 0.0238 0.0125
3 0.2800 0.0412 0.0287 0.0138
3 0.2800 0.0738 0.0225 0.0100
3 0.2800 0.0900 0.0287 0.0112
3 0.3319 0.4813 0.0263 0.0125
3 0.3569 0.5406 0.0263 0.0125
3 0.3706 0.3616 0.0225 0.0138
3 0.3391 0.3297 0.0250 0.0125
3 0.3359 0.3469 0.0250 0.0125
3 0.3309 0.4350 0.0275 0.0138
3 0.2812 0.1041 0.0250 0.0112
3 0.3372 0.3906 0.0275 0.0125
3 0.3378 0.3741 0.0287 0.0138
3 0.2547 0.5341 0.0250 0.0150
3 0.2562 0.5056 0.0250 0.0112
3 0.2587 0.4775 0.0300 0.0112
3 0.3506 0.0344 0.0325 0.0125
3 0.3506 0.0194 0.0325 0.0138
3 0.2694 0.2266 0.0263 0.0125
3 0.2791 0.1197 0.0238 0.0112
3 0.2831 0.0059 0.0287 0.0087
3 0.3509 0.0053 0.0362 0.0075
3 0.3509 0.1075 0.0238 0.0087
3 0.3475 0.1241 0.0263 0.0138
3 0.9781 0.2816 0.0125 0.0287
3 0.2728 0.1788 0.0300 0.0138
3 0.3225 0.5397 0.0325 0.0138
3 0.8547 0.6000 0.0125 0.0375
3 0.8381 0.5963 0.0138 0.0362
3 0.9597 0.9216 0.0163 0.0338
3 0.9981 0.9244 0.0025 0.0300
3 0.8850 0.9194 0.0138 0.0325
3 0.8941 0.8359 0.0100 0.0312
3 0.8822 0.8356 0.0112 0.0275
3 0.8472 0.8378 0.0163 0.0350
3 0.1969 0.7166 0.0312 0.0112
3 0.7559 0.7484 0.0338 0.0125
3 0.3638 0.5244 0.0275 0.0112
3 0.3463 0.2131 0.0300 0.0138
3 0.3628 0.4969 0.0287 0.0125
3 0.3650 0.4816 0.0300 0.0163
3 0.3644 0.4675 0.0287 0.0163
3 0.3666 0.4503 0.0300 0.0163
3 0.3678 0.4194 0.0263 0.0138
3 0.3675 0.4053 0.0287 0.0138
3 0.4437 0.3606 0.0312 0.0150
3 0.3691 0.3766 0.0287 0.0187
3 0.3469 0.1547 0.0250 0.0125
3 0.2725 0.1975 0.0325 0.0138
3 0.2731 0.2125 0.0275 0.0125
3 0.5531 0.7356 0.0250 0.0150
3 0.3325 0.4966 0.0212 0.0150
3 0.2728 0.1650 0.0300 0.0112
3 0.3294 0.5106 0.0275 0.0150
3 0.2638 0.3922 0.0212 0.0125
3 0.2641 0.3766 0.0250 0.0125
3 0.4347 0.4725 0.0225 0.0138
3 0.3513 0.0953 0.0275 0.0125
3 0.3500 0.0813 0.0250 0.0125
3 0.3503 0.0663 0.0225 0.0138
3 0.3503 0.0484 0.0225 0.0125
3 0.2747 0.1503 0.0275 0.0100
3 0.3422 0.1991 0.0250 0.0138
3 0.3438 0.1725 0.0250 0.0138
3 0.3422 0.1406 0.0312 0.0125
3 0.4888 0.6919 0.0338 0.0150
3 0.4412 0.3412 0.0325 0.0138
3 0.9459 0.2809 0.0138 0.0275
