3 0.6128 0.9753 0.0163 0.0163
3 0.6231 0.9734 0.0150 0.0125
3 0.6316 0.9716 0.0163 0.0150
3 0.6412 0.9678 0.0138 0.0138
3 0.6487 0.9675 0.0163 0.0163
3 0.7325 0.9694 0.0087 0.0200
3 0.7456 0.9625 0.0100 0.0187
3 0.6031 0.9788 0.0187 0.0138
3 0.5925 0.9788 0.0163 0.0138
3 0.5809 0.9803 0.0150 0.0138
3 0.5737 0.9825 0.0163 0.0150
3 0.5509 0.9762 0.0112 0.0150
3 0.5409 0.9772 0.0100 0.0138
3 0.5312 0.9778 0.0125 0.0150
3 0.4906 0.9847 0.0125 0.0163
3 0.4997 0.9825 0.0087 0.0150
3 0.5109 0.9803 0.0125 0.0138
3 0.5212 0.9812 0.0112 0.0125
3 0.4916 0.9969 0.0112 0.0063
3 0.5044 0.9950 0.0150 0.0087
3 0.5122 0.9928 0.0150 0.0138
3 0.5237 0.9938 0.0163 0.0125
3 0.5363 0.9925 0.0163 0.0163
3 0.5456 0.9912 0.0163 0.0138
3 0.5544 0.9872 0.0150 0.0150
3 0.5634 0.9850 0.0175 0.0138
3 0.5713 0.9688 0.0112 0.0125
3 0.5597 0.9700 0.0100 0.0150
3 0.5800 0.9678 0.0100 0.0138
3 0.5894 0.9669 0.0100 0.0150
3 0.6103 0.9287 0.0175 0.0138
3 0.5372 0.9419 0.0150 0.0150
3 0.5481 0.9419 0.0150 0.0150
3 0.5597 0.9397 0.0163 0.0138
3 0.5713 0.9381 0.0175 0.0138
3 0.5806 0.9350 0.0175 0.0138
3 0.5903 0.9334 0.0150 0.0138
3 0.5981 0.9303 0.0150 0.0138
3 0.6175 0.9272 0.0163 0.0138
3 0.6269 0.9225 0.0163 0.0138
3 0.6500 0.9516 0.0125 0.0125
3 0.6406 0.9537 0.0125 0.0138
3 0.6284 0.9569 0.0100 0.0138
3 0.6188 0.9581 0.0125 0.0163
3 0.6094 0.9606 0.0125 0.0150
3 0.5988 0.9622 0.0100 0.0150
3 0.5300 0.9434 0.0163 0.0150
3 0.5197 0.9463 0.0175 0.0112
3 0.5059 0.9475 0.0150 0.0138
3 0.4978 0.9497 0.0175 0.0150
3 0.4397 0.9644 0.0200 0.0163
3 0.4487 0.9622 0.0163 0.0150
3 0.4606 0.9587 0.0150 0.0112
3 0.4694 0.9572 0.0138 0.0112
3 0.4781 0.9556 0.0125 0.0112
3 0.4862 0.9531 0.0163 0.0125
3 0.9750 0.3509 0.0250 0.0112
3 0.9775 0.3859 0.0238 0.0125
3 0.9844 0.4056 0.0250 0.0112
3 0.9850 0.4125 0.0200 0.0125
3 0.8762 0.3272 0.0087 0.0200
3 0.9956 0.1225 0.0100 0.0200
3 0.9950 0.1491 0.0087 0.0138
3 0.9944 0.9091 0.0075 0.0150
3 0.9959 0.9078 0.0075 0.0187
3 0.8975 0.3387 0.0138 0.0087
