3 0.1775 0.4909 0.0238 0.0537
3 0.2994 0.7219 0.0175 0.0437
3 0.3669 0.2503 0.0588 0.0287
3 0.3862 0.0141 0.0225 0.0250
3 0.5728 0.0094 0.0175 0.0125
3 0.5537 0.0156 0.0138 0.0125
3 0.5341 0.0216 0.0150 0.0087
3 0.5244 0.0263 0.0175 0.0087
3 0.3756 0.4128 0.0075 0.0163
3 0.3112 0.4062 0.0163 0.0125
3 0.5844 0.0059 0.0187 0.0087
3 0.5119 0.0294 0.0175 0.0150
3 0.4972 0.0275 0.0163 0.0112
3 0.2972 0.0884 0.0100 0.0175
3 0.3025 0.0863 0.0112 0.0163
3 0.3119 0.0816 0.0112 0.0163
3 0.3184 0.0809 0.0087 0.0150
3 0.3222 0.0794 0.0100 0.0150
3 0.3297 0.0769 0.0125 0.0163
3 0.3387 0.0756 0.0087 0.0138
3 0.3475 0.0725 0.0075 0.0138
3 0.3853 0.0537 0.0112 0.0138
3 0.3484 0.0422 0.0125 0.0063
3 0.3475 0.0341 0.0138 0.0087
3 0.3441 0.0263 0.0163 0.0087
3 0.0872 0.0109 0.0150 0.0125
3 0.2913 0.0947 0.0138 0.0238
3 0.2256 0.1209 0.0450 0.0138
3 0.3219 0.1447 0.0187 0.0112
3 0.2787 0.0984 0.0138 0.0187
3 0.2519 0.1038 0.0100 0.0138
3 0.1250 0.0813 0.0187 0.0125
