3 0.2200 0.1275 0.0525 0.0238
3 0.2947 0.1128 0.0488 0.0287
3 0.1325 0.1469 0.0462 0.0250
3 0.1350 0.1553 0.0512 0.0263
3 0.1387 0.1659 0.0462 0.0225
3 0.2031 0.0694 0.0312 0.0200
3 0.2425 0.0919 0.0537 0.0275
3 0.8516 0.2350 0.0312 0.0512
3 0.1341 0.6728 0.0525 0.0300
3 0.3275 0.9531 0.0238 0.0437
3 0.3153 0.9537 0.0275 0.0450
3 0.0537 0.9662 0.0200 0.0138
3 0.2256 0.0813 0.0075 0.0187
3 0.2369 0.0791 0.0112 0.0175
3 0.2441 0.0750 0.0100 0.0187
3 0.2531 0.0744 0.0125 0.0175
3 0.2612 0.0697 0.0100 0.0175
3 0.2272 0.0478 0.0138 0.0175
3 0.2413 0.0441 0.0138 0.0163
3 0.2497 0.0400 0.0087 0.0175
3 0.2587 0.0369 0.0112 0.0175
3 0.3347 0.8962 0.0100 0.0112
3 0.3469 0.9303 0.0125 0.0200
3 0.3362 0.9319 0.0287 0.0512
3 0.3438 0.9916 0.0125 0.0175
3 0.3331 0.9959 0.0100 0.0075
3 0.2850 0.8844 0.0200 0.0125
3 0.3287 0.8797 0.0138 0.0187
3 0.8113 0.7578 0.0163 0.0125
3 0.2656 0.0353 0.0125 0.0175
3 0.8031 0.7463 0.0125 0.0112
3 0.2766 0.0319 0.0125 0.0200
3 0.4763 0.0041 0.0087 0.0050
3 0.4650 0.0053 0.0112 0.0075
3 0.4494 0.0078 0.0112 0.0125
3 0.4406 0.0097 0.0125 0.0163
3 0.4322 0.0112 0.0112 0.0163
3 0.3100 0.8359 0.0138 0.0125
3 0.8044 0.7378 0.0150 0.0100
