3 0.2925 0.8306 0.0287 0.0362
3 0.2878 0.7781 0.0475 0.0625
3 0.2894 0.7456 0.0475 0.0600
3 0.2966 0.7066 0.0275 0.0350
3 0.2994 0.6444 0.0300 0.0387
3 0.3050 0.5791 0.0287 0.0362
3 0.2581 0.5875 0.0100 0.0312
3 0.2725 0.5162 0.0263 0.0387
3 0.3225 0.4675 0.0325 0.0412
3 0.4100 0.0116 0.0200 0.0200
3 0.3922 0.0344 0.0125 0.0375
3 0.2450 0.0969 0.0087 0.0563
3 0.4200 0.0519 0.0275 0.0350
3 0.4209 0.1456 0.0263 0.0350
3 0.2112 0.1922 0.0100 0.0375
3 0.3131 0.4278 0.0263 0.0338
3 0.2966 0.5619 0.0462 0.0613
3 0.2681 0.0613 0.0112 0.0037
3 0.3513 0.0572 0.0150 0.0050
3 0.3497 0.0641 0.0150 0.0063
3 0.3500 0.0697 0.0125 0.0050
3 0.2697 0.0269 0.0175 0.0100
3 0.2694 0.0312 0.0138 0.0063
3 0.2678 0.0428 0.0138 0.0075
3 0.2669 0.0494 0.0150 0.0050
3 0.2672 0.0556 0.0125 0.0050
3 0.2678 0.0672 0.0138 0.0063
3 0.3134 0.0822 0.0050 0.0112
3 0.2666 0.0713 0.0112 0.0050
3 0.2672 0.0766 0.0125 0.0063
3 0.2656 0.0822 0.0125 0.0050
3 0.2662 0.0881 0.0138 0.0075
3 0.2644 0.0947 0.0163 0.0050
3 0.2922 0.0838 0.0063 0.0112
3 0.2978 0.0822 0.0050 0.0112
3 0.3044 0.0803 0.0087 0.0138
3 0.3516 0.0509 0.0125 0.0050
3 0.3500 0.0425 0.0125 0.0037
3 0.3522 0.0353 0.0138 0.0050
3 0.3303 0.0353 0.0138 0.0050
3 0.3056 0.0563 0.0050 0.0125
3 0.3109 0.0572 0.0063 0.0112
3 0.3178 0.0563 0.0075 0.0125
3 0.3228 0.0572 0.0050 0.0112
3 0.3281 0.0584 0.0063 0.0138
3 0.3281 0.0447 0.0063 0.0112
3 0.3209 0.0447 0.0075 0.0112
3 0.3119 0.0447 0.0050 0.0112
3 0.3047 0.0428 0.0063 0.0138
3 0.2994 0.0437 0.0050 0.0125
3 0.2938 0.0437 0.0063 0.0125
3 0.2938 0.0594 0.0063 0.0125
3 0.3134 0.0338 0.0112 0.0050
3 0.3087 0.0822 0.0050 0.0112
3 0.3194 0.0838 0.0075 0.0112
3 0.3422 0.2331 0.0125 0.0037
3 0.2956 0.1319 0.0037 0.0138
3 0.2647 0.1225 0.0138 0.0075
3 0.2656 0.1306 0.0125 0.0050
3 0.3469 0.1609 0.0125 0.0063
3 0.3469 0.1375 0.0125 0.0063
3 0.3466 0.1306 0.0150 0.0050
3 0.3181 0.1331 0.0050 0.0100
3 0.3063 0.1334 0.0063 0.0138
3 0.3009 0.1322 0.0050 0.0112
3 0.2875 0.1313 0.0063 0.0125
3 0.3275 0.0822 0.0050 0.0112
3 0.2656 0.1462 0.0125 0.0050
3 0.3225 0.1712 0.0075 0.0112
3 0.3053 0.1709 0.0075 0.0138
3 0.3166 0.1703 0.0050 0.0125
3 0.2881 0.1684 0.0075 0.0150
3 0.3438 0.1891 0.0125 0.0063
3 0.3456 0.2119 0.0100 0.0050
3 0.3431 0.2166 0.0112 0.0050
3 0.2662 0.1109 0.0138 0.0063
3 0.2669 0.1016 0.0150 0.0063
3 0.2959 0.1600 0.0075 0.0138
3 0.2884 0.1159 0.0050 0.0100
3 0.3491 0.0797 0.0138 0.0063
3 0.3500 0.0869 0.0125 0.0050
3 0.3475 0.0925 0.0138 0.0037
3 0.3488 0.0978 0.0163 0.0050
3 0.3244 0.0969 0.0050 0.0125
3 0.3191 0.0944 0.0037 0.0138
3 0.3141 0.0928 0.0063 0.0138
3 0.3072 0.0950 0.0050 0.0150
3 0.2913 0.0944 0.0075 0.0138
3 0.3475 0.1087 0.0138 0.0050
3 0.3488 0.1147 0.0163 0.0075
3 0.3475 0.1203 0.0138 0.0063
3 0.3187 0.1219 0.0063 0.0125
3 0.3112 0.1219 0.0037 0.0125
3 0.3063 0.1203 0.0063 0.0125
3 0.3009 0.1206 0.0050 0.0100
3 0.2947 0.1181 0.0050 0.0112
3 0.3306 0.0212 0.0050 0.0112
3 0.3119 0.0200 0.0050 0.0087
3 0.3056 0.0191 0.0050 0.0100
3 0.3009 0.0197 0.0050 0.0112
3 0.2938 0.0181 0.0063 0.0112
3 0.2719 0.0041 0.0125 0.0050
3 0.3181 0.0187 0.0050 0.0125
3 0.3250 0.0078 0.0063 0.0125
3 0.3297 0.0094 0.0063 0.0125
3 0.3125 0.0078 0.0063 0.0125
3 0.3081 0.0072 0.0037 0.0112
3 0.3009 0.0078 0.0050 0.0125
3 0.2938 0.0072 0.0063 0.0112
3 0.3525 0.0022 0.0112 0.0013
3 0.3431 0.2234 0.0112 0.0063
3 0.3412 0.2406 0.0138 0.0063
3 0.3194 0.2462 0.0075 0.0112
3 0.3041 0.2728 0.0050 0.0112
3 0.2619 0.2141 0.0112 0.0063
3 0.2609 0.2266 0.0125 0.0063
3 0.2600 0.2337 0.0138 0.0050
3 0.2609 0.2437 0.0125 0.0063
3 0.2606 0.2494 0.0150 0.0050
3 0.2609 0.2578 0.0125 0.0063
3 0.3153 0.2731 0.0087 0.0150
3 0.3094 0.2719 0.0063 0.0125
3 0.2994 0.2728 0.0050 0.0112
3 0.2906 0.2728 0.0063 0.0112
3 0.2850 0.2719 0.0075 0.0125
3 0.2800 0.2706 0.0037 0.0100
3 0.2731 0.2731 0.0087 0.0150
3 0.5578 0.3100 0.0125 0.0075
3 0.5591 0.3016 0.0150 0.0063
3 0.5591 0.2950 0.0150 0.0087
3 0.5422 0.3019 0.0063 0.0163
3 0.2616 0.2072 0.0138 0.0050
3 0.2606 0.2022 0.0150 0.0075
3 0.2631 0.1931 0.0138 0.0050
3 0.2922 0.1944 0.0063 0.0138
3 0.3125 0.2447 0.0063 0.0112
3 0.3056 0.2453 0.0050 0.0125
3 0.3009 0.2444 0.0050 0.0138
3 0.2963 0.2431 0.0050 0.0112
3 0.2900 0.2431 0.0050 0.0112
3 0.2844 0.2444 0.0063 0.0138
3 0.3194 0.2337 0.0075 0.0112
3 0.3134 0.2313 0.0050 0.0125
3 0.3056 0.2306 0.0050 0.0112
3 0.3019 0.2288 0.0037 0.0138
3 0.2841 0.2297 0.0087 0.0125
3 0.3153 0.1953 0.0087 0.0125
3 0.3212 0.2084 0.0050 0.0138
3 0.3109 0.2084 0.0063 0.0138
3 0.2938 0.2062 0.0063 0.0125
3 0.2875 0.2072 0.0063 0.0112
3 0.2984 0.1947 0.0063 0.0112
3 0.5338 0.3694 0.0112 0.0138
3 0.5225 0.3584 0.0138 0.0138
3 0.5837 0.4162 0.0050 0.0138
3 0.1703 0.7234 0.0063 0.0125
3 0.1928 0.2709 0.0075 0.0138
3 0.1931 0.2237 0.0050 0.0100
3 0.1944 0.2091 0.0075 0.0150
3 0.1762 0.5413 0.0087 0.0138
3 0.1922 0.2547 0.0063 0.0125
3 0.1928 0.2372 0.0075 0.0150
3 0.1956 0.1909 0.0100 0.0163
3 0.2006 0.0694 0.0075 0.0138
3 0.1653 0.0531 0.0150 0.0063
3 0.1653 0.0328 0.0150 0.0063
3 0.1663 0.0119 0.0138 0.0050
3 0.1672 0.0041 0.0125 0.0050
3 0.5781 0.4162 0.0063 0.0138
3 0.5713 0.4141 0.0050 0.0125
3 0.5778 0.4556 0.0150 0.0050
3 0.3688 0.3341 0.0063 0.0150
3 0.2466 0.7878 0.0087 0.0163
3 0.2594 0.8475 0.0063 0.0138
3 0.2334 0.8794 0.0075 0.0150
3 0.1591 0.9781 0.0087 0.0187
3 0.1638 0.8584 0.0087 0.0138
3 0.2697 0.3453 0.0112 0.0125
3 0.1081 0.4428 0.0163 0.0075
3 0.2944 0.4069 0.0075 0.0138
3 0.2694 0.0166 0.0138 0.0112
