3 0.9031 0.6100 0.0437 0.0512
3 0.9081 0.6344 0.0287 0.0375
3 0.9216 0.3663 0.0275 0.0387
3 0.3144 0.3425 0.0350 0.0225
3 0.9072 0.3534 0.0238 0.0287
3 0.7075 0.2656 0.0212 0.0187
3 0.9072 0.3225 0.0238 0.0325
3 0.9097 0.5394 0.0412 0.0537
3 0.9159 0.4653 0.0287 0.0400
3 0.9172 0.4031 0.0312 0.0375
3 0.9113 0.5031 0.0287 0.0375
3 0.8572 0.6369 0.0112 0.0362
3 0.9022 0.6744 0.0450 0.0613
3 0.9012 0.7397 0.0462 0.0638
3 0.8719 0.7844 0.0125 0.0375
3 0.7247 0.8469 0.0087 0.0563
3 0.8988 0.8031 0.0287 0.0375
3 0.8991 0.8956 0.0263 0.0350
3 0.6894 0.9422 0.0100 0.0375
3 0.7463 0.8113 0.0112 0.0037
3 0.8294 0.8072 0.0150 0.0050
3 0.8294 0.8141 0.0150 0.0063
3 0.8281 0.8197 0.0125 0.0050
3 0.7494 0.7769 0.0175 0.0100
3 0.7475 0.7812 0.0138 0.0063
3 0.7475 0.7928 0.0138 0.0075
3 0.7466 0.7994 0.0150 0.0050
3 0.7469 0.8056 0.0125 0.0050
3 0.7475 0.8172 0.0138 0.0063
3 0.7931 0.8322 0.0050 0.0112
3 0.7463 0.8213 0.0112 0.0050
3 0.7469 0.8266 0.0125 0.0063
3 0.7453 0.8322 0.0125 0.0050
3 0.7459 0.8381 0.0138 0.0075
3 0.7425 0.8463 0.0163 0.0050
3 0.7703 0.8337 0.0063 0.0112
3 0.7759 0.8322 0.0050 0.0112
3 0.7825 0.8303 0.0087 0.0138
3 0.8297 0.8009 0.0125 0.0050
3 0.8281 0.7925 0.0125 0.0037
3 0.8303 0.7853 0.0138 0.0050
3 0.8100 0.7853 0.0138 0.0050
3 0.7512 0.7206 0.0150 0.0037
3 0.7516 0.7150 0.0125 0.0050
3 0.7516 0.7097 0.0125 0.0037
3 0.7537 0.7041 0.0138 0.0050
3 0.7838 0.8063 0.0050 0.0125
3 0.7891 0.8072 0.0063 0.0112
3 0.7959 0.8063 0.0075 0.0125
3 0.8009 0.8072 0.0050 0.0112
3 0.8063 0.8084 0.0063 0.0138
3 0.8063 0.7947 0.0063 0.0112
3 0.8006 0.7947 0.0075 0.0112
3 0.7900 0.7947 0.0050 0.0112
3 0.7828 0.7928 0.0063 0.0138
3 0.7775 0.7937 0.0050 0.0125
3 0.7719 0.7937 0.0063 0.0125
3 0.7719 0.8094 0.0063 0.0125
3 0.7916 0.7838 0.0112 0.0050
3 0.7869 0.8322 0.0050 0.0112
3 0.7991 0.8337 0.0075 0.0112
3 0.8219 0.9831 0.0125 0.0037
3 0.7737 0.8819 0.0037 0.0138
3 0.7428 0.8725 0.0138 0.0075
3 0.7438 0.8806 0.0125 0.0050
3 0.8250 0.9109 0.0125 0.0063
3 0.8266 0.8875 0.0125 0.0063
3 0.8247 0.8806 0.0150 0.0050
3 0.7978 0.8831 0.0050 0.0100
3 0.7859 0.8834 0.0063 0.0138
3 0.7806 0.8822 0.0050 0.0112
3 0.7672 0.8812 0.0063 0.0125
3 0.8056 0.8322 0.0050 0.0112
3 0.7453 0.8962 0.0125 0.0050
3 0.8006 0.9213 0.0075 0.0112
3 0.7834 0.9209 0.0075 0.0138
3 0.7947 0.9203 0.0050 0.0125
3 0.7662 0.9184 0.0075 0.0150
3 0.8219 0.9391 0.0125 0.0063
3 0.8238 0.9619 0.0100 0.0050
3 0.8213 0.9666 0.0112 0.0050
3 0.7444 0.8609 0.0138 0.0063
3 0.7450 0.8516 0.0150 0.0063
3 0.7756 0.9100 0.0075 0.0138
3 0.7681 0.8659 0.0050 0.0100
3 0.8287 0.8297 0.0138 0.0063
3 0.8281 0.8369 0.0125 0.0050
3 0.8272 0.8425 0.0138 0.0037
3 0.8284 0.8478 0.0163 0.0050
3 0.8041 0.8469 0.0050 0.0125
3 0.7987 0.8444 0.0037 0.0138
3 0.7937 0.8428 0.0063 0.0138
3 0.7869 0.8450 0.0050 0.0150
3 0.7694 0.8444 0.0075 0.0138
3 0.8256 0.8588 0.0138 0.0050
3 0.8269 0.8647 0.0163 0.0075
3 0.8256 0.8703 0.0138 0.0063
3 0.7984 0.8719 0.0063 0.0125
3 0.7909 0.8719 0.0037 0.0125
3 0.7859 0.8703 0.0063 0.0125
3 0.7806 0.8706 0.0050 0.0100
3 0.7744 0.8681 0.0050 0.0112
3 0.7512 0.7275 0.0150 0.0050
3 0.7506 0.7338 0.0138 0.0050
3 0.7506 0.7406 0.0138 0.0063
3 0.8025 0.6838 0.0112 0.0050
3 0.8387 0.5862 0.0150 0.0037
3 0.8381 0.5806 0.0138 0.0050
3 0.8378 0.5616 0.0163 0.0075
3 0.8366 0.5744 0.0138 0.0050
3 0.8078 0.6369 0.0125 0.0050
3 0.8069 0.6431 0.0138 0.0050
3 0.8025 0.6666 0.0112 0.0050
3 0.8022 0.6787 0.0138 0.0075
3 0.8119 0.6947 0.0050 0.0112
3 0.7509 0.7463 0.0112 0.0050
3 0.8047 0.6937 0.0063 0.0125
3 0.7994 0.6937 0.0050 0.0125
3 0.7937 0.6944 0.0063 0.0138
3 0.7881 0.6928 0.0075 0.0138
3 0.7828 0.6919 0.0063 0.0150
3 0.7775 0.6906 0.0050 0.0125
3 0.7719 0.6912 0.0063 0.0138
3 0.7634 0.6912 0.0050 0.0138
3 0.8381 0.5931 0.0138 0.0050
3 0.8369 0.6003 0.0112 0.0037
3 0.8359 0.6053 0.0125 0.0075
3 0.8369 0.6119 0.0112 0.0050
3 0.8206 0.4616 0.0100 0.0138
3 0.8225 0.4369 0.0138 0.0112
3 0.8241 0.4294 0.0138 0.0150
3 0.8281 0.4131 0.0125 0.0138
3 0.7562 0.4866 0.0063 0.0138
3 0.7375 0.5466 0.0063 0.0150
3 0.8097 0.5894 0.0100 0.0037
3 0.8100 0.5947 0.0138 0.0050
3 0.8075 0.6041 0.0150 0.0050
3 0.8084 0.6103 0.0138 0.0050
3 0.8084 0.6203 0.0138 0.0063
3 0.8072 0.6291 0.0112 0.0050
3 0.7750 0.7169 0.0063 0.0150
3 0.7812 0.7197 0.0063 0.0112
3 0.7931 0.7197 0.0050 0.0112
3 0.8088 0.7712 0.0050 0.0112
3 0.7916 0.7700 0.0050 0.0087
3 0.7853 0.7691 0.0050 0.0100
3 0.7806 0.7697 0.0050 0.0112
3 0.7734 0.7681 0.0063 0.0112
3 0.8350 0.7281 0.0138 0.0063
3 0.8350 0.7244 0.0138 0.0050
3 0.8344 0.7181 0.0125 0.0050
3 0.8344 0.7119 0.0125 0.0050
3 0.8356 0.7047 0.0150 0.0063
3 0.8344 0.7003 0.0125 0.0037
3 0.8344 0.6947 0.0125 0.0050
3 0.8344 0.6891 0.0125 0.0063
3 0.8344 0.6838 0.0125 0.0050
3 0.8353 0.6784 0.0112 0.0037
3 0.8350 0.6719 0.0138 0.0063
3 0.8363 0.6672 0.0163 0.0063
3 0.7500 0.7531 0.0125 0.0063
3 0.7978 0.7688 0.0050 0.0125
3 0.8344 0.7353 0.0125 0.0050
3 0.7975 0.7188 0.0075 0.0125
3 0.8328 0.7400 0.0125 0.0050
3 0.8031 0.7213 0.0063 0.0112
3 0.8119 0.7178 0.0050 0.0138
3 0.8103 0.7344 0.0050 0.0125
3 0.8041 0.7322 0.0050 0.0112
3 0.7984 0.7312 0.0063 0.0125
3 0.7925 0.7312 0.0037 0.0125
3 0.7869 0.7303 0.0050 0.0138
3 0.7806 0.7312 0.0050 0.0125
3 0.7750 0.7312 0.0063 0.0125
3 0.8047 0.7578 0.0063 0.0125
3 0.8078 0.7594 0.0063 0.0125
3 0.7906 0.7578 0.0063 0.0125
3 0.7863 0.7572 0.0037 0.0112
3 0.7806 0.7578 0.0050 0.0125
3 0.7734 0.7572 0.0063 0.0112
3 0.8322 0.7503 0.0112 0.0037
3 0.8322 0.7453 0.0112 0.0063
3 0.8213 0.9734 0.0112 0.0063
3 0.8209 0.9906 0.0138 0.0063
3 0.4975 0.3916 0.0138 0.0112
3 0.7488 0.2931 0.0163 0.0050
3 0.6734 0.2841 0.0187 0.0087
3 0.5644 0.2913 0.0163 0.0075
3 0.4897 0.2672 0.0138 0.0125
3 0.4100 0.2213 0.0138 0.0112
3 0.4088 0.2038 0.0112 0.0138
3 0.4003 0.2059 0.0100 0.0150
3 0.3937 0.1847 0.0063 0.0163
3 0.4500 0.1928 0.0063 0.0138
3 0.4325 0.1866 0.0087 0.0138
3 0.4263 0.1844 0.0087 0.0125
3 0.3991 0.1591 0.0075 0.0150
3 0.3906 0.1600 0.0063 0.0138
3 0.3381 0.1344 0.0075 0.0125
3 0.3331 0.1437 0.0100 0.0125
3 0.7975 0.9956 0.0075 0.0100
3 0.5034 0.3972 0.0100 0.0100
3 0.5100 0.4047 0.0138 0.0125
3 0.5156 0.4109 0.0125 0.0125
3 0.7400 0.9641 0.0112 0.0063
3 0.7406 0.9766 0.0125 0.0063
3 0.7397 0.9838 0.0138 0.0050
3 0.7406 0.9938 0.0125 0.0063
3 0.7403 0.9981 0.0150 0.0025
3 0.6869 0.6381 0.0050 0.0138
3 0.7412 0.9572 0.0138 0.0050
3 0.7403 0.9522 0.0150 0.0075
3 0.7412 0.9431 0.0138 0.0050
3 0.7703 0.9444 0.0063 0.0138
3 0.7906 0.9947 0.0063 0.0112
3 0.7853 0.9947 0.0050 0.0112
3 0.7806 0.9938 0.0050 0.0125
3 0.7744 0.9931 0.0050 0.0112
3 0.7681 0.9931 0.0050 0.0112
3 0.7625 0.9938 0.0063 0.0125
3 0.7991 0.9838 0.0075 0.0112
3 0.7931 0.9812 0.0050 0.0125
3 0.7853 0.9806 0.0050 0.0112
3 0.7800 0.9788 0.0037 0.0138
3 0.7638 0.9797 0.0087 0.0125
3 0.7950 0.9453 0.0087 0.0125
3 0.7994 0.9584 0.0050 0.0138
3 0.7891 0.9584 0.0063 0.0138
3 0.7719 0.9563 0.0063 0.0125
3 0.7656 0.9572 0.0063 0.0112
3 0.7766 0.9447 0.0063 0.0112
3 0.6728 0.9738 0.0050 0.0100
3 0.6741 0.9591 0.0075 0.0150
3 0.6709 0.9872 0.0075 0.0150
3 0.6753 0.9409 0.0100 0.0163
3 0.6787 0.8194 0.0075 0.0138
3 0.6434 0.8031 0.0150 0.0063
3 0.6434 0.7828 0.0150 0.0063
3 0.6459 0.7619 0.0138 0.0050
3 0.6469 0.7541 0.0125 0.0050
3 0.7250 0.6091 0.0063 0.0150
3 0.7013 0.6919 0.0087 0.0150
3 0.6866 0.6666 0.0075 0.0175
3 0.5209 0.3550 0.0200 0.0100
