3 0.6737 0.2669 0.0163 0.0275
3 0.6928 0.1934 0.0200 0.0462
3 0.3656 0.0647 0.0250 0.0138
3 0.1566 0.0672 0.0350 0.0500
3 0.3809 0.0744 0.0462 0.0175
3 0.3737 0.0484 0.0475 0.0187
3 0.2606 0.9853 0.0150 0.0112
3 0.2747 0.9791 0.0150 0.0112
3 0.0581 0.9444 0.0100 0.0138
3 0.0478 0.9225 0.0112 0.0138
3 0.0419 0.9094 0.0087 0.0125
3 0.1444 0.9359 0.0138 0.0125
3 0.1481 0.9437 0.0150 0.0125
3 0.9134 0.6891 0.0112 0.0125
3 0.5563 0.1313 0.0063 0.0125
3 0.5500 0.1331 0.0063 0.0163
3 0.5141 0.1363 0.0063 0.0163
3 0.5056 0.1397 0.0050 0.0138
3 0.4912 0.1434 0.0075 0.0150
3 0.7084 0.2481 0.0075 0.0150
3 0.8631 0.3022 0.0075 0.0138
3 0.8581 0.3263 0.0100 0.0150
3 0.8119 0.5269 0.0112 0.0163
3 0.8562 0.5606 0.0125 0.0150
3 0.7750 0.7312 0.0125 0.0187
3 0.9875 0.6416 0.0125 0.0112
3 0.9816 0.6453 0.0100 0.0125
3 0.9759 0.6469 0.0112 0.0125
3 0.9719 0.6537 0.0125 0.0138
3 0.9656 0.6569 0.0125 0.0138
3 0.9581 0.6600 0.0100 0.0138
3 0.9519 0.6631 0.0100 0.0138
3 0.9469 0.6675 0.0125 0.0163
3 0.9422 0.6719 0.0125 0.0125
3 0.9353 0.6750 0.0112 0.0125
3 0.5625 0.1288 0.0063 0.0138
3 0.5687 0.1266 0.0063 0.0125
3 0.5756 0.1247 0.0075 0.0150
3 0.5172 0.1016 0.0063 0.0125
3 0.5209 0.0866 0.0075 0.0138
3 0.5291 0.0866 0.0050 0.0138
3 0.5359 0.0850 0.0063 0.0138
3 0.5469 0.0822 0.0063 0.0112
3 0.5537 0.0806 0.0075 0.0112
3 0.5637 0.0819 0.0087 0.0138
3 0.4922 0.1062 0.0063 0.0125
3 0.5047 0.1038 0.0063 0.0138
3 0.5119 0.1016 0.0050 0.0125
3 0.5244 0.1006 0.0050 0.0138
3 0.5909 0.1231 0.0100 0.0150
3 0.5297 0.0984 0.0063 0.0125
3 0.5375 0.0978 0.0063 0.0112
3 0.5437 0.0969 0.0063 0.0125
3 0.5500 0.0950 0.0063 0.0150
3 0.5563 0.0944 0.0063 0.0138
3 0.6147 0.0578 0.0138 0.0063
3 0.6147 0.0669 0.0138 0.0087
3 0.6178 0.0722 0.0138 0.0100
3 0.6231 0.0828 0.0087 0.0125
3 0.9203 0.6844 0.0125 0.0125
3 0.9088 0.6919 0.0112 0.0150
3 0.9031 0.6959 0.0125 0.0138
3 0.8978 0.7044 0.0112 0.0150
3 0.8928 0.7350 0.0075 0.0138
3 0.6366 0.8691 0.0075 0.0163
3 0.7081 0.9534 0.0100 0.0163
3 0.6872 0.9950 0.0087 0.0087
3 0.1506 0.9484 0.0138 0.0125
3 0.1844 0.8819 0.0125 0.0138
3 0.1956 0.8781 0.0100 0.0125
3 0.1638 0.9075 0.0150 0.0150
3 0.0034 0.0544 0.0037 0.0150
3 0.0094 0.0522 0.0063 0.0138
3 0.0147 0.0512 0.0075 0.0150
3 0.0209 0.0475 0.0075 0.0138
3 0.0281 0.0481 0.0063 0.0150
3 0.0347 0.0466 0.0037 0.0150
3 0.0553 0.0566 0.0075 0.0163
3 0.0444 0.0581 0.0075 0.0163
3 0.2413 0.8997 0.0138 0.0150
3 0.1669 0.9131 0.0150 0.0138
3 0.1694 0.9197 0.0138 0.0112
3 0.1916 0.9287 0.0112 0.0138
3 0.1981 0.9259 0.0150 0.0175
3 0.2044 0.9250 0.0150 0.0187
3 0.2131 0.9181 0.0138 0.0175
3 0.2203 0.9144 0.0125 0.0163
3 0.2291 0.9091 0.0112 0.0150
3 0.2344 0.9044 0.0125 0.0150
3 0.2469 0.8988 0.0125 0.0163
3 0.2519 0.8956 0.0100 0.0163
3 0.2609 0.8906 0.0125 0.0187
3 0.1900 0.8934 0.0112 0.0150
3 0.1978 0.8941 0.0112 0.0163
3 0.2019 0.8912 0.0100 0.0138
3 0.2134 0.8847 0.0112 0.0163
3 0.2197 0.8806 0.0112 0.0175
3 0.2250 0.8784 0.0125 0.0163
3 0.0028 0.0672 0.0025 0.0125
3 0.0072 0.0663 0.0050 0.0138
3 0.0125 0.0647 0.0063 0.0138
3 0.0234 0.0622 0.0063 0.0150
3 0.0478 0.1019 0.0175 0.0100
3 0.0306 0.0609 0.0050 0.0125
3 0.0359 0.0606 0.0063 0.0150
3 0.1022 0.0747 0.0075 0.0150
3 0.0944 0.0772 0.0075 0.0138
3 0.0688 0.0850 0.0063 0.0138
3 0.0588 0.0850 0.0050 0.0138
3 0.0522 0.0856 0.0075 0.0150
3 0.0444 0.0912 0.0075 0.0138
3 0.0325 0.0909 0.0087 0.0163
3 0.0263 0.0941 0.0087 0.0163
3 0.0187 0.0956 0.0063 0.0163
3 0.0131 0.0988 0.0075 0.0163
3 0.0066 0.0994 0.0100 0.0175
3 0.0022 0.1003 0.0013 0.0163
3 0.5134 0.0891 0.0050 0.0125
3 0.5084 0.0897 0.0075 0.0138
3 0.5016 0.0906 0.0063 0.0125
3 0.4953 0.0909 0.0063 0.0163
3 0.4900 0.0906 0.0050 0.0125
3 0.1156 0.9287 0.0125 0.0138
3 0.1728 0.9256 0.0112 0.0075
3 0.8397 0.0794 0.0075 0.0150
3 0.3287 0.4519 0.0138 0.0100
3 0.7162 0.2781 0.0138 0.0250
