3 0.3944 0.9459 0.0075 0.0138
3 0.3541 0.8831 0.0112 0.0100
3 0.3656 0.8884 0.0125 0.0050
3 0.4287 0.8981 0.0075 0.0150
3 0.3241 0.8875 0.0138 0.0063
3 0.3263 0.8947 0.0150 0.0050
3 0.3272 0.9025 0.0138 0.0050
3 0.3837 0.9425 0.0050 0.0163
3 0.3891 0.9450 0.0063 0.0150
3 0.4094 0.9488 0.0063 0.0163
3 0.4222 0.7053 0.0037 0.0138
3 0.3547 0.9563 0.0125 0.0125
3 0.3447 0.9537 0.0112 0.0138
3 0.3347 0.9537 0.0100 0.0138
3 0.3300 0.9516 0.0100 0.0125
3 0.1669 0.9944 0.0150 0.0075
3 0.2087 0.9988 0.0050 0.0037
3 0.4781 0.9197 0.0063 0.0112
3 0.4559 0.9075 0.0150 0.0087
3 0.4875 0.8844 0.0063 0.0125
3 0.1406 0.9531 0.0125 0.0063
3 0.2406 0.6769 0.0063 0.0100
3 0.2422 0.6884 0.0063 0.0112
3 0.2431 0.7041 0.0050 0.0112
3 0.2462 0.7328 0.0050 0.0125
3 0.4250 0.7412 0.0063 0.0138
3 0.4353 0.7519 0.0050 0.0163
3 0.4297 0.7781 0.0063 0.0125
3 0.4662 0.7931 0.0138 0.0050
3 0.2344 0.8497 0.0125 0.0087
3 0.2994 0.8363 0.0112 0.0037
3 0.3281 0.8213 0.0063 0.0112
3 0.3372 0.8656 0.0150 0.0063
3 0.4375 0.8719 0.0063 0.0125
3 0.1781 0.9037 0.0063 0.0138
3 0.2062 0.9350 0.0063 0.0138
3 0.1828 0.9700 0.0063 0.0150
3 0.2087 0.9688 0.0050 0.0125
3 0.3425 0.9631 0.0163 0.0075
3 0.3303 0.9731 0.0075 0.0150
3 0.3366 0.9750 0.0075 0.0125
3 0.3438 0.9781 0.0063 0.0125
3 0.3506 0.9781 0.0075 0.0125
3 0.4453 0.9412 0.0063 0.0138
3 0.4256 0.9662 0.0075 0.0138
3 0.4353 0.9672 0.0050 0.0125
3 0.4481 0.9800 0.0087 0.0163
3 0.4562 0.9728 0.0063 0.0112
3 0.5084 0.9819 0.0075 0.0138
3 0.4306 0.9981 0.0050 0.0025
3 0.2391 0.6609 0.0063 0.0125
3 0.3806 0.7044 0.0050 0.0150
3 0.3328 0.0059 0.0063 0.0087
3 0.3494 0.0194 0.0050 0.0138
3 0.3737 0.7047 0.0037 0.0125
3 0.3663 0.0794 0.0075 0.0150
3 0.4984 0.0537 0.0063 0.0138
3 0.5056 0.0459 0.0050 0.0138
3 0.4850 0.0866 0.0075 0.0138
3 0.0506 0.1163 0.0138 0.0075
3 0.1850 0.1250 0.0138 0.0063
3 0.1381 0.1444 0.0138 0.0075
3 0.1531 0.1484 0.0125 0.0063
3 0.2694 0.1375 0.0138 0.0063
3 0.2472 0.1366 0.0163 0.0075
3 0.3103 0.1697 0.0112 0.0050
3 0.4109 0.5359 0.0063 0.0125
3 0.2441 0.5775 0.0037 0.0112
3 0.2244 0.5869 0.0112 0.0050
3 0.4366 0.5588 0.0138 0.0050
3 0.3700 0.5656 0.0150 0.0063
3 0.3991 0.5813 0.0075 0.0125
3 0.3900 0.5916 0.0050 0.0112
3 0.3931 0.6219 0.0050 0.0125
3 0.0306 0.5259 0.0050 0.0112
3 0.0291 0.5400 0.0050 0.0112
3 0.0250 0.5563 0.0063 0.0125
3 0.0234 0.5709 0.0063 0.0138
3 0.2494 0.6362 0.0050 0.0163
3 0.3788 0.6350 0.0075 0.0138
3 0.4056 0.6659 0.0050 0.0100
3 0.4281 0.6687 0.0063 0.0125
3 0.4250 0.6359 0.0063 0.0125
3 0.3628 0.7031 0.0037 0.0125
3 0.2297 0.5475 0.0063 0.0138
3 0.5312 0.4581 0.0125 0.0100
3 0.2981 0.1672 0.0150 0.0063
3 0.5069 0.4594 0.0138 0.0125
3 0.2475 0.1609 0.0138 0.0063
3 0.3709 0.1422 0.0075 0.0125
3 0.3563 0.1541 0.0063 0.0175
3 0.4119 0.1562 0.0112 0.0063
3 0.0741 0.2319 0.0075 0.0138
3 0.0866 0.2419 0.0075 0.0150
3 0.0844 0.2587 0.0063 0.0112
3 0.0613 0.3219 0.0100 0.0125
3 0.3703 0.2938 0.0063 0.0125
3 0.3812 0.2756 0.0063 0.0138
3 0.3800 0.2475 0.0037 0.0138
3 0.5031 0.2666 0.0063 0.0175
3 0.4562 0.3063 0.0125 0.0063
3 0.2281 0.3909 0.0063 0.0163
3 0.0425 0.4453 0.0100 0.0125
3 0.3875 0.4725 0.0063 0.0138
3 0.4481 0.4875 0.0150 0.0063
3 0.6431 0.6725 0.0050 0.0138
3 0.8875 0.6850 0.0063 0.0138
3 0.9163 0.6744 0.0075 0.0112
3 0.9478 0.6619 0.0112 0.0050
3 0.7334 0.6319 0.0138 0.0075
3 0.6544 0.5687 0.0087 0.0125
3 0.6491 0.5969 0.0075 0.0125
3 0.8831 0.6375 0.0163 0.0063
3 0.8975 0.4463 0.0075 0.0112
3 0.6956 0.4356 0.0100 0.0150
3 0.7200 0.5541 0.0150 0.0050
3 0.6834 0.5156 0.0075 0.0125
3 0.6600 0.6966 0.0075 0.0150
3 0.8872 0.8797 0.0150 0.0063
3 0.9981 0.8947 0.0025 0.0050
3 0.6156 0.9750 0.0063 0.0125
3 0.6141 0.9906 0.0063 0.0125
3 0.6259 0.8256 0.0050 0.0138
3 0.6291 0.7953 0.0050 0.0125
3 0.6944 0.8306 0.0138 0.0050
3 0.7522 0.8406 0.0138 0.0063
3 0.9209 0.8641 0.0138 0.0063
3 0.9409 0.8678 0.0163 0.0075
3 0.9881 0.8738 0.0138 0.0037
3 0.3862 0.8522 0.0287 0.0138
3 0.4138 0.6188 0.0087 0.0312
3 0.3959 0.4369 0.0075 0.0175
3 0.0350 0.5828 0.0075 0.0125
3 0.2469 0.7469 0.0063 0.0125
3 0.1344 0.8122 0.0125 0.0087
3 0.4138 0.7491 0.0087 0.0138
3 0.3669 0.6669 0.0150 0.0087
3 0.5050 0.0300 0.0100 0.0163
