3 0.7669 0.7719 0.0150 0.0125
3 0.7719 0.7769 0.0125 0.0100
3 0.7547 0.7147 0.0125 0.0138
3 0.7644 0.7069 0.0100 0.0138
3 0.7759 0.7016 0.0112 0.0125
3 0.7797 0.6969 0.0125 0.0125
3 0.7684 0.6734 0.0150 0.0125
3 0.7856 0.6616 0.0150 0.0138
3 0.8031 0.6825 0.0125 0.0150
3 0.8072 0.6781 0.0112 0.0125
3 0.8116 0.6744 0.0075 0.0112
3 0.8166 0.6697 0.0112 0.0112
3 0.8213 0.6672 0.0112 0.0125
3 0.8287 0.6644 0.0138 0.0163
3 0.9019 0.6125 0.0100 0.0125
3 0.8969 0.6150 0.0125 0.0112
3 0.8909 0.6216 0.0100 0.0150
3 0.7438 0.7369 0.0125 0.0112
3 0.9137 0.0034 0.0087 0.0037
3 0.9034 0.0053 0.0100 0.0075
3 0.9306 0.0350 0.0112 0.0138
3 0.8978 0.0078 0.0112 0.0125
3 0.8400 0.1672 0.0112 0.0125
3 0.8463 0.2025 0.0112 0.0112
3 0.8169 0.2047 0.0150 0.0125
3 0.9322 0.4653 0.0112 0.0150
3 0.9372 0.4609 0.0087 0.0125
3 0.9425 0.4594 0.0100 0.0125
3 0.9478 0.4547 0.0112 0.0125
3 0.9525 0.4531 0.0112 0.0125
3 0.9575 0.4478 0.0087 0.0112
3 0.9613 0.4437 0.0100 0.0125
3 0.9669 0.4406 0.0087 0.0125
3 0.9725 0.4375 0.0075 0.0125
3 0.9784 0.4338 0.0100 0.0112
3 0.9838 0.4297 0.0112 0.0125
3 0.9884 0.4256 0.0112 0.0138
3 0.9934 0.4219 0.0087 0.0125
3 0.9959 0.4188 0.0075 0.0125
3 0.9381 0.5419 0.0138 0.0150
3 0.9281 0.5287 0.0125 0.0138
3 0.8416 0.1956 0.0112 0.0100
3 0.8441 0.1631 0.0100 0.0138
3 0.8900 0.0131 0.0112 0.0138
3 0.8509 0.1606 0.0112 0.0150
3 0.8838 0.0156 0.0112 0.0125
3 0.8797 0.0200 0.0125 0.0150
3 0.8666 0.0281 0.0112 0.0125
3 0.8619 0.0334 0.0112 0.0138
3 0.8572 0.0366 0.0112 0.0138
3 0.8525 0.0406 0.0112 0.0125
3 0.8475 0.0428 0.0138 0.0138
3 0.8969 0.0606 0.0125 0.0150
3 0.8828 0.0684 0.0125 0.0150
3 0.8781 0.0716 0.0125 0.0150
3 0.8538 0.1072 0.0138 0.0112
3 0.9353 0.1250 0.0112 0.0125
3 0.9512 0.1413 0.0150 0.0138
3 0.9572 0.1456 0.0112 0.0100
3 0.9587 0.1525 0.0112 0.0112
3 0.9634 0.1572 0.0112 0.0112
3 0.9656 0.1628 0.0125 0.0100
3 0.9856 0.2122 0.0150 0.0150
3 0.8969 0.1297 0.0125 0.0125
3 0.8903 0.1350 0.0087 0.0138
3 0.8853 0.1375 0.0112 0.0125
3 0.8797 0.1413 0.0125 0.0138
3 0.8734 0.1459 0.0125 0.0138
3 0.8603 0.1531 0.0112 0.0125
3 0.8541 0.1553 0.0112 0.0138
3 0.7631 0.7656 0.0138 0.0125
3 0.8213 0.0278 0.0112 0.0150
3 0.8322 0.0169 0.0112 0.0150
3 0.8400 0.0163 0.0112 0.0138
3 0.8519 0.0053 0.0100 0.0075
3 0.8584 0.0041 0.0075 0.0050
3 0.8669 0.0034 0.0087 0.0037
3 0.8266 0.0231 0.0125 0.0150
3 0.8156 0.0309 0.0125 0.0150
3 0.6450 0.8731 0.0150 0.0150
3 0.6594 0.8856 0.0125 0.0150
3 0.5625 0.9122 0.0125 0.0150
3 0.5647 0.9350 0.0138 0.0138
3 0.8053 0.0378 0.0138 0.0163
3 0.4956 0.4194 0.0100 0.0138
3 0.5900 0.4172 0.0112 0.0125
3 0.5988 0.4094 0.0100 0.0125
3 0.6103 0.4028 0.0112 0.0150
3 0.6353 0.3856 0.0112 0.0150
3 0.7047 0.1231 0.0125 0.0087
3 0.6903 0.1350 0.0150 0.0138
3 0.7556 0.1584 0.0112 0.0138
3 0.7100 0.1150 0.0138 0.0112
3 0.7188 0.1100 0.0187 0.0138
3 0.7225 0.1038 0.0138 0.0138
3 0.7334 0.0947 0.0138 0.0112
3 0.7512 0.0841 0.0150 0.0150
3 0.7566 0.0766 0.0100 0.0125
3 0.7641 0.0719 0.0125 0.0125
3 0.7691 0.0688 0.0100 0.0125
3 0.7759 0.0616 0.0112 0.0138
3 0.7850 0.0606 0.0138 0.0150
3 0.7900 0.0569 0.0112 0.0138
3 0.7975 0.0497 0.0138 0.0150
3 0.4900 0.4234 0.0112 0.0125
3 0.5241 0.3237 0.0138 0.0163
3 0.3422 0.5247 0.0125 0.0150
3 0.3119 0.5322 0.0112 0.0112
3 0.3169 0.5281 0.0150 0.0125
3 0.3578 0.4828 0.0125 0.0125
3 0.3594 0.4794 0.0125 0.0150
3 0.3694 0.4719 0.0138 0.0125
3 0.3741 0.4672 0.0138 0.0125
3 0.4397 0.3928 0.0138 0.0138
3 0.4459 0.3834 0.0138 0.0138
3 0.4500 0.3788 0.0125 0.0138
3 0.4537 0.3741 0.0138 0.0138
3 0.4588 0.3709 0.0112 0.0138
3 0.4669 0.3622 0.0150 0.0150
3 0.4706 0.3591 0.0100 0.0150
3 0.4787 0.3550 0.0138 0.0163
3 0.4963 0.3419 0.0112 0.0150
3 0.5019 0.3403 0.0100 0.0150
3 0.9950 0.7838 0.0087 0.0112
3 0.8844 0.9338 0.0125 0.0112
3 0.8969 0.9525 0.0125 0.0112
3 0.9031 0.9641 0.0125 0.0125
3 0.9072 0.9675 0.0112 0.0100
3 0.9094 0.9713 0.0125 0.0112
3 0.8869 0.9394 0.0112 0.0100
3 0.8859 0.7531 0.0125 0.0125
3 0.8363 0.8688 0.0163 0.0125
3 0.8666 0.8766 0.0112 0.0125
3 0.8738 0.8703 0.0100 0.0125
3 0.8781 0.8678 0.0125 0.0138
3 0.8925 0.8750 0.0100 0.0125
3 0.8984 0.8725 0.0125 0.0138
3 0.9025 0.8672 0.0112 0.0125
3 0.8816 0.8828 0.0100 0.0125
3 0.8869 0.8787 0.0112 0.0138
3 0.9409 0.8241 0.0100 0.0138
3 0.9469 0.8231 0.0125 0.0150
3 0.9463 0.8391 0.0112 0.0125
3 0.9394 0.8453 0.0100 0.0125
3 0.9722 0.8044 0.0100 0.0150
3 0.9828 0.8156 0.0125 0.0125
3 0.9891 0.7909 0.0125 0.0163
3 0.9806 0.7969 0.0112 0.0125
3 0.9900 0.8063 0.0112 0.0125
3 0.8766 0.9244 0.0125 0.0112
3 0.4994 0.3619 0.0112 0.0112
3 0.8425 0.0956 0.0100 0.0100
3 0.8081 0.1203 0.0100 0.0125
3 0.8137 0.1163 0.0087 0.0138
3 0.8700 0.0759 0.0087 0.0112
3 0.9078 0.1472 0.0063 0.0100
3 0.9509 0.7050 0.0112 0.0100
