3 0.9981 0.8566 0.0025 0.0037
3 0.9912 0.8584 0.0138 0.0075
3 0.9806 0.8628 0.0175 0.0100
3 0.9653 0.8653 0.0150 0.0087
3 0.9537 0.8700 0.0138 0.0087
3 0.9947 0.8378 0.0112 0.0100
3 0.9834 0.8412 0.0138 0.0075
3 0.9709 0.8444 0.0138 0.0075
3 0.9584 0.8472 0.0138 0.0100
3 0.9450 0.8519 0.0150 0.0100
3 0.9956 0.8512 0.0100 0.0087
3 0.9919 0.8456 0.0150 0.0100
3 0.9784 0.8481 0.0163 0.0087
3 0.9644 0.8519 0.0163 0.0100
3 0.9503 0.8572 0.0163 0.0112
3 0.9519 0.8650 0.0163 0.0112
3 0.9662 0.8584 0.0138 0.0075
3 0.9800 0.8550 0.0163 0.0100
3 0.9600 0.8887 0.0138 0.0087
3 0.9725 0.8850 0.0138 0.0075
3 0.9844 0.8819 0.0125 0.0075
3 0.9850 0.8875 0.0138 0.0063
3 0.9734 0.8912 0.0125 0.0075
3 0.9609 0.8938 0.0125 0.0063
3 0.9978 0.9803 0.0050 0.0075
3 0.9569 0.8825 0.0138 0.0087
3 0.9688 0.8803 0.0125 0.0075
3 0.9812 0.8762 0.0125 0.0087
3 0.9566 0.8753 0.0163 0.0100
3 0.9959 0.8631 0.0075 0.0075
3 0.9866 0.8669 0.0138 0.0087
3 0.9928 0.8716 0.0138 0.0087
3 0.9950 0.8766 0.0087 0.0063
3 0.9959 0.8834 0.0075 0.0075
3 0.9738 0.8709 0.0163 0.0075
3 0.9675 0.6697 0.0163 0.0112
3 0.9122 0.4478 0.0150 0.0112
3 0.9069 0.6653 0.0138 0.0087
3 0.8912 0.6700 0.0138 0.0087
3 0.8787 0.6731 0.0138 0.0087
3 0.8656 0.6763 0.0125 0.0087
3 0.8694 0.6819 0.0138 0.0075
3 0.8688 0.6894 0.0125 0.0100
3 0.8838 0.6772 0.0112 0.0075
3 0.9978 0.6444 0.0050 0.0075
3 0.9897 0.6450 0.0138 0.0087
3 0.9919 0.6534 0.0150 0.0100
3 0.9928 0.6597 0.0138 0.0100
3 0.9778 0.6519 0.0150 0.0100
3 0.9788 0.6581 0.0138 0.0100
3 0.9819 0.6634 0.0138 0.0112
3 0.9628 0.6547 0.0163 0.0125
3 0.9147 0.4588 0.0138 0.0050
3 0.9641 0.4425 0.0125 0.0163
3 0.9356 0.4000 0.0087 0.0125
3 0.9656 0.6606 0.0125 0.0087
3 0.9491 0.6575 0.0138 0.0087
3 0.9522 0.6644 0.0138 0.0100
3 0.8919 0.6963 0.0150 0.0112
3 0.8772 0.7013 0.0138 0.0087
3 0.9706 0.7409 0.0163 0.0100
3 0.9544 0.7494 0.0150 0.0112
3 0.9416 0.8450 0.0112 0.0087
3 0.9541 0.8422 0.0112 0.0063
3 0.9656 0.8387 0.0125 0.0087
3 0.9781 0.8347 0.0125 0.0100
3 0.9900 0.8325 0.0112 0.0087
3 0.8794 0.6931 0.0150 0.0112
3 0.8950 0.6878 0.0150 0.0100
3 0.9069 0.6900 0.0138 0.0112
3 0.8944 0.6756 0.0138 0.0075
3 0.9531 0.6716 0.0125 0.0087
3 0.9359 0.6628 0.0125 0.0100
3 0.9219 0.6669 0.0125 0.0087
3 0.9375 0.6691 0.0125 0.0100
3 0.9394 0.6756 0.0163 0.0075
3 0.9241 0.6725 0.0138 0.0075
3 0.9262 0.6787 0.0150 0.0075
3 0.9356 0.6841 0.0150 0.0087
3 0.9106 0.6706 0.0150 0.0100
3 0.9100 0.6763 0.0138 0.0087
3 0.9109 0.6825 0.0125 0.0087
3 0.8962 0.6809 0.0112 0.0087
3 0.8828 0.6866 0.0125 0.0075
3 0.9306 0.6919 0.0112 0.0087
3 0.9200 0.6878 0.0150 0.0100
3 0.9184 0.6956 0.0150 0.0100
3 0.9084 0.6991 0.0138 0.0075
3 0.8969 0.7006 0.0125 0.0075
3 0.8825 0.7050 0.0150 0.0100
3 0.8844 0.7112 0.0125 0.0100
3 0.3556 0.8387 0.0112 0.0150
3 0.6081 0.5763 0.0100 0.0150
3 0.6009 0.5800 0.0112 0.0163
3 0.5963 0.5656 0.0112 0.0187
3 0.6238 0.5969 0.0100 0.0125
3 0.6397 0.6044 0.0075 0.0150
3 0.6481 0.5866 0.0087 0.0138
3 0.6525 0.5994 0.0112 0.0175
3 0.6653 0.5934 0.0087 0.0150
3 0.6725 0.5906 0.0075 0.0125
3 0.6784 0.5887 0.0100 0.0150
3 0.6841 0.5862 0.0087 0.0163
3 0.6794 0.5725 0.0087 0.0138
3 0.7353 0.5531 0.0175 0.0125
3 0.3372 0.8178 0.0087 0.0138
3 0.3784 0.8016 0.0100 0.0125
3 0.3841 0.8131 0.0087 0.0138
3 0.3763 0.8109 0.0087 0.0125
3 0.3644 0.8053 0.0100 0.0138
3 0.3597 0.8128 0.0100 0.0163
3 0.3534 0.8156 0.0100 0.0125
3 0.3497 0.8231 0.0087 0.0150
3 0.6269 0.5675 0.0100 0.0163
3 0.6394 0.5637 0.0100 0.0150
3 0.6456 0.5606 0.0100 0.0150
3 0.5450 0.5997 0.0087 0.0150
3 0.7050 0.4844 0.0163 0.0125
3 0.7016 0.4781 0.0187 0.0125
3 0.7097 0.4956 0.0163 0.0100
3 0.7112 0.5019 0.0163 0.0100
3 0.7169 0.5125 0.0150 0.0125
3 0.7175 0.5191 0.0163 0.0100
3 0.7269 0.5359 0.0163 0.0125
3 0.5025 0.6175 0.0112 0.0163
3 0.5153 0.6138 0.0087 0.0150
3 0.5644 0.5944 0.0100 0.0138
3 0.6566 0.5553 0.0100 0.0138
3 0.5769 0.5731 0.0100 0.0150
3 0.5894 0.5675 0.0100 0.0163
3 0.5894 0.5844 0.0100 0.0125
3 0.6025 0.5628 0.0112 0.0163
3 0.6088 0.5600 0.0112 0.0138
3 0.6159 0.5584 0.0100 0.0138
3 0.6209 0.5547 0.0075 0.0125
3 0.6272 0.5525 0.0075 0.0112
3 0.6450 0.5444 0.0087 0.0138
3 0.3456 0.8294 0.0100 0.0150
3 0.3581 0.8287 0.0100 0.0138
3 0.3659 0.8287 0.0100 0.0138
3 0.4122 0.9109 0.0087 0.0125
3 0.4159 0.9059 0.0100 0.0150
3 0.4269 0.9141 0.0100 0.0125
3 0.4353 0.9156 0.0112 0.0125
3 0.4425 0.9294 0.0100 0.0150
3 0.4275 0.9344 0.0112 0.0125
3 0.4216 0.9213 0.0087 0.0112
3 0.4394 0.9403 0.0100 0.0150
3 0.4456 0.9531 0.0100 0.0187
3 0.4519 0.9491 0.0100 0.0138
3 0.4575 0.9616 0.0087 0.0138
3 0.4628 0.9750 0.0100 0.0125
3 0.6863 0.9816 0.0163 0.0100
3 0.6719 0.9863 0.0125 0.0100
3 0.6600 0.9909 0.0138 0.0100
3 0.6475 0.9956 0.0138 0.0100
3 0.4147 0.8838 0.0075 0.0112
3 0.4206 0.8984 0.0100 0.0125
3 0.4106 0.8912 0.0087 0.0138
3 0.3966 0.8419 0.0087 0.0150
3 0.3716 0.8178 0.0087 0.0138
3 0.3822 0.8238 0.0112 0.0163
3 0.3775 0.8300 0.0112 0.0163
3 0.3731 0.8422 0.0087 0.0125
3 0.3659 0.8412 0.0100 0.0138
3 0.3719 0.8550 0.0125 0.0163
3 0.3547 0.8841 0.0125 0.0150
3 0.3825 0.8438 0.0087 0.0125
3 0.3878 0.8397 0.0100 0.0138
3 0.3919 0.8497 0.0087 0.0150
3 0.4056 0.8988 0.0112 0.0163
3 0.3888 0.8575 0.0087 0.0150
3 0.3816 0.8569 0.0100 0.0138
3 0.3853 0.8709 0.0112 0.0138
3 0.3947 0.8700 0.0112 0.0150
3 0.3987 0.8656 0.0100 0.0125
3 0.4019 0.8562 0.0100 0.0125
3 0.4081 0.8703 0.0100 0.0125
3 0.4044 0.8784 0.0087 0.0163
3 0.3994 0.8834 0.0112 0.0138
3 0.6491 0.4784 0.0138 0.0163
3 0.6963 0.4659 0.0112 0.0100
3 0.6878 0.4525 0.0163 0.0112
3 0.7128 0.4362 0.0100 0.0163
3 0.4278 0.5869 0.0087 0.0175
3 0.3134 0.6116 0.0112 0.0200
3 0.3203 0.6084 0.0125 0.0200
3 0.3287 0.6069 0.0138 0.0200
3 0.3547 0.5853 0.0125 0.0175
3 0.4056 0.5853 0.0112 0.0175
3 0.4219 0.5647 0.0125 0.0200
3 0.4119 0.5994 0.0112 0.0175
3 0.3281 0.6259 0.0125 0.0175
3 0.3344 0.6453 0.0125 0.0187
3 0.3428 0.6641 0.0138 0.0187
3 0.4509 0.6334 0.0112 0.0138
3 0.4713 0.6759 0.0112 0.0175
3 0.5028 0.4963 0.0087 0.0112
3 0.6003 0.4150 0.0163 0.0112
3 0.6616 0.4338 0.0075 0.0112
3 0.6537 0.4356 0.0075 0.0150
3 0.8391 0.9950 0.0125 0.0087
3 0.8538 0.9950 0.0138 0.0087
3 0.8928 0.9884 0.0138 0.0112
3 0.9150 0.9706 0.0112 0.0100
3 0.9172 0.9784 0.0125 0.0100
3 0.9213 0.9831 0.0112 0.0100
3 0.8991 0.9713 0.0138 0.0112
3 0.9025 0.9769 0.0112 0.0100
3 0.9047 0.9831 0.0125 0.0100
3 0.9094 0.9894 0.0125 0.0100
3 0.8881 0.9753 0.0138 0.0100
3 0.8903 0.9831 0.0150 0.0100
3 0.8959 0.9941 0.0138 0.0100
3 0.8750 0.9816 0.0125 0.0100
3 0.8794 0.9869 0.0150 0.0112
3 0.8812 0.9934 0.0125 0.0087
3 0.8844 0.9978 0.0125 0.0050
3 0.8631 0.9863 0.0138 0.0100
3 0.8656 0.9916 0.0125 0.0112
3 0.8700 0.9959 0.0150 0.0075
3 0.8516 0.9900 0.0125 0.0112
3 0.9109 0.9644 0.0125 0.0100
