3 0.1372 0.6834 0.0150 0.0075
3 0.1988 0.9969 0.0100 0.0063
3 0.1294 0.9519 0.0150 0.0163
3 0.3763 0.9662 0.0150 0.0138
3 0.3888 0.9541 0.0150 0.0112
3 0.3950 0.9688 0.0150 0.0125
3 0.4197 0.9675 0.0175 0.0163
3 0.4319 0.9863 0.0138 0.0100
3 0.3450 0.9969 0.0150 0.0063
3 0.3284 0.9475 0.0163 0.0138
3 0.3222 0.9219 0.0163 0.0125
3 0.3513 0.9259 0.0150 0.0112
3 0.0444 0.6925 0.0200 0.0163
3 0.3641 0.9831 0.0437 0.0350
3 0.3769 0.9338 0.0163 0.0112
3 0.0181 0.7441 0.0112 0.0100
3 0.0519 0.7087 0.0163 0.0112
3 0.0988 0.7569 0.0163 0.0138
3 0.1113 0.7597 0.0163 0.0163
3 0.1244 0.7600 0.0175 0.0138
3 0.1069 0.7888 0.0200 0.0150
3 0.1047 0.7975 0.0187 0.0138
3 0.0969 0.7997 0.0187 0.0150
3 0.1606 0.7953 0.0150 0.0125
3 0.1475 0.8400 0.0138 0.0112
3 0.1841 0.8656 0.0150 0.0125
3 0.2197 0.8944 0.0175 0.0138
3 0.2250 0.8778 0.0187 0.0150
3 0.2584 0.8766 0.0138 0.0125
3 0.2697 0.8641 0.0175 0.0125
3 0.2675 0.8531 0.0163 0.0125
3 0.3272 0.8900 0.0138 0.0112
3 0.3638 0.9181 0.0150 0.0112
