3 0.0397 0.8944 0.0138 0.0450
3 0.0297 0.8775 0.0125 0.0362
3 0.0212 0.8747 0.0112 0.0400
3 0.0100 0.8766 0.0138 0.0437
3 0.1156 0.9978 0.0375 0.0050
3 0.5437 0.7688 0.0437 0.0125
3 0.6869 0.2156 0.0050 0.0125
3 0.6937 0.2169 0.0063 0.0150
3 0.7053 0.2166 0.0075 0.0112
3 0.5787 0.3069 0.0138 0.0138
3 0.5837 0.3006 0.0112 0.0138
3 0.9844 0.1806 0.0125 0.0050
3 0.9850 0.1750 0.0138 0.0063
3 0.9891 0.1619 0.0125 0.0050
3 0.9891 0.1562 0.0125 0.0063
3 0.9906 0.1494 0.0125 0.0050
3 0.9766 0.0791 0.0063 0.0112
3 0.9797 0.0656 0.0063 0.0125
3 0.9819 0.0359 0.0075 0.0125
3 0.9863 0.0228 0.0037 0.0112
3 0.9875 0.0087 0.0063 0.0112
3 0.5887 0.2950 0.0087 0.0087
3 0.5956 0.2931 0.0100 0.0112
3 0.6344 0.3047 0.0125 0.0125
3 0.6406 0.3094 0.0125 0.0125
3 0.6444 0.3172 0.0138 0.0125
3 0.9719 0.1084 0.0063 0.0138
3 0.9694 0.1225 0.0075 0.0138
3 0.9678 0.1381 0.0075 0.0138
3 0.9666 0.1516 0.0050 0.0125
3 0.9650 0.1656 0.0050 0.0125
3 0.0225 0.9969 0.0138 0.0063
3 0.0591 0.9459 0.0150 0.0075
3 0.2313 0.1319 0.0125 0.0075
3 0.2466 0.1366 0.0150 0.0075
3 0.2156 0.1309 0.0125 0.0087
3 0.2025 0.1288 0.0112 0.0075
3 0.1881 0.1263 0.0138 0.0087
3 0.1719 0.1250 0.0125 0.0063
3 0.0359 0.0406 0.0063 0.0125
3 0.2725 0.0391 0.0138 0.0063
3 0.2325 0.0709 0.0087 0.0138
3 0.2303 0.0906 0.0075 0.0125
3 0.1844 0.0912 0.0063 0.0138
3 0.0275 0.1047 0.0112 0.0063
3 0.0422 0.1053 0.0125 0.0075
3 0.0722 0.1100 0.0163 0.0075
3 0.0875 0.1131 0.0125 0.0075
3 0.1147 0.1172 0.0138 0.0063
3 0.1266 0.1187 0.0125 0.0063
3 0.2553 0.0047 0.0075 0.0063
3 0.0387 0.0287 0.0087 0.0138
3 0.0219 0.0119 0.0125 0.0050
3 0.0269 0.0022 0.0100 0.0013
3 0.4303 0.0338 0.0075 0.0112
3 0.9919 0.1381 0.0150 0.0075
