3 0.4191 0.2162 0.0163 0.0075
3 0.4206 0.1975 0.0163 0.0075
3 0.3456 0.1875 0.0163 0.0063
3 0.6741 0.1044 0.0075 0.0150
3 0.6887 0.0725 0.0087 0.0138
3 0.6484 0.3653 0.0063 0.0150
3 0.4328 0.2184 0.0125 0.0087
3 0.4631 0.1828 0.0075 0.0125
3 0.4559 0.1825 0.0087 0.0150
3 0.4781 0.1744 0.0125 0.0050
3 0.6316 0.2659 0.0163 0.0100
3 0.6131 0.2631 0.0200 0.0075
3 0.5697 0.2444 0.0175 0.0075
3 0.5847 0.2584 0.0163 0.0075
3 0.6166 0.2444 0.0175 0.0075
3 0.5550 0.2369 0.0163 0.0050
3 0.5356 0.2313 0.0150 0.0063
3 0.4637 0.2047 0.0150 0.0063
3 0.6713 0.1800 0.0112 0.0163
3 0.6025 0.1741 0.0175 0.0075
3 0.6022 0.2250 0.0138 0.0063
3 0.5856 0.2222 0.0150 0.0037
3 0.5463 0.2172 0.0175 0.0063
3 0.5294 0.2156 0.0150 0.0063
3 0.5284 0.1875 0.0163 0.0063
3 0.5325 0.1819 0.0150 0.0075
3 0.5356 0.1753 0.0150 0.0037
3 0.4912 0.2087 0.0138 0.0050
3 0.4547 0.1978 0.0125 0.0050
3 0.4953 0.1859 0.0125 0.0063
3 0.4763 0.1844 0.0150 0.0063
3 0.2653 0.8597 0.0150 0.0100
3 0.1306 0.7269 0.0175 0.0100
3 0.0794 0.7441 0.0150 0.0100
3 0.0934 0.7956 0.0150 0.0100
3 0.0638 0.7762 0.0150 0.0087
3 0.0312 0.8059 0.0063 0.0150
3 0.0178 0.8988 0.0075 0.0163
3 0.0519 0.8341 0.0100 0.0150
3 0.0125 0.9303 0.0063 0.0138
3 0.2203 0.7737 0.0063 0.0163
3 0.2787 0.8066 0.0138 0.0100
3 0.6184 0.3556 0.0150 0.0112
3 0.6631 0.3756 0.0075 0.0200
3 0.4381 0.8141 0.0075 0.0125
3 0.5034 0.7578 0.0100 0.0125
3 0.4991 0.7572 0.0075 0.0112
3 0.4922 0.7556 0.0125 0.0175
3 0.4844 0.7544 0.0125 0.0150
3 0.4350 0.7178 0.0138 0.0075
3 0.4153 0.7147 0.0150 0.0075
3 0.5000 0.7250 0.0063 0.0125
3 0.4928 0.7247 0.0075 0.0150
3 0.4881 0.7238 0.0075 0.0163
3 0.4819 0.7231 0.0075 0.0150
3 0.4434 0.7750 0.0087 0.0125
3 0.2694 0.3663 0.0075 0.0138
3 0.4400 0.7984 0.0050 0.0125
3 0.4722 0.7438 0.0163 0.0063
3 0.4481 0.7450 0.0087 0.0150
3 0.3672 0.8041 0.0125 0.0175
3 0.3397 0.8272 0.0138 0.0075
3 0.3237 0.8250 0.0163 0.0063
3 0.4409 0.7412 0.0100 0.0138
3 0.4147 0.7391 0.0075 0.0125
3 0.4094 0.7397 0.0063 0.0138
3 0.3969 0.7412 0.0063 0.0138
3 0.5119 0.7594 0.0112 0.0125
3 0.5228 0.7616 0.0112 0.0138
3 0.5275 0.7638 0.0112 0.0150
3 0.5344 0.7656 0.0125 0.0125
3 0.6181 0.8369 0.0050 0.0112
3 0.6244 0.8366 0.0050 0.0138
3 0.6228 0.8494 0.0050 0.0112
3 0.6166 0.8494 0.0050 0.0112
3 0.6200 0.6975 0.0087 0.0138
3 0.5950 0.8803 0.0087 0.0138
3 0.4619 0.8691 0.0175 0.0100
3 0.5991 0.8538 0.0075 0.0138
3 0.6022 0.8412 0.0075 0.0138
3 0.6028 0.8250 0.0087 0.0125
3 0.5934 0.8244 0.0087 0.0175
3 0.5606 0.7841 0.0087 0.0150
3 0.5922 0.7819 0.0063 0.0138
3 0.6100 0.7809 0.0075 0.0150
3 0.6072 0.6769 0.0112 0.0163
3 0.5188 0.7256 0.0063 0.0138
3 0.5091 0.7256 0.0087 0.0138
3 0.5641 0.7697 0.0125 0.0175
3 0.5578 0.7678 0.0125 0.0138
3 0.5478 0.7669 0.0112 0.0150
3 0.5406 0.7669 0.0125 0.0150
3 0.3862 0.7372 0.0100 0.0150
3 0.2981 0.7013 0.0150 0.0087
3 0.2831 0.6731 0.0163 0.0150
3 0.7100 0.5437 0.0138 0.0063
3 0.7319 0.5256 0.0138 0.0075
3 0.6819 0.5188 0.0138 0.0063
3 0.6338 0.4794 0.0112 0.0212
3 0.6512 0.4756 0.0087 0.0138
3 0.6481 0.3919 0.0087 0.0150
3 0.6400 0.4256 0.0112 0.0138
3 0.6388 0.4397 0.0087 0.0138
3 0.6144 0.4184 0.0100 0.0150
3 0.5000 0.4938 0.0125 0.0063
3 0.5144 0.4522 0.0163 0.0075
3 0.4944 0.4578 0.0138 0.0063
3 0.4953 0.4484 0.0125 0.0063
3 0.4606 0.4616 0.0150 0.0075
3 0.4544 0.4859 0.0150 0.0063
3 0.2250 0.4781 0.0063 0.0125
3 0.2138 0.4309 0.0087 0.0150
3 0.2075 0.4294 0.0087 0.0150
3 0.2381 0.4006 0.0075 0.0138
3 0.2256 0.3997 0.0075 0.0150
3 0.2366 0.3716 0.0075 0.0150
3 0.2831 0.3616 0.0100 0.0138
3 0.6953 0.5400 0.0125 0.0050
3 0.5919 0.5250 0.0150 0.0063
3 0.2194 0.7100 0.0075 0.0138
3 0.2053 0.5178 0.0075 0.0138
3 0.2263 0.6731 0.0087 0.0150
3 0.5953 0.7331 0.0063 0.0163
3 0.6500 0.7506 0.0063 0.0138
3 0.6500 0.7312 0.0125 0.0063
3 0.6203 0.7100 0.0063 0.0138
3 0.6256 0.6638 0.0075 0.0150
3 0.6394 0.6378 0.0100 0.0163
3 0.6272 0.6456 0.0075 0.0163
3 0.6412 0.5972 0.0075 0.0163
3 0.6312 0.6062 0.0063 0.0125
3 0.5825 0.6531 0.0150 0.0125
3 0.5662 0.6509 0.0138 0.0112
3 0.2500 0.6231 0.0063 0.0150
3 0.2006 0.6331 0.0075 0.0163
3 0.5487 0.5800 0.0163 0.0100
3 0.2134 0.6156 0.0050 0.0125
3 0.2741 0.6075 0.0138 0.0087
3 0.2797 0.5959 0.0063 0.0138
3 0.2787 0.5763 0.0075 0.0150
3 0.2100 0.5472 0.0075 0.0163
3 0.2181 0.5309 0.0050 0.0150
3 0.5519 0.6122 0.0100 0.0212
3 0.5406 0.6100 0.0125 0.0263
3 0.9488 0.9106 0.0163 0.0400
3 0.9306 0.9144 0.0112 0.0225
3 0.7784 0.8512 0.0100 0.0338
3 0.6244 0.8984 0.0050 0.0125
3 0.6200 0.8828 0.0087 0.0125
3 0.6125 0.8903 0.0063 0.0150
3 0.9978 0.9953 0.0050 0.0063
3 0.9978 0.9875 0.0050 0.0063
3 0.7419 0.9425 0.0150 0.0100
3 0.8581 0.8906 0.0100 0.0125
3 0.8581 0.8741 0.0100 0.0138
3 0.8787 0.8650 0.0075 0.0112
3 0.8653 0.8241 0.0087 0.0138
3 0.8872 0.8244 0.0087 0.0112
3 0.8872 0.8131 0.0087 0.0138
3 0.8903 0.7672 0.0087 0.0125
3 0.8750 0.7638 0.0063 0.0150
3 0.9947 0.6394 0.0112 0.0100
3 0.9844 0.6372 0.0125 0.0150
3 0.9734 0.6356 0.0125 0.0150
3 0.9266 0.6934 0.0063 0.0150
3 0.9044 0.6981 0.0087 0.0150
3 0.8878 0.6931 0.0100 0.0175
3 0.8906 0.6669 0.0063 0.0150
3 0.7666 0.5506 0.0112 0.0075
3 0.7525 0.5500 0.0112 0.0063
3 0.7844 0.5359 0.0187 0.0063
3 0.8322 0.5159 0.0175 0.0100
3 0.8613 0.5178 0.0163 0.0075
3 0.7578 0.9250 0.0125 0.0063
3 0.8997 0.7950 0.0150 0.0087
3 0.9509 0.7391 0.0175 0.0063
3 0.9338 0.7375 0.0112 0.0125
3 0.9206 0.7359 0.0163 0.0125
3 0.6172 0.8981 0.0063 0.0150
3 0.8800 0.5056 0.0163 0.0050
3 0.9287 0.5244 0.0138 0.0050
3 0.9287 0.5184 0.0138 0.0087
3 0.9284 0.5100 0.0163 0.0075
3 0.2547 0.8134 0.0125 0.0112
3 0.3106 0.8762 0.0150 0.0087
3 0.9569 0.5781 0.0138 0.0063
3 0.8403 0.5609 0.0150 0.0063
3 0.8569 0.5647 0.0138 0.0075
3 0.8653 0.5459 0.0150 0.0075
3 0.8794 0.5487 0.0150 0.0037
3 0.9222 0.5531 0.0163 0.0063
3 0.9606 0.5594 0.0150 0.0063
3 0.9950 0.5662 0.0087 0.0075
3 0.8669 0.0406 0.0150 0.0063
3 0.8672 0.0369 0.0125 0.0050
3 0.8675 0.0297 0.0163 0.0063
3 0.8303 0.2313 0.0075 0.0187
3 0.9037 0.2687 0.0138 0.0063
3 0.8538 0.2797 0.0138 0.0063
3 0.8156 0.2744 0.0125 0.0050
3 0.7631 0.2681 0.0138 0.0050
3 0.7253 0.2428 0.0163 0.0075
3 0.6462 0.2653 0.0112 0.0087
3 0.6722 0.3112 0.0100 0.0163
3 0.9016 0.0278 0.0187 0.0087
3 0.7394 0.0144 0.0100 0.0100
3 0.6225 0.4216 0.0138 0.0150
3 0.7481 0.2466 0.0212 0.0087
3 0.7622 0.5116 0.0087 0.0138
3 0.6397 0.7031 0.0075 0.0125
3 0.6138 0.7428 0.0087 0.0138
3 0.5634 0.6150 0.0112 0.0238
