3 0.0972 0.0163 0.0100 0.0200
3 0.1141 0.0097 0.0125 0.0163
3 0.1275 0.0047 0.0112 0.0063
3 0.0512 0.0047 0.0087 0.0063
3 0.0362 0.0078 0.0100 0.0125
3 0.0072 0.0163 0.0112 0.0200
3 0.0234 0.0078 0.0125 0.0125
3 0.0347 0.0406 0.0100 0.0187
3 0.0400 0.0372 0.0112 0.0212
3 0.0469 0.0359 0.0125 0.0187
3 0.0537 0.0334 0.0138 0.0200
3 0.0631 0.0278 0.0138 0.0212
3 0.0700 0.0263 0.0087 0.0212
3 0.0813 0.0219 0.0125 0.0187
3 0.4409 0.6550 0.0287 0.0163
3 0.0844 0.0091 0.0125 0.0150
3 0.1019 0.0053 0.0100 0.0075
3 0.1141 0.0553 0.0125 0.0200
3 0.1547 0.0053 0.0125 0.0075
3 0.9941 0.0794 0.0100 0.0212
3 0.8466 0.8841 0.0150 0.0087
3 0.6787 0.8925 0.0138 0.0225
3 0.7191 0.9713 0.0225 0.0175
3 0.7222 0.9850 0.0163 0.0138
3 0.7503 0.9359 0.0163 0.0125
3 0.7619 0.9734 0.0175 0.0125
3 0.7403 0.9956 0.0150 0.0100
3 0.6669 0.9594 0.0150 0.0125
3 0.6825 0.9600 0.0150 0.0138
3 0.6722 0.9681 0.0163 0.0112
3 0.6756 0.9788 0.0138 0.0138
3 0.6778 0.9869 0.0150 0.0175
3 0.6916 0.9875 0.0175 0.0125
3 0.6794 0.9950 0.0150 0.0087
3 0.6925 0.9969 0.0163 0.0063
3 0.7431 0.8912 0.0112 0.0200
3 0.7584 0.8866 0.0138 0.0200
3 0.7950 0.8822 0.0150 0.0175
3 0.7897 0.8863 0.0138 0.0163
3 0.7809 0.8887 0.0150 0.0212
3 0.7737 0.8931 0.0163 0.0175
3 0.8022 0.8769 0.0138 0.0163
3 0.8131 0.8744 0.0138 0.0175
3 0.8284 0.9012 0.0163 0.0150
3 0.8141 0.9116 0.0125 0.0200
3 0.8637 0.8444 0.0087 0.0200
3 0.8738 0.8553 0.0100 0.0200
3 0.9959 0.8616 0.0075 0.0138
3 0.9938 0.8678 0.0125 0.0200
3 0.5047 0.9906 0.0187 0.0187
3 0.6175 0.9081 0.0163 0.0225
3 0.6613 0.9334 0.0163 0.0200
3 0.6369 0.9644 0.0175 0.0163
3 0.6744 0.9375 0.0175 0.0125
3 0.7091 0.9491 0.0212 0.0138
3 0.7434 0.9116 0.0150 0.0138
3 0.5978 0.9750 0.0175 0.0125
3 0.5988 0.9831 0.0163 0.0100
3 0.6009 0.9897 0.0175 0.0075
3 0.6050 0.9959 0.0163 0.0075
3 0.6431 0.9719 0.0175 0.0125
3 0.6325 0.9887 0.0150 0.0150
3 0.6306 0.9812 0.0175 0.0125
3 0.9869 0.1297 0.0112 0.0187
3 0.9950 0.1247 0.0087 0.0150
3 0.9784 0.1087 0.0100 0.0175
3 0.9869 0.1100 0.0112 0.0200
3 0.9978 0.1025 0.0050 0.0175
3 0.9825 0.0828 0.0087 0.0187
3 0.9731 0.0872 0.0087 0.0212
3 0.9503 0.0944 0.0100 0.0200
3 0.9431 0.0981 0.0112 0.0212
3 0.9369 0.1006 0.0112 0.0200
3 0.9287 0.1016 0.0138 0.0187
3 0.9572 0.1203 0.0112 0.0187
3 0.9450 0.1275 0.0087 0.0175
3 0.9275 0.1325 0.0112 0.0212
3 0.9200 0.1366 0.0087 0.0200
3 0.8072 0.4878 0.0112 0.0225
3 0.9669 0.0450 0.0150 0.0087
3 0.8634 0.0631 0.0238 0.0075
3 0.7544 0.1019 0.0150 0.0100
3 0.8631 0.1266 0.0075 0.0187
3 0.7244 0.3941 0.0175 0.0100
3 0.7112 0.2587 0.0163 0.0112
3 0.7150 0.2675 0.0175 0.0100
3 0.7188 0.2747 0.0187 0.0150
3 0.7197 0.2803 0.0175 0.0138
3 0.7238 0.2903 0.0163 0.0087
3 0.7256 0.3044 0.0200 0.0150
3 0.7284 0.3106 0.0163 0.0150
3 0.7369 0.3406 0.0175 0.0125
3 0.7428 0.3538 0.0200 0.0138
3 0.7441 0.3647 0.0163 0.0138
3 0.7500 0.3744 0.0187 0.0112
3 0.7519 0.3837 0.0163 0.0112
3 0.7569 0.3912 0.0138 0.0138
3 0.7600 0.4003 0.0138 0.0163
3 0.7238 0.3997 0.0163 0.0087
3 0.8575 0.1306 0.0087 0.0175
3 0.7275 0.4062 0.0175 0.0125
3 0.7281 0.4141 0.0125 0.0125
3 0.7309 0.4203 0.0150 0.0125
3 0.7356 0.4281 0.0150 0.0125
3 0.7381 0.4350 0.0138 0.0138
3 0.7406 0.4428 0.0125 0.0075
3 0.7684 0.4275 0.0150 0.0112
3 0.7691 0.4356 0.0163 0.0087
3 0.7728 0.4441 0.0175 0.0100
3 0.7762 0.4513 0.0150 0.0150
3 0.7806 0.4612 0.0175 0.0163
3 0.7822 0.4694 0.0175 0.0138
3 0.7853 0.4775 0.0175 0.0112
3 0.7956 0.4919 0.0100 0.0212
3 0.7219 0.3831 0.0125 0.0100
3 0.7156 0.3769 0.0125 0.0100
3 0.7141 0.3700 0.0125 0.0087
3 0.7141 0.3631 0.0125 0.0075
3 0.8512 0.1337 0.0087 0.0175
3 0.8344 0.1387 0.0125 0.0212
3 0.8222 0.1434 0.0100 0.0212
3 0.8106 0.1453 0.0087 0.0187
3 0.8037 0.1497 0.0075 0.0212
3 0.7872 0.1556 0.0087 0.0175
3 0.6997 0.1809 0.0087 0.0212
3 0.6869 0.1859 0.0112 0.0187
3 0.6822 0.1897 0.0112 0.0200
3 0.6763 0.1934 0.0087 0.0212
3 0.6597 0.2100 0.0163 0.0138
3 0.6616 0.2169 0.0138 0.0087
3 0.6631 0.2234 0.0138 0.0125
3 0.6663 0.2291 0.0138 0.0112
3 0.6663 0.2344 0.0138 0.0125
3 0.6722 0.2400 0.0163 0.0112
3 0.6741 0.2478 0.0138 0.0112
3 0.6784 0.2544 0.0163 0.0150
3 0.6797 0.2622 0.0125 0.0087
3 0.6819 0.2712 0.0138 0.0112
3 0.6850 0.2784 0.0138 0.0100
3 0.6881 0.2888 0.0138 0.0087
3 0.6912 0.2963 0.0138 0.0112
3 0.6937 0.3047 0.0187 0.0125
3 0.6950 0.3109 0.0150 0.0125
3 0.7028 0.3294 0.0150 0.0150
3 0.7059 0.3366 0.0150 0.0138
3 0.7106 0.3484 0.0150 0.0125
3 0.7141 0.3572 0.0125 0.0112
3 0.1572 0.1712 0.0112 0.0175
3 0.1469 0.1738 0.0125 0.0163
3 0.1387 0.1794 0.0087 0.0150
3 0.1319 0.1797 0.0075 0.0187
3 0.1219 0.1819 0.0063 0.0200
3 0.1137 0.1850 0.0087 0.0200
3 0.1062 0.1875 0.0063 0.0187
3 0.1000 0.1894 0.0063 0.0225
3 0.0922 0.1900 0.0063 0.0238
3 0.0797 0.1875 0.0063 0.0187
3 0.0722 0.1875 0.0100 0.0187
3 0.2094 0.0697 0.0125 0.0238
3 0.2184 0.0131 0.0150 0.0138
3 0.2372 0.0075 0.0150 0.0150
3 0.2231 0.1075 0.0150 0.0212
3 0.2406 0.1503 0.0125 0.0225
3 0.2600 0.1909 0.0138 0.0225
3 0.3241 0.2400 0.0200 0.0175
3 0.2725 0.0459 0.0075 0.0138
3 0.2791 0.0437 0.0112 0.0187
3 0.2847 0.0416 0.0100 0.0175
3 0.2925 0.0400 0.0100 0.0175
3 0.2981 0.0362 0.0150 0.0225
3 0.3047 0.0344 0.0125 0.0187
3 0.3147 0.0319 0.0138 0.0200
3 0.3312 0.0172 0.0125 0.0125
3 0.3366 0.0150 0.0138 0.0175
3 0.3481 0.0078 0.0150 0.0125
3 0.1622 0.1672 0.0150 0.0187
3 0.1694 0.1625 0.0138 0.0187
3 0.1753 0.1619 0.0100 0.0175
3 0.1506 0.1400 0.0075 0.0175
3 0.1269 0.0525 0.0100 0.0175
3 0.1197 0.0866 0.0112 0.0200
3 0.1316 0.0813 0.0100 0.0187
3 0.1525 0.0441 0.0112 0.0225
3 0.1394 0.0950 0.0100 0.0212
3 0.1462 0.0938 0.0112 0.0187
3 0.0944 0.0922 0.0138 0.0187
3 0.1762 0.1156 0.0087 0.0187
3 0.1825 0.1322 0.0087 0.0175
3 0.1759 0.1319 0.0112 0.0200
3 0.1628 0.1147 0.0100 0.0200
3 0.1672 0.1344 0.0125 0.0187
3 0.1603 0.1337 0.0112 0.0175
3 0.1547 0.1353 0.0125 0.0175
3 0.1444 0.1231 0.0075 0.0150
3 0.1381 0.1263 0.0075 0.0150
3 0.1328 0.1269 0.0063 0.0163
3 0.1281 0.1266 0.0063 0.0187
3 0.1200 0.1306 0.0087 0.0175
3 0.1137 0.1322 0.0087 0.0175
3 0.0828 0.1416 0.0063 0.0175
3 0.0912 0.1384 0.0075 0.0175
3 0.0991 0.1384 0.0075 0.0175
3 0.1066 0.1506 0.0100 0.0200
3 0.0912 0.1547 0.0075 0.0187
3 0.1175 0.1462 0.0100 0.0175
3 0.1250 0.1453 0.0063 0.0187
3 0.1313 0.1450 0.0063 0.0150
3 0.1425 0.1413 0.0100 0.0200
3 0.3712 0.1875 0.0175 0.0063
3 0.4412 0.1403 0.0138 0.0087
3 0.4447 0.1456 0.0175 0.0100
3 0.4456 0.1566 0.0163 0.0100
3 0.3956 0.1303 0.0163 0.0138
3 0.3987 0.1381 0.0163 0.0075
3 0.4006 0.1447 0.0138 0.0112
3 0.3850 0.1403 0.0138 0.0087
3 0.3888 0.1541 0.0150 0.0112
3 0.3937 0.1650 0.0187 0.0112
3 0.3550 0.1431 0.0163 0.0175
3 0.3597 0.1487 0.0163 0.0100
3 0.3600 0.1550 0.0138 0.0100
3 0.3684 0.1716 0.0150 0.0087
3 0.3675 0.1788 0.0163 0.0075
3 0.4194 0.2075 0.0138 0.0087
3 0.4419 0.1359 0.0150 0.0063
3 0.4375 0.1288 0.0187 0.0138
3 0.4703 0.1387 0.0125 0.0087
3 0.4828 0.1356 0.0125 0.0087
3 0.4606 0.0041 0.0087 0.0050
3 0.4519 0.0059 0.0100 0.0087
3 0.4450 0.0059 0.0087 0.0087
3 0.4219 0.0131 0.0125 0.0200
3 0.4150 0.0131 0.0112 0.0200
3 0.4078 0.0187 0.0125 0.0187
3 0.4031 0.0191 0.0125 0.0163
3 0.3947 0.0238 0.0112 0.0225
3 0.3269 0.0613 0.0100 0.0163
3 0.3400 0.0553 0.0112 0.0200
3 0.4113 0.1062 0.0100 0.0187
3 0.4178 0.1047 0.0138 0.0250
3 0.4269 0.1022 0.0100 0.0200
3 0.4419 0.0981 0.0087 0.0212
3 0.4487 0.0969 0.0100 0.0187
3 0.4544 0.0934 0.0087 0.0212
3 0.4603 0.0916 0.0112 0.0238
3 0.4719 0.0887 0.0125 0.0212
3 0.4787 0.0863 0.0138 0.0225
3 0.5025 0.1078 0.0175 0.0125
3 0.5112 0.1337 0.0163 0.0112
3 0.5259 0.1775 0.0175 0.0112
3 0.4637 0.1212 0.0150 0.0112
3 0.4662 0.1278 0.0138 0.0087
3 0.4828 0.1237 0.0125 0.0100
3 0.8000 0.4894 0.0125 0.0225
3 0.8150 0.4872 0.0112 0.0212
3 0.7472 0.4653 0.0163 0.0150
3 0.9184 0.7006 0.0150 0.0138
3 0.9903 0.6362 0.0087 0.0163
3 0.9838 0.6400 0.0112 0.0175
3 0.9769 0.6428 0.0100 0.0200
3 0.9713 0.6456 0.0112 0.0225
3 0.9650 0.6469 0.0112 0.0187
3 0.9494 0.6512 0.0112 0.0212
3 0.9441 0.6537 0.0100 0.0200
3 0.9356 0.6575 0.0087 0.0212
3 0.9291 0.6606 0.0112 0.0212
3 0.9197 0.6650 0.0112 0.0238
3 0.9116 0.6787 0.0138 0.0138
3 0.9134 0.6875 0.0175 0.0125
3 0.9169 0.6937 0.0150 0.0125
3 0.9231 0.7094 0.0150 0.0125
3 0.9706 0.7159 0.0100 0.0100
3 0.9238 0.7144 0.0163 0.0100
3 0.9291 0.7206 0.0175 0.0100
3 0.9300 0.7306 0.0163 0.0112
3 0.9331 0.7403 0.0163 0.0087
3 0.9419 0.6834 0.0150 0.0138
3 0.9591 0.6769 0.0150 0.0100
3 0.9437 0.6912 0.0187 0.0138
3 0.9584 0.6853 0.0138 0.0112
3 0.9488 0.6987 0.0163 0.0100
3 0.9619 0.6944 0.0112 0.0075
3 0.9497 0.7037 0.0150 0.0138
3 0.9641 0.7003 0.0125 0.0100
3 0.9544 0.7137 0.0150 0.0087
3 0.9688 0.7081 0.0125 0.0100
3 0.7509 0.4719 0.0175 0.0125
3 0.7519 0.4781 0.0163 0.0125
3 0.7544 0.4891 0.0150 0.0125
3 0.7569 0.4966 0.0138 0.0087
3 0.7616 0.5034 0.0138 0.0163
3 0.7647 0.5122 0.0138 0.0150
3 0.7675 0.5231 0.0163 0.0212
3 0.7731 0.5447 0.0150 0.0112
3 0.7762 0.5525 0.0150 0.0112
3 0.7784 0.5609 0.0163 0.0125
3 0.7787 0.5684 0.0138 0.0087
3 0.7841 0.5769 0.0150 0.0100
3 0.7638 0.5659 0.0087 0.0163
3 0.7678 0.5813 0.0075 0.0187
3 0.7772 0.6044 0.0075 0.0212
3 0.7806 0.6209 0.0112 0.0200
3 0.8025 0.5419 0.0112 0.0212
3 0.8113 0.5381 0.0100 0.0200
3 0.8169 0.5344 0.0087 0.0187
3 0.7975 0.5225 0.0138 0.0200
3 0.8047 0.5200 0.0125 0.0212
3 0.8172 0.5131 0.0125 0.0200
3 0.8294 0.5144 0.0150 0.0225
3 0.8337 0.5631 0.0112 0.0200
3 0.8387 0.5600 0.0087 0.0200
3 0.8463 0.5600 0.0112 0.0200
3 0.8238 0.5656 0.0100 0.0250
3 0.8131 0.5669 0.0138 0.0212
3 0.9025 0.6150 0.0175 0.0175
3 0.9556 0.7231 0.0175 0.0150
3 0.9600 0.7309 0.0138 0.0087
3 0.9988 0.7319 0.0037 0.0075
3 0.9981 0.7375 0.0025 0.0063
3 0.9991 0.7444 0.0013 0.0075
3 0.9631 0.7400 0.0138 0.0112
3 0.9450 0.7884 0.0150 0.0112
3 0.9500 0.7950 0.0125 0.0087
3 0.9531 0.8028 0.0125 0.0087
3 0.9531 0.8081 0.0125 0.0100
3 0.9569 0.8166 0.0138 0.0112
3 0.9594 0.8241 0.0125 0.0075
3 0.9653 0.8322 0.0150 0.0112
3 0.9669 0.8409 0.0150 0.0100
3 0.9688 0.8463 0.0125 0.0112
3 0.3706 0.0478 0.0100 0.0175
3 0.9959 0.7256 0.0075 0.0075
3 0.9956 0.7191 0.0100 0.0100
3 0.9938 0.7128 0.0125 0.0100
3 0.9928 0.7069 0.0138 0.0075
3 0.9662 0.7494 0.0138 0.0112
3 0.9688 0.7581 0.0125 0.0100
3 0.9694 0.7650 0.0138 0.0112
3 0.9731 0.7750 0.0150 0.0125
3 0.9728 0.7275 0.0112 0.0112
3 0.9762 0.7406 0.0150 0.0125
3 0.9794 0.7481 0.0150 0.0150
3 0.9834 0.7559 0.0138 0.0087
3 0.9847 0.7641 0.0163 0.0125
3 0.9866 0.7694 0.0138 0.0138
3 0.9891 0.7800 0.0125 0.0163
3 0.9772 0.7831 0.0138 0.0163
3 0.9834 0.7934 0.0138 0.0150
3 0.9938 0.7875 0.0125 0.0125
3 0.9956 0.7950 0.0100 0.0087
3 0.9838 0.8016 0.0112 0.0125
3 0.9884 0.8081 0.0112 0.0100
3 0.9978 0.8059 0.0050 0.0087
3 0.9925 0.8191 0.0163 0.0100
3 0.9928 0.8275 0.0138 0.0112
3 0.9825 0.6697 0.0150 0.0112
3 0.9956 0.6644 0.0100 0.0100
3 0.9844 0.6772 0.0125 0.0075
3 0.9875 0.6850 0.0187 0.0138
3 0.9978 0.6803 0.0050 0.0075
3 0.9916 0.6956 0.0175 0.0100
3 0.5256 0.9988 0.0075 0.0037
3 0.5475 0.9950 0.0138 0.0087
3 0.4900 0.8700 0.0112 0.0212
3 0.1325 0.8444 0.0150 0.0075
3 0.1331 0.8519 0.0163 0.0100
3 0.1372 0.8588 0.0150 0.0112
3 0.1434 0.8700 0.0150 0.0087
3 0.1334 0.8984 0.0138 0.0187
3 0.1263 0.9394 0.0150 0.0100
3 0.1253 0.9572 0.0163 0.0112
3 0.1212 0.9637 0.0175 0.0087
3 0.1256 0.9831 0.0200 0.0100
3 0.1503 0.9347 0.0100 0.0287
3 0.1819 0.9619 0.0138 0.0050
3 0.2087 0.9637 0.0112 0.0212
3 0.5019 0.8619 0.0100 0.0175
3 0.4956 0.8666 0.0100 0.0175
3 0.2334 0.8741 0.0138 0.0138
3 0.1231 0.8250 0.0150 0.0063
3 0.2497 0.8766 0.0150 0.0125
3 0.2519 0.8894 0.0163 0.0100
3 0.2606 0.9128 0.0150 0.0100
3 0.2509 0.9275 0.0112 0.0112
3 0.2609 0.9322 0.0125 0.0112
3 0.2691 0.9425 0.0163 0.0100
3 0.2794 0.9553 0.0150 0.0075
3 0.2816 0.9644 0.0163 0.0100
3 0.3253 0.9625 0.0163 0.0187
3 0.2778 0.9781 0.0150 0.0187
3 0.2963 0.9919 0.0112 0.0150
3 0.1844 0.9675 0.0125 0.0100
3 0.1872 0.9788 0.0150 0.0075
3 0.1922 0.9875 0.0187 0.0063
3 0.1263 0.8316 0.0150 0.0100
3 0.1172 0.8137 0.0187 0.0087
3 0.4428 0.9241 0.0138 0.0200
3 0.4222 0.5891 0.0100 0.0187
3 0.2169 0.6522 0.0150 0.0138
3 0.2222 0.6694 0.0163 0.0138
3 0.1994 0.5556 0.0112 0.0175
3 0.1913 0.5616 0.0138 0.0200
3 0.2013 0.5750 0.0087 0.0187
3 0.1928 0.5763 0.0075 0.0150
3 0.3872 0.5828 0.0087 0.0187
3 0.3928 0.5834 0.0075 0.0200
3 0.3991 0.5816 0.0075 0.0163
3 0.4059 0.5763 0.0150 0.0212
3 0.4144 0.5759 0.0100 0.0175
3 0.4213 0.5741 0.0112 0.0200
3 0.4284 0.5703 0.0100 0.0187
3 0.4325 0.5875 0.0087 0.0187
3 0.4150 0.5931 0.0112 0.0175
3 0.1141 0.8072 0.0187 0.0112
3 0.4103 0.5944 0.0112 0.0200
3 0.4019 0.5975 0.0100 0.0200
3 0.3912 0.6031 0.0138 0.0250
3 0.4044 0.6481 0.0150 0.0087
3 0.4059 0.6581 0.0150 0.0100
3 0.1988 0.7481 0.0163 0.0087
3 0.2072 0.7566 0.0175 0.0100
3 0.2737 0.7525 0.0163 0.0112
3 0.2784 0.7584 0.0163 0.0138
3 0.2984 0.8200 0.0187 0.0087
3 0.2150 0.7806 0.0175 0.0112
3 0.2188 0.7956 0.0187 0.0100
3 0.2288 0.8313 0.0138 0.0063
3 0.2356 0.8434 0.0150 0.0087
3 0.1928 0.9953 0.0138 0.0063
3 0.4181 0.9872 0.0112 0.0087
3 0.4056 0.9900 0.0175 0.0112
3 0.3091 0.9925 0.0087 0.0163
3 0.3159 0.9916 0.0100 0.0175
3 0.3250 0.9863 0.0063 0.0163
3 0.3309 0.9894 0.0087 0.0225
3 0.3362 0.9866 0.0100 0.0263
3 0.3450 0.9766 0.0087 0.0187
3 0.3419 0.9928 0.0087 0.0138
3 0.3513 0.9762 0.0087 0.0212
3 0.2913 0.9762 0.0138 0.0212
3 0.3541 0.9553 0.0175 0.0200
3 0.3728 0.9450 0.0175 0.0150
3 0.3931 0.9384 0.0175 0.0175
3 0.4050 0.9363 0.0163 0.0163
3 0.4138 0.9319 0.0150 0.0200
3 0.4231 0.9294 0.0150 0.0212
3 0.2122 0.6416 0.0150 0.0112
3 0.2106 0.6338 0.0150 0.0112
3 0.1825 0.6338 0.0087 0.0238
3 0.0444 0.6916 0.0200 0.0112
3 0.0312 0.6656 0.0187 0.0125
3 0.0372 0.8122 0.0150 0.0087
3 0.0966 0.7981 0.0150 0.0087
3 0.0534 0.4475 0.0100 0.0200
3 0.1613 0.6350 0.0163 0.0138
3 0.1962 0.5963 0.0050 0.0175
3 0.1303 0.5463 0.0138 0.0112
3 0.1350 0.5581 0.0138 0.0100
3 0.1356 0.5653 0.0150 0.0087
3 0.1413 0.5737 0.0138 0.0100
3 0.1722 0.5431 0.0100 0.0175
3 0.1791 0.5431 0.0112 0.0175
3 0.1866 0.5406 0.0138 0.0187
3 0.1953 0.5381 0.0125 0.0200
3 0.2087 0.5525 0.0112 0.0175
3 0.2150 0.5684 0.0112 0.0212
3 0.2213 0.5872 0.0112 0.0212
3 0.2156 0.5928 0.0063 0.0138
3 0.2087 0.5950 0.0050 0.0150
3 0.2022 0.5931 0.0075 0.0175
3 0.1897 0.5978 0.0075 0.0175
3 0.0047 0.4569 0.0063 0.0200
3 0.1741 0.6038 0.0138 0.0138
3 0.2009 0.6244 0.0112 0.0112
3 0.2144 0.6122 0.0100 0.0150
3 0.2087 0.6166 0.0112 0.0175
3 0.1791 0.5675 0.0112 0.0163
3 0.1853 0.5650 0.0112 0.0175
3 0.1437 0.3359 0.0187 0.0125
3 0.1425 0.5806 0.0163 0.0112
3 0.1434 0.5900 0.0150 0.0112
3 0.1487 0.5975 0.0163 0.0138
3 0.1519 0.6062 0.0163 0.0125
3 0.1544 0.6156 0.0150 0.0125
3 0.1559 0.6231 0.0150 0.0150
3 0.1575 0.6287 0.0150 0.0138
3 0.1281 0.5384 0.0125 0.0112
3 0.1231 0.5291 0.0150 0.0112
3 0.1381 0.5319 0.0138 0.0138
3 0.1366 0.5209 0.0138 0.0138
3 0.0094 0.4744 0.0125 0.0175
3 0.0150 0.4981 0.0175 0.0275
3 0.0294 0.5200 0.0150 0.0212
3 0.0359 0.5403 0.0125 0.0212
3 0.0450 0.3369 0.0150 0.0112
3 0.0378 0.3519 0.0163 0.0100
3 0.0756 0.3253 0.0200 0.0163
3 0.0725 0.3409 0.0138 0.0100
3 0.0722 0.3494 0.0163 0.0112
3 0.1994 0.3178 0.0175 0.0138
3 0.2741 0.3275 0.0075 0.0175
3 0.2791 0.3244 0.0112 0.0175
3 0.3022 0.3163 0.0138 0.0200
3 0.3081 0.3125 0.0100 0.0187
3 0.3181 0.3103 0.0112 0.0175
3 0.3247 0.3072 0.0087 0.0175
3 0.3319 0.3075 0.0075 0.0212
3 0.3412 0.3312 0.0138 0.0187
3 0.3300 0.3381 0.0100 0.0200
3 0.3237 0.3422 0.0100 0.0187
3 0.3125 0.3422 0.0125 0.0187
3 0.3019 0.3481 0.0100 0.0212
3 0.2838 0.3547 0.0112 0.0187
3 0.2681 0.3597 0.0050 0.0163
3 0.1259 0.4928 0.0175 0.0138
3 0.1288 0.5009 0.0138 0.0112
3 0.1281 0.5078 0.0125 0.0125
3 0.1447 0.4944 0.0112 0.0200
3 0.1313 0.5169 0.0125 0.0150
3 0.4303 0.9275 0.0138 0.0238
3 0.4516 0.9203 0.0125 0.0187
3 0.5284 0.7709 0.0163 0.0138
3 0.5188 0.7537 0.0187 0.0138
3 0.5237 0.7609 0.0163 0.0125
3 0.5159 0.7469 0.0163 0.0125
3 0.4575 0.9187 0.0150 0.0187
3 0.4906 0.6659 0.0125 0.0163
3 0.4513 0.5400 0.0150 0.0112
3 0.4559 0.5475 0.0150 0.0138
3 0.4606 0.5569 0.0150 0.0138
3 0.4616 0.5662 0.0138 0.0138
3 0.4662 0.5794 0.0138 0.0150
3 0.4662 0.5887 0.0138 0.0150
3 0.4706 0.5956 0.0163 0.0100
3 0.4753 0.6041 0.0163 0.0112
3 0.4772 0.6144 0.0138 0.0100
3 0.4794 0.6203 0.0150 0.0125
3 0.4806 0.6294 0.0175 0.0087
3 0.4859 0.6362 0.0187 0.0100
3 0.4856 0.6450 0.0150 0.0087
3 0.4862 0.6541 0.0163 0.0112
3 0.4959 0.6794 0.0138 0.0150
3 0.5153 0.7356 0.0150 0.0087
3 0.4034 0.4897 0.0100 0.0200
3 0.5353 0.6259 0.0112 0.0238
3 0.5425 0.6234 0.0100 0.0250
3 0.5519 0.6197 0.0100 0.0238
3 0.5588 0.6162 0.0112 0.0263
3 0.5647 0.6141 0.0075 0.0250
3 0.5722 0.6141 0.0100 0.0250
3 0.5816 0.6100 0.0100 0.0200
3 0.5894 0.6081 0.0100 0.0225
3 0.6047 0.6019 0.0125 0.0225
3 0.5994 0.6569 0.0112 0.0200
3 0.5056 0.7094 0.0175 0.0125
3 0.5094 0.7150 0.0125 0.0112
3 0.5112 0.7272 0.0163 0.0138
3 0.4513 0.5303 0.0150 0.0138
3 0.4481 0.5259 0.0150 0.0112
3 0.5925 0.5456 0.0163 0.0100
3 0.5437 0.9187 0.0125 0.0187
3 0.5138 0.9372 0.0150 0.0212
3 0.5178 0.9325 0.0138 0.0212
3 0.5272 0.9250 0.0138 0.0187
3 0.5241 0.8938 0.0138 0.0187
3 0.5309 0.8881 0.0150 0.0200
3 0.5381 0.8816 0.0138 0.0163
3 0.5453 0.8766 0.0125 0.0187
3 0.5516 0.8706 0.0125 0.0163
3 0.5559 0.8672 0.0150 0.0187
3 0.5600 0.8613 0.0138 0.0163
3 0.5675 0.8562 0.0163 0.0187
3 0.5716 0.8488 0.0150 0.0163
3 0.5981 0.8622 0.0150 0.0150
3 0.5350 0.9213 0.0138 0.0175
3 0.5525 0.9113 0.0112 0.0163
3 0.5525 0.2756 0.0112 0.0200
3 0.5594 0.9050 0.0125 0.0163
3 0.5622 0.8984 0.0150 0.0187
3 0.5731 0.8897 0.0150 0.0138
3 0.5772 0.8850 0.0138 0.0138
3 0.5850 0.8828 0.0138 0.0187
3 0.5872 0.8753 0.0150 0.0163
3 0.5966 0.8697 0.0150 0.0112
3 0.6694 0.8459 0.0138 0.0075
3 0.7044 0.8578 0.0150 0.0125
3 0.3725 0.3063 0.0138 0.0125
3 0.3769 0.3150 0.0163 0.0112
3 0.4437 0.2797 0.0187 0.0125
3 0.4756 0.2562 0.0075 0.0187
3 0.5256 0.2403 0.0138 0.0212
3 0.5078 0.9397 0.0125 0.0200
3 0.4978 0.9428 0.0112 0.0200
3 0.4459 0.9425 0.0075 0.0163
3 0.4487 0.9581 0.0100 0.0163
3 0.4637 0.9172 0.0150 0.0187
3 0.4713 0.9172 0.0175 0.0250
3 0.4806 0.9147 0.0175 0.0200
3 0.4925 0.9075 0.0163 0.0212
3 0.5037 0.9012 0.0138 0.0212
3 0.5128 0.9000 0.0100 0.0187
3 0.3541 0.9897 0.0050 0.0200
3 0.3641 0.9706 0.0063 0.0163
3 0.3622 0.9863 0.0087 0.0163
3 0.3688 0.9834 0.0063 0.0200
3 0.3766 0.9662 0.0063 0.0138
3 0.3756 0.9822 0.0075 0.0175
3 0.3841 0.9650 0.0087 0.0175
3 0.3819 0.9812 0.0075 0.0187
3 0.3925 0.9625 0.0100 0.0187
3 0.3897 0.9806 0.0075 0.0175
3 0.4047 0.9603 0.0063 0.0175
3 0.4019 0.9759 0.0100 0.0175
3 0.4122 0.9547 0.0087 0.0187
3 0.4106 0.9744 0.0087 0.0175
3 0.4191 0.9525 0.0100 0.0175
3 0.4188 0.9691 0.0063 0.0163
3 0.4250 0.9522 0.0063 0.0138
3 0.4250 0.9675 0.0063 0.0163
3 0.4303 0.9659 0.0075 0.0163
3 0.4319 0.9475 0.0075 0.0138
3 0.4388 0.9475 0.0087 0.0138
3 0.4353 0.9644 0.0050 0.0163
3 0.4419 0.9597 0.0087 0.0163
3 0.5116 0.2466 0.0138 0.0212
3 0.5581 0.2725 0.0100 0.0200
3 0.4459 0.5134 0.0138 0.0112
3 0.3931 0.3788 0.0175 0.0075
3 0.4275 0.3244 0.0112 0.0175
3 0.4150 0.3109 0.0112 0.0187
3 0.4059 0.3125 0.0087 0.0187
3 0.4097 0.3297 0.0100 0.0187
3 0.4191 0.3281 0.0100 0.0187
3 0.4153 0.3425 0.0150 0.0100
3 0.4200 0.3575 0.0087 0.0150
3 0.4253 0.3556 0.0100 0.0175
3 0.4384 0.3506 0.0112 0.0200
3 0.3837 0.3334 0.0175 0.0138
3 0.3866 0.3394 0.0138 0.0100
3 0.3925 0.3509 0.0163 0.0112
3 0.3937 0.3644 0.0187 0.0100
3 0.3925 0.3709 0.0163 0.0075
3 0.3991 0.3875 0.0138 0.0063
3 0.5644 0.2703 0.0100 0.0187
3 0.4019 0.3978 0.0163 0.0050
3 0.4066 0.4069 0.0163 0.0075
3 0.4081 0.4131 0.0163 0.0075
3 0.4119 0.4213 0.0175 0.0050
3 0.4153 0.4263 0.0150 0.0087
3 0.4206 0.4381 0.0163 0.0075
3 0.4194 0.4481 0.0138 0.0087
3 0.4244 0.4537 0.0175 0.0075
3 0.4253 0.4631 0.0163 0.0075
3 0.4287 0.4700 0.0138 0.0087
3 0.4313 0.4775 0.0187 0.0112
3 0.4362 0.4903 0.0163 0.0087
3 0.4391 0.4969 0.0125 0.0063
3 0.4425 0.5025 0.0163 0.0112
3 0.4331 0.3222 0.0100 0.0163
3 0.4256 0.3072 0.0075 0.0175
3 0.4559 0.3378 0.0150 0.0100
3 0.4400 0.3187 0.0112 0.0187
3 0.5713 0.2684 0.0112 0.0212
3 0.5787 0.2659 0.0138 0.0225
3 0.5881 0.2628 0.0138 0.0225
3 0.5950 0.2584 0.0087 0.0200
3 0.6025 0.2584 0.0112 0.0200
3 0.5116 0.2931 0.0138 0.0175
3 0.5009 0.2828 0.0112 0.0187
3 0.4941 0.2822 0.0100 0.0175
3 0.4875 0.2859 0.0125 0.0187
3 0.4797 0.2881 0.0125 0.0200
3 0.5056 0.2994 0.0112 0.0175
3 0.4987 0.2984 0.0100 0.0187
3 0.4947 0.3038 0.0112 0.0200
3 0.4884 0.3053 0.0112 0.0200
3 0.4794 0.3063 0.0087 0.0187
3 0.4681 0.3094 0.0112 0.0187
3 0.4797 0.3281 0.0125 0.0125
3 0.4981 0.3300 0.0087 0.0163
3 0.5066 0.3266 0.0100 0.0187
3 0.5172 0.3237 0.0063 0.0163
3 0.5300 0.3419 0.0163 0.0087
3 0.5338 0.3513 0.0175 0.0087
3 0.5356 0.3591 0.0150 0.0087
3 0.5422 0.3737 0.0187 0.0100
3 0.4463 0.3003 0.0112 0.0163
3 0.4513 0.2994 0.0087 0.0175
3 0.4572 0.3131 0.0112 0.0200
3 0.4509 0.3163 0.0112 0.0200
3 0.4338 0.3056 0.0112 0.0175
