3 0.7631 0.5844 0.0200 0.0187
3 0.7216 0.3953 0.0212 0.0187
3 0.7441 0.3666 0.0225 0.0175
3 0.7816 0.3116 0.0225 0.0200
3 0.6309 0.4119 0.0212 0.0175
3 0.6253 0.4219 0.0225 0.0187
3 0.6494 0.3841 0.0238 0.0212
3 0.6644 0.5034 0.0225 0.0163
3 0.6716 0.3556 0.0212 0.0175
3 0.9262 0.6334 0.0212 0.0138
3 0.9566 0.6422 0.0163 0.0125
3 0.6594 0.3612 0.0187 0.0163
3 0.6566 0.3731 0.0225 0.0212
3 0.6456 0.4959 0.0225 0.0138
3 0.8069 0.5975 0.0200 0.0138
3 0.9822 0.6491 0.0238 0.0138
3 0.5100 0.4531 0.0200 0.0125
3 0.5597 0.4716 0.0225 0.0150
3 0.5837 0.4784 0.0238 0.0163
3 0.4878 0.5041 0.0225 0.0175
3 0.6875 0.5097 0.0187 0.0163
3 0.7291 0.3844 0.0238 0.0187
3 0.7122 0.5175 0.0212 0.0163
3 0.7531 0.5291 0.0250 0.0175
3 0.7772 0.5356 0.0200 0.0150
3 0.8281 0.5550 0.0250 0.0163
3 0.8556 0.5597 0.0238 0.0163
3 0.8806 0.5669 0.0238 0.0150
3 0.7991 0.5450 0.0263 0.0150
3 0.6800 0.4622 0.0163 0.0212
3 0.6978 0.4650 0.0175 0.0238
3 0.7275 0.4709 0.0175 0.0263
3 0.7812 0.5919 0.0250 0.0150
3 0.7406 0.5769 0.0187 0.0163
3 0.7122 0.5706 0.0212 0.0163
3 0.3166 0.6987 0.0175 0.0287
3 0.1984 0.8094 0.0187 0.0312
3 0.5319 0.5166 0.0512 0.0238
3 0.8491 0.6047 0.0450 0.0250
3 0.9106 0.5797 0.0338 0.0187
3 0.8341 0.5066 0.0275 0.0163
3 0.4637 0.4537 0.0338 0.0200
3 0.4141 0.0097 0.0125 0.0163
3 0.4400 0.0059 0.0112 0.0087
3 0.4516 0.0091 0.0125 0.0150
3 0.5159 0.0028 0.0100 0.0025
3 0.5112 0.0144 0.0163 0.0225
3 0.5037 0.0412 0.0138 0.0263
3 0.4037 0.0519 0.0138 0.0225
3 0.4959 0.0641 0.0138 0.0187
3 0.4884 0.0925 0.0175 0.0225
3 0.3881 0.1034 0.0138 0.0225
3 0.4356 0.0663 0.0150 0.0263
3 0.4809 0.1197 0.0150 0.0238
3 0.4747 0.1450 0.0150 0.0212
3 0.4669 0.1659 0.0150 0.0225
3 0.4378 0.2691 0.0163 0.0225
3 0.4531 0.2178 0.0125 0.0263
3 0.4309 0.2931 0.0150 0.0238
3 0.3087 0.7253 0.0175 0.0225
3 0.0547 0.9806 0.0187 0.0175
3 0.0466 0.9194 0.0150 0.0200
3 0.1544 0.9228 0.0150 0.0238
3 0.2366 0.9762 0.0138 0.0212
3 0.2509 0.9206 0.0175 0.0225
3 0.2606 0.8975 0.0150 0.0200
3 0.2675 0.8713 0.0163 0.0238
3 0.2722 0.8441 0.0163 0.0225
3 0.3016 0.7475 0.0125 0.0200
3 0.3228 0.6716 0.0175 0.0275
3 0.3300 0.6450 0.0163 0.0212
3 0.3447 0.5947 0.0175 0.0238
3 0.3497 0.5716 0.0150 0.0212
3 0.3556 0.5503 0.0175 0.0225
3 0.2931 0.5534 0.0175 0.0225
3 0.3366 0.6153 0.0138 0.0212
3 0.5938 0.5338 0.0250 0.0175
3 0.6241 0.5422 0.0263 0.0187
3 0.6466 0.5481 0.0212 0.0150
3 0.6709 0.5544 0.0263 0.0150
3 0.4234 0.3150 0.0125 0.0238
3 0.3594 0.2013 0.0125 0.0275
3 0.4094 0.3669 0.0125 0.0212
3 0.3334 0.3013 0.0138 0.0212
3 0.3387 0.2753 0.0150 0.0225
3 0.3469 0.2494 0.0187 0.0238
3 0.3819 0.1275 0.0138 0.0238
3 0.4612 0.1906 0.0163 0.0250
3 0.3741 0.1569 0.0138 0.0200
3 0.3947 0.0762 0.0112 0.0212
3 0.4472 0.2456 0.0163 0.0225
3 0.3669 0.1778 0.0150 0.0212
3 0.3788 0.2575 0.0138 0.0212
3 0.3234 0.3284 0.0125 0.0225
3 0.3556 0.3397 0.0175 0.0263
3 0.4169 0.3419 0.0150 0.0212
3 0.3163 0.4825 0.0138 0.0212
3 0.4300 0.4875 0.0225 0.0187
3 0.1359 0.9475 0.0187 0.0138
3 0.2609 0.4625 0.0125 0.0187
3 0.4191 0.4269 0.0350 0.0225
