3 0.0825 0.5534 0.0212 0.0163
3 0.4553 0.1006 0.0450 0.0138
3 0.1950 0.0491 0.0462 0.0138
3 0.7453 0.9134 0.0250 0.0238
3 0.8400 0.8762 0.0238 0.0212
3 0.9594 0.7913 0.0125 0.0263
3 0.9244 0.8019 0.0112 0.0225
3 0.9609 0.8325 0.0250 0.0212
3 0.9516 0.8394 0.0250 0.0225
3 0.9025 0.8538 0.0238 0.0200
3 0.8819 0.8644 0.0200 0.0225
3 0.7181 0.9194 0.0238 0.0200
3 0.7331 0.9197 0.0225 0.0238
3 0.7709 0.9059 0.0263 0.0212
3 0.8287 0.8822 0.0263 0.0238
3 0.8156 0.8847 0.0250 0.0225
3 0.7931 0.8988 0.0238 0.0225
3 0.7578 0.9097 0.0250 0.0225
3 0.9713 0.7881 0.0112 0.0200
3 0.9656 0.7672 0.0125 0.0250
3 0.9497 0.7725 0.0150 0.0263
3 0.6634 0.8456 0.0238 0.0225
3 0.7775 0.2597 0.0175 0.0225
3 0.7963 0.3600 0.0238 0.0200
3 0.8028 0.3712 0.0212 0.0175
3 0.8881 0.4931 0.0263 0.0175
3 0.5244 0.8919 0.0238 0.0275
3 0.4459 0.7863 0.0200 0.0225
3 0.6963 0.9647 0.0238 0.0138
3 0.7019 0.9469 0.0225 0.0187
3 0.7275 0.9369 0.0238 0.0175
3 0.7494 0.9287 0.0238 0.0138
3 0.8709 0.8875 0.0263 0.0187
3 0.9184 0.8869 0.0212 0.0175
3 0.9456 0.8594 0.0225 0.0125
3 0.7612 0.2644 0.0163 0.0225
3 0.9387 0.2669 0.0150 0.0212
3 0.9259 0.2647 0.0112 0.0200
3 0.9075 0.1625 0.0212 0.0187
3 0.9700 0.2266 0.0212 0.0187
3 0.9809 0.2403 0.0150 0.0212
3 0.5600 0.1247 0.0263 0.0150
3 0.5847 0.1244 0.0225 0.0112
3 0.8569 0.0853 0.0200 0.0112
3 0.7597 0.0456 0.0225 0.0100
3 0.8722 0.1819 0.0225 0.0138
3 0.8469 0.2550 0.0250 0.0100
3 0.8756 0.1700 0.0200 0.0150
3 0.7972 0.2278 0.0163 0.0212
3 0.8472 0.2644 0.0225 0.0100
3 0.9044 0.2747 0.0150 0.0150
3 0.9150 0.2647 0.0112 0.0200
3 0.8650 0.1950 0.0238 0.0150
3 0.8925 0.8794 0.0225 0.0150
3 0.6891 0.8384 0.0250 0.0238
3 0.9619 0.1984 0.0238 0.0125
3 0.7087 0.8300 0.0238 0.0225
3 0.7806 0.8375 0.0112 0.0187
3 0.7775 0.8588 0.0112 0.0238
3 0.7656 0.8631 0.0125 0.0200
3 0.7400 0.8694 0.0112 0.0200
3 0.7306 0.8750 0.0112 0.0250
3 0.8172 0.8241 0.0125 0.0200
3 0.8356 0.8356 0.0150 0.0212
3 0.8656 0.8047 0.0125 0.0187
3 0.8625 0.8287 0.0125 0.0200
3 0.8747 0.8206 0.0087 0.0225
3 0.9113 0.8094 0.0100 0.0250
3 0.9022 0.7919 0.0138 0.0212
3 0.9338 0.8006 0.0112 0.0200
3 0.9469 0.7991 0.0125 0.0200
3 0.9753 0.8281 0.0225 0.0250
3 0.7703 0.8400 0.0125 0.0175
3 0.7569 0.8441 0.0138 0.0225
3 0.7456 0.8506 0.0100 0.0200
3 0.8637 0.7694 0.0212 0.0200
3 0.7203 0.8262 0.0250 0.0212
3 0.7431 0.8162 0.0238 0.0200
3 0.7841 0.8006 0.0212 0.0200
3 0.8306 0.7812 0.0238 0.0187
3 0.8416 0.7787 0.0238 0.0200
3 0.8547 0.7744 0.0187 0.0175
3 0.9012 0.7572 0.0212 0.0175
3 0.7338 0.8559 0.0112 0.0212
3 0.9419 0.7425 0.0212 0.0225
3 0.9512 0.7381 0.0212 0.0200
3 0.9619 0.7350 0.0175 0.0200
3 0.9744 0.7300 0.0175 0.0225
3 0.7066 0.8669 0.0100 0.0275
3 0.7156 0.8831 0.0125 0.0225
3 0.9666 0.2162 0.0238 0.0138
3 0.9581 0.1781 0.0225 0.0125
3 0.9281 0.8450 0.0250 0.0212
3 0.2753 0.0269 0.0225 0.0100
3 0.0128 0.2834 0.0163 0.0263
3 0.0059 0.2844 0.0087 0.0250
3 0.0244 0.1094 0.0238 0.0125
3 0.0266 0.5259 0.0250 0.0175
3 0.0497 0.5363 0.0212 0.0163
3 0.1197 0.5694 0.0238 0.0200
3 0.1394 0.5803 0.0225 0.0200
3 0.2506 0.5347 0.0200 0.0163
3 0.2306 0.5422 0.0238 0.0187
3 0.0200 0.0347 0.0275 0.0100
3 0.3850 0.0528 0.0200 0.0087
3 0.9191 0.0225 0.0225 0.0138
3 0.4275 0.0659 0.0238 0.0100
3 0.2406 0.5700 0.0250 0.0150
3 0.3241 0.7034 0.0263 0.0225
3 0.3509 0.7741 0.0238 0.0200
3 0.5456 0.7759 0.0225 0.0175
3 0.5072 0.6588 0.0175 0.0238
3 0.5119 0.6303 0.0175 0.0200
3 0.5947 0.4691 0.0175 0.0225
3 0.6084 0.3600 0.0200 0.0263
3 0.5312 0.0272 0.0250 0.0138
3 0.6138 0.0256 0.0212 0.0138
3 0.6381 0.0269 0.0263 0.0100
3 0.6181 0.1253 0.0238 0.0100
3 0.7634 0.1019 0.0238 0.0100
3 0.8050 0.0675 0.0225 0.0163
3 0.8378 0.0622 0.0225 0.0150
3 0.2822 0.3356 0.0175 0.0275
3 0.2478 0.2694 0.0175 0.0263
3 0.2384 0.2441 0.0175 0.0225
3 0.4766 0.1244 0.0250 0.0112
3 0.3228 0.0506 0.0238 0.0075
3 0.1484 0.1062 0.0250 0.0125
3 0.2188 0.0312 0.0250 0.0125
3 0.2484 0.0284 0.0250 0.0100
3 0.2972 0.0291 0.0225 0.0112
3 0.4381 0.0484 0.0263 0.0125
3 0.3509 0.1359 0.0238 0.0125
3 0.2300 0.2213 0.0163 0.0238
3 0.3700 0.1556 0.0212 0.0238
3 0.2850 0.1259 0.0263 0.0112
3 0.3878 0.1769 0.0225 0.0225
3 0.4353 0.1900 0.0238 0.0112
3 0.2150 0.1772 0.0112 0.0200
3 0.2253 0.2006 0.0163 0.0200
3 0.9359 0.8394 0.0250 0.0225
3 0.9144 0.8494 0.0225 0.0175
3 0.9381 0.7762 0.0138 0.0212
3 0.5672 0.8859 0.0187 0.0250
3 0.5862 0.0238 0.0225 0.0100
3 0.9300 0.0912 0.0225 0.0138
3 0.8706 0.2138 0.0225 0.0087
3 0.8522 0.2347 0.0200 0.0100
3 0.8512 0.2447 0.0212 0.0112
3 0.7069 0.3900 0.0200 0.0238
3 0.3269 0.8000 0.0287 0.0250
3 0.4900 0.6859 0.0175 0.0250
3 0.7525 0.8659 0.0112 0.0225
3 0.7922 0.8331 0.0125 0.0225
3 0.8041 0.8297 0.0112 0.0250
3 0.8525 0.8094 0.0112 0.0250
3 0.8409 0.8144 0.0100 0.0225
3 0.8294 0.8197 0.0150 0.0238
3 0.8244 0.8425 0.0112 0.0225
3 0.8131 0.8469 0.0138 0.0250
3 0.8009 0.8519 0.0112 0.0225
3 0.7906 0.8550 0.0125 0.0225
3 0.8806 0.7987 0.0112 0.0225
3 0.8856 0.8191 0.0150 0.0287
3 0.8969 0.8162 0.0125 0.0263
3 0.9141 0.7856 0.0125 0.0212
3 0.9256 0.7816 0.0138 0.0225
3 0.7194 0.8606 0.0138 0.0212
3 0.7344 0.8216 0.0250 0.0212
3 0.7581 0.8134 0.0225 0.0238
3 0.7447 0.5419 0.0238 0.0150
3 0.7712 0.8069 0.0238 0.0200
3 0.8775 0.7644 0.0238 0.0163
3 0.8900 0.7594 0.0238 0.0187
3 0.9144 0.7497 0.0225 0.0212
3 0.9250 0.7463 0.0187 0.0175
3 0.8219 0.7872 0.0250 0.0212
3 0.7941 0.7975 0.0225 0.0200
3 0.8694 0.8675 0.0200 0.0225
3 0.8581 0.8709 0.0225 0.0200
3 0.3825 0.0212 0.0212 0.0112
3 0.4056 0.1916 0.0175 0.0112
3 0.8594 0.4938 0.0125 0.0187
3 0.7906 0.5172 0.0125 0.0125
3 0.1706 0.2106 0.0163 0.0212
