3 0.1650 0.8706 0.0238 0.0163
3 0.1969 0.8850 0.0250 0.0138
3 0.1275 0.8950 0.0238 0.0150
3 0.1525 0.9053 0.0238 0.0138
3 0.0853 0.8713 0.0238 0.0175
3 0.1369 0.5281 0.0175 0.0125
3 0.0066 0.4475 0.0100 0.0138
3 0.0616 0.8625 0.0263 0.0187
3 0.0197 0.8400 0.0238 0.0175
3 0.0356 0.8256 0.0275 0.0200
3 0.1462 0.8481 0.0238 0.0150
3 0.2994 0.8581 0.0175 0.0225
3 0.2384 0.9069 0.0238 0.0200
3 0.2403 0.8922 0.0212 0.0187
3 0.1894 0.8975 0.0225 0.0200
3 0.1853 0.9203 0.0238 0.0187
3 0.5466 0.9956 0.0212 0.0100
3 0.5819 0.9938 0.0138 0.0125
3 0.5912 0.9956 0.0138 0.0100
3 0.6269 0.9075 0.0100 0.0212
3 0.6062 0.8416 0.0187 0.0238
3 0.3600 0.6838 0.0138 0.0175
3 0.3928 0.5441 0.0138 0.0225
3 0.6306 0.8881 0.0112 0.0200
3 0.6372 0.8613 0.0150 0.0287
3 0.6475 0.8344 0.0138 0.0250
3 0.0091 0.1931 0.0150 0.0175
3 0.0559 0.2150 0.0212 0.0175
3 0.0775 0.2253 0.0238 0.0163
3 0.3112 0.9253 0.0350 0.0287
3 0.3006 0.6050 0.0200 0.0163
3 0.6125 0.4294 0.0250 0.0150
3 0.9019 0.2428 0.0225 0.0138
3 0.9544 0.2891 0.0150 0.0187
3 0.9238 0.9797 0.0163 0.0250
3 0.9484 0.3069 0.0125 0.0200
3 0.6456 0.1487 0.0225 0.0163
3 0.6512 0.1169 0.0212 0.0150
3 0.5134 0.1575 0.0112 0.0212
3 0.4156 0.0319 0.0187 0.0138
3 0.0412 0.3400 0.0200 0.0112
3 0.1831 0.4656 0.0100 0.0187
3 0.0575 0.8216 0.0212 0.0150
3 0.0850 0.8369 0.0200 0.0175
3 0.1181 0.7969 0.0175 0.0125
3 0.6391 0.7322 0.0187 0.0112
3 0.9847 0.2459 0.0225 0.0138
