3 0.8216 0.3831 0.0525 0.0225
3 0.3256 0.8525 0.0512 0.0175
3 0.1519 0.9928 0.0225 0.0138
3 0.8841 0.7044 0.0087 0.0212
3 0.8841 0.8769 0.0087 0.0225
3 0.8847 0.8481 0.0100 0.0150
3 0.8878 0.6834 0.0100 0.0200
3 0.3366 0.4581 0.0138 0.0225
3 0.3253 0.4128 0.0163 0.0225
3 0.3044 0.4722 0.0150 0.0225
3 0.3131 0.4466 0.0138 0.0212
3 0.3509 0.4131 0.0112 0.0200
3 0.3428 0.4366 0.0138 0.0200
3 0.2856 0.6094 0.0150 0.0250
3 0.3181 0.5181 0.0112 0.0175
3 0.3097 0.5437 0.0163 0.0250
3 0.2981 0.5756 0.0150 0.0200
3 0.3566 0.3934 0.0163 0.0212
3 0.2694 0.6638 0.0200 0.0275
3 0.3472 0.9816 0.0163 0.0225
3 0.3575 0.9856 0.0150 0.0212
3 0.3772 0.9872 0.0138 0.0212
3 0.4256 0.9222 0.0138 0.0225
3 0.4759 0.9222 0.0175 0.0225
3 0.4950 0.9381 0.0150 0.0200
3 0.3328 0.3841 0.0125 0.0212
3 0.0713 0.2653 0.0238 0.0150
3 0.3862 0.9656 0.0163 0.0250
3 0.4694 0.1562 0.0200 0.0125
3 0.5409 0.1413 0.0163 0.0138
3 0.5250 0.1356 0.0187 0.0150
3 0.1741 0.2019 0.0138 0.0225
3 0.0922 0.2716 0.0187 0.0150
3 0.1600 0.2419 0.0138 0.0212
3 0.0259 0.2538 0.0238 0.0138
3 0.2347 0.3106 0.0225 0.0150
3 0.2581 0.3216 0.0225 0.0150
3 0.2603 0.2928 0.0238 0.0138
3 0.3206 0.3403 0.0225 0.0150
3 0.4956 0.1606 0.0225 0.0150
3 0.0475 0.2578 0.0200 0.0125
3 0.0834 0.2413 0.0200 0.0138
3 0.1159 0.2775 0.0225 0.0175
3 0.1403 0.2856 0.0212 0.0150
3 0.1622 0.2919 0.0212 0.0150
3 0.1850 0.2978 0.0200 0.0175
3 0.2094 0.3044 0.0250 0.0150
3 0.2794 0.3281 0.0212 0.0125
3 0.2997 0.3331 0.0212 0.0163
3 0.2344 0.2850 0.0250 0.0138
3 0.2853 0.3013 0.0175 0.0150
3 0.3641 0.9637 0.0125 0.0212
3 0.5131 0.8838 0.0200 0.0238
3 0.5919 0.1850 0.0275 0.0200
3 0.5637 0.1462 0.0212 0.0112
3 0.5597 0.1778 0.0225 0.0150
3 0.0066 0.6594 0.0100 0.0125
3 0.0263 0.6650 0.0212 0.0112
3 0.1962 0.7219 0.0238 0.0125
3 0.1581 0.7100 0.0225 0.0138
3 0.5381 0.1712 0.0200 0.0112
3 0.2328 0.0966 0.0250 0.0150
3 0.2950 0.1100 0.0212 0.0138
3 0.3175 0.1159 0.0225 0.0163
3 0.3450 0.1153 0.0212 0.0150
3 0.8297 0.4213 0.0125 0.0238
3 0.6831 0.4909 0.0225 0.0163
3 0.6850 0.4791 0.0200 0.0112
3 0.6909 0.4544 0.0225 0.0150
3 0.6931 0.4259 0.0175 0.0112
3 0.7191 0.4116 0.0100 0.0200
3 0.7303 0.4088 0.0075 0.0175
3 0.7400 0.4075 0.0112 0.0212
3 0.7638 0.4169 0.0087 0.0212
3 0.7744 0.4294 0.0112 0.0275
3 0.8072 0.4159 0.0112 0.0225
3 0.8384 0.4309 0.0112 0.0212
3 0.8125 0.3631 0.0187 0.0138
3 0.8812 0.4359 0.0125 0.0250
3 0.6741 0.1200 0.0138 0.0212
3 0.6800 0.0969 0.0100 0.0250
3 0.7609 0.0475 0.0125 0.0263
3 0.6809 0.5006 0.0212 0.0138
3 0.7909 0.3569 0.0225 0.0138
3 0.5794 0.6659 0.0150 0.0225
3 0.6441 0.9897 0.0225 0.0200
3 0.6647 0.9519 0.0200 0.0225
3 0.6787 0.9331 0.0200 0.0225
3 0.6922 0.9166 0.0187 0.0238
3 0.5906 0.3875 0.0125 0.0187
3 0.7684 0.3519 0.0212 0.0163
3 0.6659 0.3756 0.0163 0.0200
3 0.7206 0.4459 0.0163 0.0200
3 0.6856 0.4684 0.0212 0.0150
3 0.7075 0.4100 0.0087 0.0200
3 0.6887 0.4384 0.0212 0.0175
3 0.7522 0.4144 0.0138 0.0225
3 0.7853 0.4222 0.0112 0.0225
3 0.7963 0.4191 0.0112 0.0225
3 0.8619 0.4347 0.0112 0.0225
3 0.8516 0.4338 0.0125 0.0238
3 0.3819 0.1297 0.0200 0.0125
3 0.1656 0.2219 0.0125 0.0187
3 0.7522 0.9019 0.0200 0.0100
3 0.9247 0.6509 0.0212 0.0112
