3 0.8097 0.7284 0.0225 0.0163
3 0.0716 0.3831 0.0525 0.0225
3 0.8400 0.7756 0.0175 0.0200
3 0.6019 0.9919 0.0100 0.0150
3 0.6062 0.9550 0.0187 0.0163
3 0.5978 0.9387 0.0112 0.0212
3 0.4978 0.8672 0.0112 0.0187
3 0.6744 0.5169 0.0175 0.0212
3 0.8772 0.0178 0.0138 0.0200
3 0.7075 0.2128 0.0150 0.0225
3 0.6728 0.3131 0.0112 0.0200
3 0.5463 0.5659 0.0112 0.0225
3 0.5906 0.5772 0.0125 0.0263
3 0.6419 0.5081 0.0150 0.0225
3 0.6737 0.5522 0.0225 0.0138
3 0.7266 0.5306 0.0187 0.0175
3 0.7447 0.5494 0.0238 0.0112
3 0.6775 0.2916 0.0112 0.0175
3 0.6906 0.2466 0.0125 0.0212
3 0.6841 0.2662 0.0150 0.0200
3 0.9419 0.0484 0.0212 0.0125
3 0.9700 0.0219 0.0150 0.0250
3 0.5491 0.7756 0.0075 0.0200
3 0.5381 0.8575 0.0200 0.0087
3 0.5588 0.8253 0.0112 0.0225
3 0.3366 0.5588 0.0200 0.0112
3 0.1341 0.7044 0.0087 0.0212
3 0.1341 0.8769 0.0087 0.0225
3 0.1347 0.8481 0.0100 0.0150
3 0.1378 0.6834 0.0100 0.0200
3 0.3094 0.6916 0.0187 0.0112
3 0.3503 0.7347 0.0100 0.0225
3 0.3131 0.5303 0.0200 0.0138
3 0.2734 0.5659 0.0187 0.0163
3 0.3178 0.5394 0.0200 0.0100
3 0.3272 0.5484 0.0200 0.0125
3 0.3747 0.6019 0.0212 0.0100
3 0.3038 0.5206 0.0200 0.0100
3 0.3438 0.5697 0.0187 0.0112
3 0.3678 0.5912 0.0200 0.0138
3 0.5456 0.6344 0.0100 0.0187
3 0.5450 0.6044 0.0087 0.0275
3 0.3463 0.4600 0.0238 0.0138
3 0.3678 0.4641 0.0200 0.0125
3 0.3937 0.4678 0.0250 0.0138
3 0.4197 0.4734 0.0175 0.0125
3 0.4388 0.4772 0.0212 0.0138
3 0.9525 0.1012 0.0112 0.0212
3 0.7953 0.1938 0.0250 0.0125
3 0.9222 0.7622 0.0100 0.0212
3 0.8719 0.8344 0.0125 0.0187
3 0.9050 0.9178 0.0163 0.0200
3 0.8750 0.8694 0.0187 0.0200
3 0.9528 0.9425 0.0212 0.0163
3 0.9884 0.9103 0.0238 0.0175
3 0.9166 0.9956 0.0175 0.0100
3 0.0797 0.4213 0.0125 0.0238
3 0.0138 0.4169 0.0087 0.0212
3 0.0244 0.4294 0.0112 0.0275
3 0.0572 0.4159 0.0112 0.0225
3 0.0884 0.4309 0.0112 0.0212
3 0.0625 0.3631 0.0187 0.0138
3 0.1313 0.4359 0.0125 0.0250
3 0.0109 0.0475 0.0125 0.0263
3 0.0409 0.3569 0.0225 0.0138
3 0.0184 0.3519 0.0212 0.0163
3 0.0053 0.4144 0.0075 0.0225
3 0.0353 0.4222 0.0112 0.0225
3 0.0462 0.4191 0.0112 0.0225
3 0.1119 0.4347 0.0112 0.0225
3 0.1016 0.4338 0.0125 0.0238
3 0.7844 0.4219 0.0187 0.0125
3 0.7003 0.8209 0.0100 0.0138
3 0.8931 0.9672 0.0175 0.0125
3 0.4831 0.4894 0.0225 0.0100
3 0.3472 0.8772 0.0100 0.0200
3 0.1762 0.6509 0.0212 0.0112
