3 0.8009 0.9769 0.0112 0.0225
3 0.8266 0.9853 0.0125 0.0238
3 0.8425 0.9894 0.0163 0.0225
3 0.1784 0.9350 0.0163 0.0263
3 0.1891 0.9116 0.0125 0.0200
3 0.2106 0.8544 0.0150 0.0212
3 0.2206 0.8294 0.0163 0.0275
3 0.8147 0.9825 0.0138 0.0275
3 0.7878 0.9684 0.0100 0.0275
3 0.2075 0.9894 0.0212 0.0100
3 0.7644 0.9928 0.0225 0.0138
3 0.3222 0.8091 0.0225 0.0212
3 0.4156 0.8469 0.0250 0.0187
3 0.4100 0.8034 0.0138 0.0225
3 0.4328 0.8106 0.0125 0.0212
3 0.4447 0.8375 0.0238 0.0187
3 0.4997 0.8625 0.0275 0.0187
3 0.4953 0.8828 0.0250 0.0187
3 0.4459 0.8169 0.0138 0.0212
3 0.4769 0.8337 0.0100 0.0238
3 0.4916 0.8363 0.0112 0.0225
3 0.5053 0.8409 0.0138 0.0225
3 0.5184 0.8484 0.0087 0.0250
3 0.5291 0.8531 0.0112 0.0250
3 0.5516 0.8637 0.0125 0.0275
3 0.5644 0.8669 0.0100 0.0212
3 0.5753 0.8713 0.0100 0.0238
3 0.5878 0.8747 0.0100 0.0212
3 0.5984 0.8809 0.0125 0.0212
3 0.6109 0.8894 0.0125 0.0225
3 0.6275 0.8925 0.0112 0.0225
3 0.6353 0.8981 0.0112 0.0212
3 0.6478 0.9059 0.0112 0.0212
3 0.6956 0.9500 0.0225 0.0187
3 0.6625 0.8806 0.0125 0.0175
