3 0.1137 0.4278 0.0212 0.0150
3 0.3191 0.6775 0.0163 0.0238
3 0.3159 0.6013 0.0163 0.0212
3 0.3075 0.5766 0.0212 0.0187
3 0.2944 0.5047 0.0200 0.0187
3 0.0109 0.4169 0.0187 0.0150
3 0.1594 0.4841 0.0125 0.0212
3 0.1297 0.4681 0.0125 0.0175
3 0.3412 0.6275 0.0138 0.0238
3 0.0678 0.7331 0.0200 0.0225
3 0.0534 0.7516 0.0163 0.0187
3 0.0434 0.7700 0.0150 0.0212
3 0.0581 0.7678 0.0163 0.0200
3 0.0488 0.7850 0.0163 0.0200
3 0.0694 0.7469 0.0138 0.0187
3 0.1078 0.6575 0.0187 0.0212
3 0.1150 0.6622 0.0175 0.0212
3 0.0912 0.6856 0.0138 0.0150
3 0.0813 0.7063 0.0187 0.0250
3 0.0813 0.7434 0.0187 0.0212
3 0.3612 0.6325 0.0163 0.0212
3 0.0738 0.7631 0.0163 0.0200
3 0.0597 0.7831 0.0163 0.0225
3 0.1325 0.6006 0.0150 0.0200
3 0.0556 0.6478 0.0175 0.0238
3 0.1147 0.5409 0.0138 0.0225
3 0.1391 0.5059 0.0125 0.0212
3 0.2841 0.6953 0.0212 0.0125
3 0.3044 0.6875 0.0212 0.0187
3 0.3384 0.6653 0.0175 0.0212
3 0.2259 0.4872 0.0300 0.0212
3 0.2047 0.3688 0.0187 0.0312
3 0.2487 0.2213 0.0163 0.0300
3 0.8675 0.9434 0.0163 0.0212
3 0.9797 0.6522 0.0125 0.0200
3 0.9791 0.9950 0.0112 0.0087
3 0.9856 0.9844 0.0150 0.0187
3 0.7897 0.8041 0.0200 0.0175
3 0.8122 0.8156 0.0212 0.0187
3 0.8387 0.8262 0.0212 0.0150
3 0.8609 0.8356 0.0187 0.0150
3 0.9003 0.7656 0.0225 0.0187
3 0.9788 0.8050 0.0200 0.0163
3 0.7681 0.7278 0.0238 0.0212
3 0.8750 0.7612 0.0250 0.0163
3 0.8497 0.9306 0.0150 0.0238
3 0.9266 0.8675 0.0187 0.0163
3 0.7644 0.7378 0.0225 0.0163
3 0.8784 0.7525 0.0225 0.0175
3 0.9906 0.1422 0.0187 0.0125
3 0.6219 0.6875 0.0250 0.0187
3 0.6700 0.8956 0.0150 0.0225
3 0.6663 0.6675 0.0200 0.0163
3 0.6438 0.6547 0.0250 0.0187
3 0.6528 0.7003 0.0212 0.0163
3 0.4072 0.6238 0.0238 0.0163
3 0.4453 0.6412 0.0250 0.0200
3 0.8162 0.4750 0.0138 0.0187
3 0.8700 0.3153 0.0150 0.0212
3 0.9084 0.2313 0.0138 0.0250
3 0.6094 0.2869 0.0125 0.0238
3 0.6053 0.3287 0.0200 0.0200
3 0.5809 0.2794 0.0150 0.0212
3 0.7137 0.1594 0.0212 0.0125
3 0.7100 0.1709 0.0200 0.0138
3 0.5831 0.1159 0.0225 0.0100
3 0.2941 0.0881 0.0163 0.0263
3 0.2838 0.1200 0.0175 0.0212
3 0.2959 0.1666 0.0200 0.0175
3 0.1738 0.2297 0.0163 0.0250
3 0.1506 0.3081 0.0138 0.0225
3 0.4325 0.1344 0.0087 0.0187
3 0.6262 0.1184 0.0212 0.0087
3 0.6984 0.1219 0.0187 0.0125
3 0.6062 0.1653 0.0187 0.0087
3 0.6066 0.1519 0.0225 0.0100
3 0.6078 0.1762 0.0187 0.0087
3 0.6062 0.1888 0.0187 0.0087
3 0.6013 0.2213 0.0212 0.0112
3 0.5544 0.2400 0.0212 0.0112
3 0.5534 0.2284 0.0225 0.0100
3 0.5628 0.1509 0.0225 0.0112
3 0.6919 0.2028 0.0212 0.0150
3 0.2028 0.5494 0.0087 0.0175
3 0.1519 0.5878 0.0100 0.0100
3 0.1400 0.6150 0.0112 0.0112
3 0.1456 0.6075 0.0100 0.0087
3 0.4388 0.6656 0.0087 0.0250
3 0.4525 0.6675 0.0112 0.0225
3 0.2444 0.9734 0.0200 0.0125
3 0.6478 0.9456 0.0112 0.0163
3 0.6525 0.9591 0.0112 0.0150
3 0.8300 0.9231 0.0163 0.0150
3 0.5531 0.2900 0.0187 0.0112
3 0.5513 0.3025 0.0212 0.0112
3 0.6478 0.2762 0.0175 0.0150
3 0.5528 0.3153 0.0212 0.0150
3 0.5556 0.2181 0.0238 0.0112
3 0.5578 0.1831 0.0187 0.0100
3 0.5616 0.1628 0.0200 0.0100
3 0.6675 0.2428 0.0163 0.0138
3 0.6547 0.2644 0.0187 0.0163
3 0.5575 0.1128 0.0212 0.0100
3 0.7431 0.1250 0.0238 0.0125
