3 0.5069 0.7066 0.0200 0.0287
3 0.9147 0.9409 0.0138 0.0225
3 0.9259 0.9394 0.0112 0.0225
3 0.9356 0.9344 0.0150 0.0250
3 0.9494 0.9353 0.0175 0.0238
3 0.9559 0.9331 0.0150 0.0225
3 0.9697 0.9291 0.0175 0.0238
3 0.9841 0.9262 0.0212 0.0212
3 0.9956 0.9262 0.0100 0.0212
3 0.5253 0.7619 0.0225 0.0238
3 0.8613 0.0550 0.0163 0.0225
3 0.8431 0.0847 0.0112 0.0225
3 0.3178 0.5216 0.0450 0.0400
3 0.3163 0.5434 0.0450 0.0400
3 0.4447 0.0716 0.0238 0.0087
3 0.4409 0.0831 0.0225 0.0100
3 0.4397 0.0950 0.0200 0.0087
3 0.4338 0.1166 0.0238 0.0112
3 0.4319 0.1375 0.0200 0.0125
3 0.4331 0.1491 0.0225 0.0138
3 0.3806 0.1206 0.0238 0.0100
3 0.4275 0.1719 0.0238 0.0125
3 0.4381 0.1094 0.0200 0.0125
3 0.4300 0.1613 0.0225 0.0100
3 0.4284 0.1819 0.0225 0.0138
3 0.3263 0.5056 0.0462 0.0425
3 0.3881 0.0475 0.0200 0.0138
