3 0.5234 0.8912 0.0250 0.0138
3 0.5222 0.9037 0.0225 0.0138
3 0.5225 0.9297 0.0263 0.0125
3 0.5244 0.9406 0.0238 0.0125
3 0.5247 0.9509 0.0212 0.0112
3 0.5231 0.9719 0.0212 0.0125
3 0.5250 0.9831 0.0187 0.0100
3 0.5244 0.9947 0.0238 0.0112
3 0.5972 0.8634 0.0225 0.0112
3 0.5981 0.8759 0.0212 0.0112
3 0.5975 0.8863 0.0200 0.0100
3 0.5956 0.8972 0.0225 0.0100
3 0.5950 0.9644 0.0212 0.0100
3 0.5966 0.9753 0.0212 0.0100
3 0.6616 0.8794 0.0138 0.0212
3 0.7219 0.8759 0.0125 0.0238
3 0.6931 0.8778 0.0112 0.0212
3 0.6425 0.9222 0.0100 0.0225
3 0.6644 0.9206 0.0100 0.0225
3 0.6525 0.9447 0.0112 0.0175
3 0.6822 0.9434 0.0112 0.0212
3 0.6850 0.9213 0.0138 0.0238
3 0.6959 0.9187 0.0138 0.0250
3 0.7228 0.9178 0.0112 0.0200
3 0.6947 0.9450 0.0112 0.0212
3 0.7244 0.9406 0.0112 0.0187
3 0.7331 0.9419 0.0100 0.0212
3 0.7438 0.9416 0.0125 0.0238
3 0.7650 0.9419 0.0112 0.0212
3 0.6725 0.9847 0.0138 0.0225
3 0.6903 0.9828 0.0087 0.0187
3 0.6997 0.9825 0.0087 0.0212
3 0.7106 0.9825 0.0087 0.0212
3 0.7213 0.9828 0.0112 0.0187
3 0.7338 0.9828 0.0112 0.0187
3 0.7525 0.9825 0.0112 0.0212
3 0.7634 0.9838 0.0112 0.0238
3 0.7925 0.9831 0.0100 0.0225
3 0.8009 0.9831 0.0112 0.0225
3 0.6231 0.1334 0.0212 0.0075
