3 0.0400 0.8644 0.0238 0.0100
3 0.0428 0.8734 0.0200 0.0125
3 0.0409 0.8863 0.0225 0.0100
3 0.0394 0.8966 0.0225 0.0087
3 0.0753 0.8784 0.0100 0.0287
3 0.0400 0.9637 0.0238 0.0087
3 0.0397 0.9762 0.0200 0.0087
3 0.0412 0.9956 0.0200 0.0100
3 0.1072 0.8809 0.0112 0.0212
3 0.1369 0.8769 0.0112 0.0225
3 0.1656 0.8741 0.0125 0.0263
3 0.1816 0.8756 0.0100 0.0263
3 0.0878 0.9206 0.0100 0.0225
3 0.1056 0.9203 0.0112 0.0250
3 0.0975 0.9453 0.0138 0.0250
3 0.1263 0.9206 0.0087 0.0225
3 0.1381 0.9203 0.0138 0.0250
3 0.1666 0.9206 0.0112 0.0225
3 0.1259 0.9450 0.0112 0.0212
3 0.1381 0.9431 0.0138 0.0238
3 0.1656 0.9416 0.0125 0.0238
3 0.1769 0.9409 0.0100 0.0225
3 0.1875 0.9403 0.0125 0.0212
3 0.2072 0.9391 0.0112 0.0250
3 0.1150 0.9825 0.0112 0.0212
3 0.1341 0.9831 0.0087 0.0225
3 0.1456 0.9825 0.0100 0.0212
3 0.1541 0.9831 0.0112 0.0225
3 0.1659 0.9828 0.0100 0.0187
3 0.1769 0.9828 0.0100 0.0187
3 0.1956 0.9825 0.0100 0.0212
3 0.2081 0.9831 0.0100 0.0225
3 0.2337 0.9831 0.0112 0.0225
3 0.2462 0.9853 0.0112 0.0238
3 0.8100 0.5106 0.0138 0.0212
3 0.7762 0.2000 0.0087 0.0250
