1 0.9266 0.0457 0.0594 0.0445
1 0.9148 0.1039 0.0578 0.0547
1 0.8855 0.1551 0.0461 0.0508
1 0.8309 0.1750 0.0492 0.0531
1 0.7383 0.1180 0.0578 0.0484
1 0.9840 0.4555 0.0305 0.0516
1 0.5566 0.2625 0.1133 0.1250
1 0.6883 0.4594 0.1109 0.1062
1 0.6129 0.5008 0.0883 0.1141
1 0.4957 0.5047 0.1195 0.1187
1 0.3875 0.4406 0.0906 0.1000
1 0.2508 0.3883 0.0547 0.0547
1 0.1766 0.5516 0.0688 0.0531
1 0.8008 0.7152 0.1047 0.1055
1 0.5547 0.9758 0.0531 0.0484
1 0.1945 0.7113 0.1172 0.1133
1 0.2727 0.9875 0.0797 0.0250
1 0.0672 0.9734 0.0781 0.0531
