1 0.9547 0.0750 0.0437 0.0594
1 0.8977 0.0867 0.0547 0.0578
1 0.8453 0.1156 0.0500 0.0469
1 0.8250 0.1688 0.0531 0.0500
1 0.8820 0.2617 0.0484 0.0578
1 0.5445 0.0156 0.0516 0.0312
1 0.7391 0.4437 0.1250 0.1125
1 0.5422 0.3117 0.1062 0.1109
1 0.4992 0.3875 0.1141 0.0875
1 0.4953 0.5047 0.1187 0.1187
1 0.5609 0.6141 0.1000 0.0906
1 0.6117 0.7492 0.0547 0.0547
1 0.4484 0.8250 0.0531 0.0688
1 0.2844 0.1992 0.1062 0.1047
1 0.0242 0.4453 0.0484 0.0531
1 0.2891 0.8055 0.1125 0.1172
1 0.0125 0.7273 0.0250 0.0797
1 0.0266 0.9328 0.0531 0.0781
