1 0.9875 0.3242 0.0250 0.0828
1 0.9656 0.5961 0.0594 0.0578
1 0.9109 0.6398 0.0625 0.0578
1 0.8383 0.4469 0.0422 0.0625
1 0.8812 0.7273 0.0594 0.0484
1 0.8633 0.7906 0.0609 0.0531
1 0.8148 0.8438 0.0547 0.0594
1 0.7508 0.8625 0.0484 0.0563
1 0.6922 0.8992 0.0531 0.0609
1 0.5328 0.7766 0.0563 0.0500
1 0.5766 0.6516 0.0531 0.0469
1 0.3531 0.6641 0.0563 0.0500
1 0.1891 0.5938 0.0469 0.0469
1 0.2219 0.5344 0.0531 0.0531
1 0.2578 0.4656 0.0813 0.0656
1 0.4188 0.5391 0.0625 0.0625
1 0.0453 0.4828 0.0563 0.0500
1 0.0227 0.5406 0.0422 0.0594
1 0.8617 0.0109 0.0547 0.0219
