1 0.3895 0.0270 0.0664 0.0477
1 0.4988 0.0969 0.0633 0.0750
1 0.3766 0.0957 0.0656 0.0570
1 0.7152 0.2152 0.0711 0.0711
1 0.1566 0.3164 0.0695 0.0453
1 0.1285 0.3695 0.0664 0.0484
1 0.3996 0.4836 0.0648 0.0734
1 0.2836 0.5555 0.0703 0.0453
1 0.2930 0.6301 0.0609 0.0477
1 0.3504 0.6648 0.0477 0.0641
1 0.4855 0.6051 0.0461 0.0602
1 0.5625 0.6180 0.0437 0.0672
1 0.6227 0.7648 0.0703 0.0484
1 0.6352 0.8316 0.0641 0.0477
1 0.5145 0.8719 0.0508 0.0531
1 0.4566 0.8887 0.0477 0.0523
1 0.4555 0.9477 0.0578 0.0547
1 0.4723 0.9887 0.0570 0.0211
1 0.8355 0.9070 0.0523 0.0484
