3 0.0275 0.4713 0.0112 0.0238
3 0.3597 0.1694 0.0287 0.0263
3 0.2575 0.0981 0.0212 0.0087
3 0.6863 0.0181 0.0100 0.0175
3 0.7003 0.0178 0.0100 0.0200
3 0.7478 0.0297 0.0112 0.0250
3 0.8619 0.0334 0.0112 0.0200
3 0.8962 0.1422 0.0112 0.0187
3 0.6987 0.2647 0.0163 0.0200
3 0.7537 0.2391 0.0200 0.0125
3 0.6778 0.3044 0.0087 0.0212
3 0.7847 0.2866 0.0100 0.0200
3 0.7509 0.5088 0.0175 0.0112
3 0.7475 0.5228 0.0200 0.0112
3 0.8044 0.5094 0.0275 0.0125
3 0.7975 0.5219 0.0263 0.0125
3 0.8063 0.4719 0.0187 0.0125
3 0.9659 0.5478 0.0225 0.0112
3 0.9925 0.5516 0.0163 0.0187
3 0.8650 0.7275 0.0175 0.0175
3 0.8759 0.7197 0.0175 0.0175
3 0.9716 0.7412 0.0275 0.0138
3 0.7316 0.9656 0.0100 0.0187
3 0.7672 0.9825 0.0125 0.0275
3 0.8906 0.9900 0.0312 0.0112
3 0.1781 0.4941 0.0250 0.0100
3 0.1784 0.5031 0.0287 0.0125
3 0.7775 0.1700 0.0112 0.0212
