2 0.0581 0.1169 0.0163 0.0087
2 0.7350 0.5719 0.0075 0.0125
2 0.6841 0.7794 0.0087 0.0150
2 0.0956 0.0969 0.0475 0.0250
2 0.7975 0.1087 0.0138 0.0175
2 0.0362 0.1181 0.0537 0.0300
2 0.1444 0.0784 0.0263 0.0163
2 0.0666 0.1028 0.0112 0.0087
2 0.6947 0.6059 0.0112 0.0150
2 0.1225 0.6850 0.0138 0.0075
2 0.1228 0.7103 0.0050 0.0112
2 0.1291 0.7119 0.0050 0.0112
2 0.1337 0.7134 0.0050 0.0112
2 0.1291 0.7597 0.0050 0.0163
2 0.1066 0.7603 0.0037 0.0112
2 0.1266 0.7825 0.0063 0.0150
2 0.1056 0.7775 0.0050 0.0112
2 0.1119 0.7775 0.0050 0.0112
2 0.0994 0.8262 0.0050 0.0087
2 0.1056 0.8241 0.0050 0.0138
2 0.1125 0.8238 0.0063 0.0163
2 0.1203 0.8241 0.0063 0.0138
2 0.1094 0.8494 0.0063 0.0175
2 0.1172 0.8497 0.0063 0.0212
2 0.0963 0.8397 0.0050 0.0075
2 0.0953 0.8525 0.0063 0.0112
