3 0.1619 0.4706 0.0238 0.0100
3 0.5166 0.4513 0.0175 0.0087
3 0.6225 0.4569 0.0138 0.0075
3 0.5525 0.7372 0.0175 0.0087
3 0.5153 0.2791 0.0150 0.0175
3 0.5031 0.2841 0.0125 0.0150
3 0.5681 0.3200 0.0112 0.0087
3 0.5487 0.3319 0.0163 0.0075
3 0.5534 0.3375 0.0163 0.0063
3 0.5569 0.3431 0.0138 0.0050
3 0.1894 0.0481 0.0163 0.0087
3 0.2247 0.0356 0.0150 0.0087
3 0.2450 0.0316 0.0150 0.0100
3 0.3469 0.0806 0.0125 0.0175
3 0.2638 0.0225 0.0212 0.0075
3 0.3825 0.4688 0.0212 0.0063
3 0.9581 0.4300 0.0163 0.0100
3 0.9447 0.6412 0.0112 0.0138
3 0.9478 0.7512 0.0175 0.0150
3 0.2169 0.8091 0.0087 0.0150
3 0.3106 0.8900 0.0150 0.0112
3 0.3509 0.9875 0.0112 0.0125
3 0.1300 0.9719 0.0163 0.0063
3 0.1019 0.9841 0.0163 0.0087
3 0.0125 0.9875 0.0187 0.0063
3 0.5878 0.2644 0.0100 0.0100
3 0.3081 0.3878 0.0100 0.0163
