3 0.1263 0.0087 0.0150 0.0112
3 0.1294 0.0287 0.0150 0.0075
3 0.1234 0.1706 0.0187 0.0100
3 0.3331 0.2859 0.0163 0.0063
3 0.3362 0.2931 0.0163 0.0050
3 0.3319 0.3000 0.0138 0.0063
3 0.3337 0.3084 0.0175 0.0075
3 0.3900 0.3084 0.0175 0.0138
3 0.0425 0.2881 0.0163 0.0075
3 0.0419 0.2984 0.0150 0.0063
3 0.0506 0.4709 0.0075 0.0138
3 0.1856 0.5253 0.0087 0.0163
3 0.0494 0.5450 0.0175 0.0087
3 0.6450 0.8700 0.0212 0.0087
3 0.8003 0.8731 0.0163 0.0087
3 0.9078 0.7737 0.0063 0.0163
3 0.9425 0.8097 0.0100 0.0163
3 0.9684 0.8109 0.0087 0.0187
3 0.9831 0.8059 0.0100 0.0150
3 0.5453 0.1328 0.0125 0.0063
3 0.0788 0.6422 0.0138 0.0063
3 0.1081 0.8428 0.0100 0.0138
3 0.8966 0.9181 0.0087 0.0175
3 0.9812 0.6303 0.0063 0.0138
3 0.9897 0.6487 0.0075 0.0163
3 0.9747 0.6863 0.0087 0.0163
3 0.9825 0.7697 0.0087 0.0175
3 0.8991 0.7731 0.0075 0.0150
3 0.8903 0.7741 0.0087 0.0138
3 0.9866 0.9122 0.0075 0.0150
3 0.9909 0.2191 0.0100 0.0163
