3 0.0072 0.1819 0.0050 0.0138
3 0.0128 0.1928 0.0037 0.0138
3 0.0197 0.1806 0.0050 0.0112
3 0.0425 0.1947 0.0037 0.0112
3 0.0509 0.1837 0.0050 0.0112
3 0.0572 0.1856 0.0050 0.0150
3 0.0681 0.1888 0.0050 0.0150
3 0.0728 0.2209 0.0050 0.0138
3 0.0800 0.2203 0.0037 0.0125
3 0.0863 0.2203 0.0037 0.0125
3 0.1034 0.2275 0.0037 0.0112
3 0.3394 0.2650 0.0100 0.0050
3 0.3516 0.2619 0.0125 0.0050
3 0.3828 0.2650 0.0125 0.0050
3 0.3931 0.2444 0.0112 0.0075
3 0.4094 0.2494 0.0125 0.0050
3 0.4909 0.2525 0.0100 0.0050
3 0.4697 0.2978 0.0050 0.0112
3 0.4406 0.2753 0.0125 0.0037
3 0.4409 0.2791 0.0100 0.0050
3 0.4400 0.2894 0.0112 0.0037
3 0.4412 0.3212 0.0138 0.0050
3 0.4416 0.3244 0.0112 0.0050
3 0.9619 0.1856 0.0050 0.0150
3 0.3862 0.0191 0.0037 0.0100
