3 0.1475 0.2294 0.0138 0.0338
3 0.1975 0.0797 0.0138 0.0250
3 0.0606 0.0238 0.0150 0.0100
3 0.0591 0.0634 0.0087 0.0112
3 0.0537 0.0650 0.0075 0.0112
3 0.0428 0.0697 0.0075 0.0112
3 0.0256 0.0772 0.0075 0.0138
3 0.0156 0.0803 0.0063 0.0138
3 0.0091 0.0847 0.0087 0.0163
3 0.0741 0.0847 0.0075 0.0163
3 0.0672 0.0894 0.0063 0.0100
3 0.0616 0.0900 0.0075 0.0112
3 0.0500 0.0953 0.0063 0.0125
3 0.0437 0.0969 0.0063 0.0125
3 0.0375 0.0988 0.0063 0.0100
3 0.0328 0.1019 0.0063 0.0100
3 0.0291 0.1047 0.0050 0.0125
3 0.0225 0.1069 0.0075 0.0138
3 0.0172 0.1094 0.0063 0.0125
3 0.0147 0.1206 0.0075 0.0100
3 0.0100 0.1259 0.0075 0.0112
3 0.0047 0.1281 0.0063 0.0125
3 0.0275 0.1659 0.0112 0.0100
3 0.0650 0.1419 0.0112 0.0087
3 0.1200 0.1356 0.0087 0.0087
3 0.1694 0.0462 0.0075 0.0112
3 0.1894 0.0153 0.0100 0.0150
3 0.1828 0.0616 0.0063 0.0138
3 0.1731 0.0653 0.0087 0.0150
3 0.1625 0.0788 0.0063 0.0138
3 0.2038 0.0412 0.0075 0.0138
3 0.2006 0.0563 0.0075 0.0125
3 0.1656 0.0975 0.0063 0.0138
3 0.1553 0.1106 0.0075 0.0150
3 0.1616 0.1341 0.0075 0.0150
3 0.1500 0.1475 0.0063 0.0138
3 0.1569 0.1647 0.0075 0.0138
3 0.1528 0.2325 0.0087 0.0150
3 0.1569 0.1975 0.0075 0.0138
3 0.1419 0.2647 0.0087 0.0200
3 0.0303 0.2769 0.0075 0.0100
3 0.1531 0.3903 0.0063 0.0150
3 0.1528 0.2834 0.0087 0.0138
3 0.1569 0.5419 0.0075 0.0150
3 0.1734 0.5706 0.0063 0.0225
3 0.1750 0.6428 0.0063 0.0138
3 0.1594 0.6656 0.0063 0.0125
3 0.0397 0.7094 0.0075 0.0125
3 0.1087 0.9147 0.0112 0.0138
3 0.1747 0.8931 0.0087 0.0175
3 0.2203 0.7294 0.0063 0.0150
3 0.2131 0.7284 0.0075 0.0163
3 0.2047 0.7281 0.0063 0.0125
3 0.1788 0.9109 0.0075 0.0125
3 0.1819 0.9475 0.0075 0.0138
3 0.0644 0.9844 0.0100 0.0125
3 0.3116 0.9569 0.0138 0.0075
3 0.3788 0.8506 0.0138 0.0075
3 0.3947 0.8522 0.0112 0.0075
3 0.4656 0.9731 0.0063 0.0150
3 0.4694 0.9922 0.0075 0.0125
3 0.5413 0.8637 0.0138 0.0087
3 0.5634 0.8741 0.0112 0.0075
3 0.7547 0.9400 0.0063 0.0112
3 0.7291 0.7312 0.0112 0.0063
3 0.7297 0.7241 0.0125 0.0075
3 0.7294 0.7172 0.0150 0.0063
3 0.9081 0.3894 0.0100 0.0100
3 0.8334 0.4525 0.0075 0.0112
3 0.8103 0.4734 0.0112 0.0063
3 0.7522 0.5312 0.0138 0.0063
3 0.7087 0.5463 0.0112 0.0050
3 0.7094 0.5547 0.0125 0.0063
3 0.7100 0.5600 0.0138 0.0075
3 0.7100 0.5719 0.0138 0.0063
3 0.7084 0.5897 0.0138 0.0075
3 0.7353 0.6203 0.0112 0.0063
3 0.7400 0.5375 0.0112 0.0063
3 0.7406 0.5437 0.0125 0.0063
3 0.7391 0.5569 0.0125 0.0075
3 0.7525 0.5381 0.0112 0.0075
3 0.7519 0.5431 0.0100 0.0050
3 0.7509 0.5500 0.0112 0.0063
3 0.7500 0.5903 0.0125 0.0087
3 0.7375 0.5731 0.0125 0.0087
3 0.7372 0.5859 0.0087 0.0063
3 0.7369 0.5906 0.0112 0.0063
3 0.8187 0.7672 0.0063 0.0125
3 0.0434 0.7450 0.0150 0.0087
3 0.3178 0.2453 0.0075 0.0125
3 0.3084 0.2697 0.0138 0.0175
3 0.3250 0.2781 0.0187 0.0187
3 0.3116 0.3100 0.0138 0.0075
3 0.3116 0.3194 0.0138 0.0075
3 0.3125 0.3272 0.0125 0.0075
3 0.3119 0.3366 0.0112 0.0075
3 0.2963 0.3906 0.0112 0.0063
3 0.2987 0.3709 0.0100 0.0075
3 0.2500 0.4578 0.0063 0.0125
3 0.2291 0.4591 0.0050 0.0150
3 0.1891 0.5131 0.0125 0.0075
3 0.2384 0.4778 0.0112 0.0087
3 0.2413 0.4875 0.0075 0.0125
3 0.2356 0.5437 0.0087 0.0063
3 0.2587 0.5700 0.0112 0.0087
3 0.2594 0.5787 0.0125 0.0075
3 0.1906 0.4969 0.0125 0.0063
3 0.1900 0.5047 0.0112 0.0063
3 0.1884 0.5312 0.0112 0.0063
3 0.1925 0.5381 0.0100 0.0075
3 0.1916 0.5513 0.0112 0.0087
3 0.2709 0.5872 0.0075 0.0150
3 0.2709 0.6025 0.0075 0.0112
3 0.2772 0.5975 0.0075 0.0138
3 0.1319 0.6741 0.0075 0.0138
3 0.8650 0.8559 0.0112 0.0087
3 0.8006 0.3247 0.0138 0.0087
3 0.7978 0.3319 0.0112 0.0075
3 0.8078 0.2997 0.0125 0.0087
3 0.7350 0.3378 0.0138 0.0100
3 0.7087 0.3272 0.0112 0.0075
3 0.6900 0.3222 0.0112 0.0100
3 0.6781 0.3200 0.0125 0.0087
3 0.6522 0.2841 0.0138 0.0087
3 0.6491 0.2919 0.0138 0.0087
3 0.6713 0.2206 0.0112 0.0100
3 0.6863 0.2494 0.0100 0.0112
3 0.5794 0.4250 0.0150 0.0063
3 0.5938 0.4334 0.0125 0.0075
3 0.6062 0.4344 0.0125 0.0125
3 0.5203 0.3875 0.0063 0.0125
3 0.6209 0.3019 0.0138 0.0100
3 0.3688 0.4041 0.0063 0.0112
3 0.3625 0.3866 0.0063 0.0138
3 0.3631 0.4047 0.0075 0.0125
3 0.3766 0.4053 0.0063 0.0138
3 0.4306 0.3834 0.0050 0.0138
3 0.4547 0.3841 0.0063 0.0150
3 0.4437 0.3841 0.0063 0.0150
3 0.4500 0.3531 0.0063 0.0125
3 0.4625 0.3541 0.0063 0.0112
3 0.4875 0.3541 0.0063 0.0112
3 0.4241 0.3837 0.0075 0.0112
3 0.3819 0.4037 0.0075 0.0138
3 0.3834 0.3038 0.0075 0.0138
3 0.3825 0.2544 0.0087 0.0150
3 0.3925 0.2294 0.0100 0.0150
3 0.4291 0.2087 0.0112 0.0112
3 0.4713 0.2350 0.0112 0.0138
3 0.4131 0.3100 0.0075 0.0138
3 0.9334 0.6778 0.0075 0.0150
