3 0.2603 0.2416 0.0175 0.0175
3 0.4513 0.3972 0.0150 0.0163
3 0.4194 0.4050 0.0138 0.0163
3 0.5134 0.3728 0.0175 0.0112
3 0.5981 0.4034 0.0150 0.0163
3 0.5972 0.3781 0.0163 0.0125
3 0.5091 0.6556 0.0212 0.0175
3 0.4825 0.6844 0.0150 0.0125
3 0.2525 0.2669 0.0175 0.0150
3 0.1750 0.3612 0.0125 0.0163
3 0.4156 0.4313 0.0125 0.0125
3 0.4031 0.4437 0.0187 0.0125
3 0.3325 0.4537 0.0150 0.0138
3 0.1541 0.6663 0.0175 0.0138
3 0.1750 0.6459 0.0187 0.0138
3 0.2288 0.5922 0.0138 0.0125
3 0.3862 0.4787 0.0163 0.0138
3 0.0691 0.7588 0.0163 0.0112
3 0.3272 0.8406 0.0138 0.0125
3 0.6581 0.7684 0.0100 0.0150
3 0.6319 0.8272 0.0138 0.0138
3 0.6687 0.8372 0.0187 0.0150
3 0.6531 0.8538 0.0125 0.0138
3 0.9181 0.9319 0.0175 0.0200
3 0.6375 0.9062 0.0187 0.0187
3 0.0244 0.5072 0.0112 0.0112
3 0.0238 0.1450 0.0163 0.0087
3 0.0247 0.1544 0.0150 0.0087
3 0.2394 0.0159 0.0163 0.0100
3 0.2450 0.0053 0.0150 0.0075
3 0.2531 0.5963 0.0125 0.0112
3 0.3644 0.4047 0.0163 0.0125
3 0.1288 0.6947 0.0138 0.0112
3 0.0222 0.7984 0.0100 0.0125
3 0.1650 0.9762 0.0112 0.0087
3 0.0994 0.9909 0.0112 0.0100
3 0.2603 0.8834 0.0112 0.0138
3 0.2650 0.5331 0.0112 0.0100
3 0.3247 0.5656 0.0087 0.0125
3 0.5547 0.9316 0.0125 0.0100
3 0.5644 0.9216 0.0100 0.0087
3 0.5959 0.8250 0.0138 0.0125
3 0.9669 0.9819 0.0087 0.0138
