3 0.0312 0.9484 0.0125 0.0250
3 0.0744 0.9325 0.0112 0.0212
3 0.1031 0.9372 0.0125 0.0275
3 0.1150 0.9278 0.0112 0.0212
3 0.1269 0.9375 0.0100 0.0187
3 0.1384 0.9428 0.0112 0.0200
3 0.2322 0.9319 0.0112 0.0200
3 0.2775 0.9269 0.0112 0.0225
3 0.2972 0.9925 0.0100 0.0163
3 0.3378 0.9897 0.0100 0.0200
3 0.3519 0.9887 0.0100 0.0212
3 0.3463 0.9356 0.0112 0.0275
3 0.3603 0.9300 0.0112 0.0225
3 0.4344 0.9275 0.0125 0.0238
3 0.4472 0.9272 0.0100 0.0200
3 0.4906 0.9397 0.0125 0.0263
3 0.5431 0.9356 0.0112 0.0275
3 0.5641 0.9403 0.0125 0.0212
3 0.5794 0.9394 0.0150 0.0225
3 0.6784 0.9313 0.0163 0.0250
3 0.7263 0.9353 0.0150 0.0300
3 0.7400 0.9313 0.0112 0.0187
3 0.7666 0.9334 0.0112 0.0200
3 0.7806 0.9350 0.0112 0.0200
3 0.7963 0.9387 0.0112 0.0212
3 0.8172 0.9450 0.0125 0.0212
3 0.8284 0.9519 0.0100 0.0225
3 0.8434 0.9484 0.0150 0.0250
3 0.8588 0.9400 0.0112 0.0175
3 0.8753 0.9547 0.0163 0.0250
3 0.9034 0.9716 0.0163 0.0275
3 0.9322 0.9778 0.0112 0.0212
