3 0.7619 0.0263 0.0175 0.0150
3 0.7572 0.0425 0.0175 0.0163
3 0.9131 0.0606 0.0075 0.0087
3 0.8906 0.1453 0.0063 0.0125
3 0.1706 0.2300 0.0100 0.0100
3 0.4203 0.3406 0.0125 0.0125
3 0.2969 0.1994 0.0063 0.0112
3 0.3078 0.2006 0.0063 0.0138
3 0.2822 0.2284 0.0112 0.0100
3 0.2881 0.2331 0.0075 0.0100
3 0.2913 0.2369 0.0075 0.0112
3 0.2978 0.2384 0.0050 0.0112
3 0.3178 0.2447 0.0075 0.0112
3 0.3069 0.2400 0.0075 0.0112
3 0.1700 0.0978 0.0150 0.0050
3 0.4297 0.2013 0.0125 0.0150
3 0.3969 0.1775 0.0063 0.0112
3 0.4041 0.1788 0.0050 0.0138
3 0.8962 0.8344 0.0112 0.0187
3 0.8106 0.4816 0.0150 0.0100
