3 0.1884 0.4100 0.0175 0.0075
3 0.1228 0.4209 0.0175 0.0075
3 0.3544 0.4094 0.0150 0.0063
3 0.3719 0.4078 0.0125 0.0063
3 0.4856 0.4019 0.0150 0.0100
3 0.5016 0.3994 0.0125 0.0050
3 0.7809 0.3962 0.0087 0.0175
3 0.9556 0.1772 0.0175 0.0075
3 0.6919 0.5750 0.0087 0.0125
3 0.7294 0.8269 0.0087 0.0163
3 0.4369 0.7256 0.0175 0.0075
3 0.3294 0.9309 0.0150 0.0087
3 0.3494 0.9284 0.0175 0.0100
3 0.4916 0.9241 0.0238 0.0075
3 0.5563 0.9194 0.0312 0.0138
3 0.0222 0.6809 0.0163 0.0087
3 0.0875 0.6763 0.0187 0.0087
3 0.1828 0.6731 0.0187 0.0087
3 0.2513 0.6694 0.0212 0.0075
3 0.0159 0.0734 0.0163 0.0063
3 0.2209 0.0762 0.0138 0.0087
3 0.0956 0.2413 0.0100 0.0138
3 0.1025 0.2919 0.0112 0.0150
3 0.0850 0.2709 0.0138 0.0075
3 0.0966 0.3534 0.0150 0.0100
3 0.0613 0.2188 0.0163 0.0063
3 0.1472 0.4412 0.0100 0.0138
3 0.2803 0.4419 0.0138 0.0087
3 0.1288 0.6756 0.0138 0.0075
3 0.2109 0.6512 0.0187 0.0087
3 0.0266 0.6362 0.0063 0.0163
3 0.3650 0.9563 0.0112 0.0125
3 0.6916 0.8469 0.0112 0.0250
3 0.6062 0.7122 0.0063 0.0150
3 0.6203 0.7109 0.0063 0.0125
3 0.5588 0.7041 0.0050 0.0112
3 0.8456 0.7341 0.0225 0.0087
3 0.8684 0.4513 0.0150 0.0087
