3 0.2650 0.0294 0.0175 0.0087
3 0.2531 0.0850 0.0125 0.0075
3 0.2525 0.0969 0.0112 0.0063
3 0.2600 0.0622 0.0138 0.0087
3 0.2650 0.0075 0.0175 0.0087
3 0.2650 0.0403 0.0175 0.0087
3 0.3591 0.0434 0.0212 0.0087
3 0.3616 0.0544 0.0200 0.0087
3 0.3644 0.0900 0.0225 0.0112
3 0.3987 0.1313 0.0163 0.0187
3 0.3719 0.0988 0.0250 0.0163
3 0.4531 0.1547 0.0125 0.0187
3 0.5375 0.1266 0.0187 0.0187
3 0.5247 0.1369 0.0150 0.0175
3 0.4675 0.0925 0.0163 0.0225
3 0.2878 0.0959 0.0100 0.0200
3 0.4197 0.9019 0.0112 0.0225
3 0.4813 0.9137 0.0187 0.0087
3 0.4856 0.9269 0.0212 0.0100
3 0.4866 0.9387 0.0200 0.0087
3 0.7722 0.0722 0.0225 0.0100
