3 0.5091 0.4391 0.0150 0.0063
3 0.4503 0.8291 0.0100 0.0175
3 0.4734 0.8300 0.0125 0.0163
3 0.3831 0.7669 0.0163 0.0087
3 0.4159 0.7584 0.0100 0.0075
3 0.4575 0.7488 0.0150 0.0100
3 0.4997 0.7400 0.0150 0.0112
3 0.7331 0.7331 0.0163 0.0163
3 0.7250 0.7747 0.0125 0.0150
3 0.7369 0.7878 0.0112 0.0163
3 0.7594 0.7656 0.0125 0.0125
3 0.7616 0.7838 0.0138 0.0112
3 0.7775 0.7638 0.0112 0.0150
3 0.7781 0.7816 0.0125 0.0100
3 0.7378 0.8244 0.0100 0.0112
3 0.7519 0.8209 0.0100 0.0138
3 0.7606 0.8194 0.0087 0.0138
3 0.7644 0.8359 0.0100 0.0187
3 0.7828 0.8131 0.0125 0.0138
3 0.8056 0.6894 0.0175 0.0100
3 0.6725 0.7209 0.0138 0.0075
3 0.8387 0.6838 0.0150 0.0112
3 0.9122 0.6638 0.0150 0.0087
3 0.9281 0.6616 0.0125 0.0075
3 0.6531 0.9581 0.0125 0.0163
3 0.7000 0.9325 0.0187 0.0087
3 0.7156 0.9284 0.0125 0.0100
3 0.7491 0.7303 0.0138 0.0200
3 0.8588 0.6775 0.0175 0.0112
3 0.6941 0.6059 0.0100 0.0150
3 0.6528 0.0231 0.0087 0.0150
3 0.4672 0.0344 0.0125 0.0125
3 0.4628 0.0400 0.0100 0.0112
3 0.5469 0.2625 0.0125 0.0125
