3 0.8750 0.4813 0.0312 0.0125
3 0.8797 0.4987 0.0312 0.0100
3 0.9156 0.4769 0.0250 0.0100
3 0.4781 0.6603 0.0063 0.0112
3 0.5006 0.6556 0.0075 0.0175
3 0.5084 0.6559 0.0075 0.0150
3 0.5169 0.6550 0.0087 0.0163
3 0.5262 0.6403 0.0150 0.0087
3 0.5250 0.6556 0.0063 0.0175
3 0.5319 0.6544 0.0075 0.0150
3 0.5422 0.6550 0.0063 0.0163
3 0.5469 0.6534 0.0063 0.0163
3 0.5563 0.6537 0.0063 0.0138
3 0.5641 0.6494 0.0063 0.0175
3 0.5719 0.6506 0.0063 0.0200
3 0.5813 0.6491 0.0063 0.0138
3 0.4938 0.6572 0.0063 0.0175
3 0.5069 0.6778 0.0075 0.0150
3 0.5156 0.6784 0.0063 0.0163
3 0.5250 0.6763 0.0063 0.0150
3 0.5319 0.6766 0.0075 0.0125
3 0.5822 0.6887 0.0175 0.0087
3 0.5816 0.7013 0.0163 0.0087
3 0.5294 0.7044 0.0150 0.0087
3 0.5450 0.7037 0.0150 0.0075
3 0.5450 0.7175 0.0087 0.0163
3 0.2844 0.8441 0.0063 0.0163
3 0.2916 0.8409 0.0050 0.0163
3 0.2991 0.8372 0.0075 0.0150
3 0.3063 0.8347 0.0063 0.0163
3 0.3119 0.8175 0.0175 0.0100
3 0.3297 0.8228 0.0063 0.0175
3 0.3381 0.8228 0.0075 0.0175
3 0.3444 0.8184 0.0075 0.0150
3 0.3516 0.8181 0.0063 0.0175
3 0.4325 0.7669 0.0087 0.0150
3 0.4144 0.7288 0.0100 0.0138
3 0.4416 0.8222 0.0112 0.0100
3 0.4478 0.8281 0.0112 0.0125
3 0.4806 0.8031 0.0050 0.0125
3 0.4881 0.8022 0.0075 0.0138
3 0.4584 0.7225 0.0138 0.0075
3 0.4606 0.7312 0.0150 0.0063
3 0.4594 0.7375 0.0187 0.0063
3 0.4637 0.7453 0.0150 0.0063
3 0.4769 0.7312 0.0163 0.0063
3 0.4791 0.7381 0.0175 0.0075
3 0.4794 0.7475 0.0150 0.0075
3 0.4778 0.7562 0.0150 0.0063
3 0.4994 0.7419 0.0175 0.0087
3 0.4994 0.7506 0.0175 0.0075
3 0.5006 0.7631 0.0138 0.0075
3 0.4997 0.7781 0.0150 0.0063
3 0.5019 0.7872 0.0163 0.0087
3 0.5019 0.7969 0.0163 0.0063
3 0.5497 0.7381 0.0150 0.0075
3 0.5303 0.7250 0.0138 0.0063
3 0.5862 0.7366 0.0163 0.0075
3 0.5347 0.7694 0.0163 0.0075
3 0.5344 0.7766 0.0187 0.0063
3 0.5347 0.7834 0.0163 0.0075
3 0.5350 0.8003 0.0138 0.0100
3 0.5309 0.8147 0.0150 0.0075
3 0.4631 0.8400 0.0075 0.0175
3 0.4697 0.8403 0.0050 0.0150
3 0.4772 0.8403 0.0075 0.0150
3 0.5856 0.7812 0.0150 0.0063
3 0.5631 0.7822 0.0075 0.0175
3 0.5341 0.7553 0.0150 0.0075
3 0.5616 0.7497 0.0075 0.0150
3 0.5487 0.7466 0.0163 0.0087
3 0.5475 0.7547 0.0138 0.0063
3 0.5522 0.7756 0.0138 0.0075
3 0.5528 0.7828 0.0150 0.0063
3 0.5491 0.7922 0.0138 0.0063
3 0.5503 0.8006 0.0163 0.0075
3 0.4875 0.8387 0.0063 0.0150
3 0.5006 0.8403 0.0075 0.0150
3 0.5312 0.8363 0.0063 0.0163
3 0.5388 0.8356 0.0087 0.0150
3 0.5600 0.8363 0.0075 0.0163
3 0.5678 0.8347 0.0075 0.0163
3 0.4194 0.7653 0.0075 0.0150
3 0.5750 0.8331 0.0063 0.0163
3 0.5903 0.8309 0.0087 0.0150
3 0.5984 0.8300 0.0063 0.0163
3 0.6059 0.8328 0.0087 0.0187
3 0.6131 0.8322 0.0075 0.0175
3 0.6069 0.7950 0.0075 0.0150
3 0.6141 0.7941 0.0063 0.0163
3 0.6225 0.7937 0.0075 0.0187
3 0.6303 0.7937 0.0075 0.0187
3 0.6375 0.7937 0.0063 0.0187
3 0.6453 0.7941 0.0063 0.0163
3 0.6522 0.7931 0.0075 0.0175
3 0.6528 0.8275 0.0087 0.0175
3 0.6631 0.8269 0.0075 0.0163
3 0.6703 0.8269 0.0063 0.0163
3 0.6787 0.8275 0.0075 0.0175
3 0.6872 0.8272 0.0087 0.0200
3 0.6609 0.7925 0.0063 0.0163
3 0.6694 0.7925 0.0075 0.0163
3 0.6759 0.7925 0.0050 0.0163
3 0.6844 0.7909 0.0063 0.0163
3 0.6922 0.7903 0.0063 0.0150
3 0.6950 0.8281 0.0087 0.0187
3 0.7131 0.7894 0.0075 0.0163
3 0.2359 0.9922 0.0125 0.0063
3 0.2694 0.9784 0.0075 0.0163
3 0.2781 0.9897 0.0125 0.0075
3 0.2959 0.9753 0.0075 0.0163
3 0.3044 0.9759 0.0087 0.0175
3 0.5084 0.8378 0.0075 0.0163
3 0.3131 0.9753 0.0075 0.0163
3 0.3272 0.9731 0.0075 0.0150
3 0.3366 0.9734 0.0075 0.0187
3 0.3450 0.9738 0.0087 0.0163
3 0.3506 0.9731 0.0075 0.0150
3 0.3578 0.9728 0.0063 0.0175
3 0.3647 0.9709 0.0075 0.0138
3 0.3725 0.9697 0.0075 0.0175
3 0.4078 0.9681 0.0063 0.0175
3 0.6681 0.9653 0.0175 0.0087
3 0.6678 0.9887 0.0138 0.0087
3 0.7303 0.7888 0.0075 0.0150
3 0.7228 0.7894 0.0050 0.0163
3 0.7388 0.7863 0.0087 0.0163
3 0.7156 0.8269 0.0063 0.0163
3 0.7244 0.8262 0.0050 0.0150
3 0.7312 0.8247 0.0063 0.0150
3 0.7381 0.8247 0.0075 0.0150
3 0.7444 0.8247 0.0075 0.0150
3 0.7522 0.8238 0.0075 0.0163
3 0.7828 0.8238 0.0063 0.0163
3 0.7891 0.8228 0.0063 0.0175
3 0.7984 0.8206 0.0063 0.0163
3 0.7875 0.7863 0.0063 0.0163
3 0.8037 0.7856 0.0075 0.0150
3 0.8119 0.7847 0.0050 0.0163
3 0.8187 0.7825 0.0063 0.0150
3 0.8056 0.8181 0.0050 0.0175
3 0.8131 0.8187 0.0075 0.0187
3 0.8213 0.8191 0.0050 0.0163
3 0.8256 0.7825 0.0075 0.0150
3 0.8328 0.7819 0.0063 0.0138
3 0.8412 0.7819 0.0075 0.0200
3 0.8500 0.7825 0.0063 0.0150
3 0.8572 0.7809 0.0050 0.0150
3 0.8656 0.7809 0.0063 0.0150
3 0.8734 0.7794 0.0063 0.0150
3 0.8812 0.7806 0.0063 0.0175
3 0.8287 0.8187 0.0075 0.0187
3 0.8438 0.8181 0.0063 0.0175
3 0.8516 0.8206 0.0063 0.0163
3 0.8588 0.8191 0.0050 0.0163
3 0.8669 0.8181 0.0087 0.0175
3 0.8750 0.8181 0.0063 0.0175
3 0.9000 0.6203 0.0187 0.0125
3 0.8981 0.6269 0.0150 0.0100
3 0.8975 0.6338 0.0138 0.0112
3 0.9000 0.6441 0.0125 0.0100
3 0.9444 0.6325 0.0138 0.0087
3 0.9531 0.6106 0.0063 0.0150
3 0.9247 0.6112 0.0087 0.0163
3 0.9397 0.6547 0.0138 0.0125
3 0.9434 0.6609 0.0150 0.0125
3 0.9341 0.6775 0.0150 0.0112
3 0.9469 0.6813 0.0125 0.0125
3 0.9334 0.7087 0.0138 0.0112
3 0.9475 0.6991 0.0138 0.0138
3 0.9475 0.7097 0.0138 0.0100
3 0.9475 0.7175 0.0138 0.0100
3 0.9475 0.7259 0.0138 0.0112
3 0.9488 0.7331 0.0163 0.0100
3 0.9491 0.7400 0.0138 0.0112
3 0.9491 0.7556 0.0138 0.0112
3 0.8231 0.9481 0.0087 0.0150
3 0.8313 0.9475 0.0063 0.0138
3 0.8381 0.9488 0.0075 0.0163
3 0.8484 0.9488 0.0063 0.0163
3 0.8938 0.9325 0.0063 0.0150
3 0.9794 0.7400 0.0150 0.0112
3 0.9806 0.7300 0.0175 0.0100
3 0.9788 0.7206 0.0138 0.0100
3 0.9794 0.7112 0.0150 0.0100
3 0.9784 0.6953 0.0163 0.0125
3 0.9781 0.6863 0.0125 0.0100
3 0.9662 0.5959 0.0138 0.0075
3 0.9731 0.6250 0.0150 0.0063
3 0.9741 0.6328 0.0138 0.0063
3 0.9756 0.6438 0.0138 0.0063
3 0.9756 0.6528 0.0138 0.0087
3 0.9909 0.6353 0.0100 0.0050
3 0.9459 0.6106 0.0075 0.0150
3 0.9313 0.6100 0.0063 0.0138
3 0.9381 0.6112 0.0075 0.0163
3 0.0347 0.9475 0.0287 0.0138
3 0.9041 0.7003 0.0112 0.0100
3 0.9047 0.7091 0.0125 0.0087
3 0.9056 0.7178 0.0112 0.0075
3 0.9066 0.7269 0.0100 0.0100
3 0.9066 0.7328 0.0100 0.0063
3 0.9069 0.7419 0.0138 0.0087
3 0.9078 0.7497 0.0125 0.0087
3 0.7272 0.5734 0.0075 0.0187
3 0.1094 0.9950 0.0187 0.0087
3 0.2350 0.9750 0.0138 0.0063
3 0.5859 0.7516 0.0125 0.0063
3 0.5309 0.7119 0.0150 0.0050
3 0.5319 0.7319 0.0138 0.0075
3 0.5325 0.7391 0.0150 0.0063
3 0.5316 0.7478 0.0163 0.0050
3 0.5828 0.8313 0.0063 0.0187
3 0.7688 0.8225 0.0063 0.0200
3 0.7603 0.8225 0.0050 0.0138
3 0.5862 0.7741 0.0163 0.0075
3 0.4987 0.7562 0.0163 0.0063
3 0.5331 0.7622 0.0163 0.0087
3 0.7787 0.7878 0.0075 0.0163
3 0.8625 0.9472 0.0063 0.0163
3 0.0856 0.9269 0.0150 0.0100
3 0.1531 0.9269 0.0125 0.0100
3 0.1969 0.9178 0.0125 0.0075
3 0.4463 0.8925 0.0175 0.0100
3 0.5988 0.9213 0.0163 0.0112
