3 0.2947 0.0887 0.0175 0.0087
3 0.6950 0.0678 0.0150 0.0075
3 0.6687 0.2450 0.0187 0.0087
3 0.7831 0.2003 0.0100 0.0163
3 0.8175 0.5047 0.0163 0.0063
3 0.7575 0.4856 0.0087 0.0150
3 0.2569 0.1303 0.0075 0.0138
3 0.4834 0.1044 0.0075 0.0150
3 0.8122 0.0847 0.0150 0.0100
3 0.8722 0.0591 0.0163 0.0087
3 0.8337 0.2388 0.0175 0.0087
3 0.8044 0.2225 0.0150 0.0075
3 0.7019 0.2278 0.0163 0.0087
3 0.6278 0.2313 0.0150 0.0063
3 0.6534 0.2138 0.0100 0.0087
3 0.5138 0.2863 0.0087 0.0163
3 0.0412 0.3663 0.0075 0.0138
3 0.0922 0.5144 0.0250 0.0100
3 0.1181 0.5184 0.0175 0.0087
3 0.1537 0.5037 0.0075 0.0138
3 0.1972 0.5147 0.0163 0.0075
3 0.0944 0.8656 0.0075 0.0125
3 0.0956 0.8944 0.0100 0.0138
3 0.0966 0.9122 0.0087 0.0150
3 0.3375 0.4569 0.0063 0.0138
3 0.3366 0.4437 0.0075 0.0125
3 0.3412 0.5037 0.0075 0.0138
3 0.5959 0.5284 0.0200 0.0100
3 0.9681 0.4287 0.0175 0.0075
3 0.9375 0.4228 0.0125 0.0112
3 0.6553 0.7700 0.0075 0.0150
3 0.6575 0.7888 0.0087 0.0150
3 0.6081 0.0672 0.0163 0.0063
