1 0.7234 0.8234 0.0813 0.0844
1 0.5594 0.8805 0.0750 0.0797
1 0.4695 0.9109 0.0766 0.0813
1 0.5984 0.6312 0.0437 0.0531
1 0.5484 0.6492 0.0437 0.0484
1 0.4094 0.6281 0.0469 0.0437
1 0.5344 0.4719 0.0500 0.0625
1 0.4844 0.4938 0.0406 0.0531
1 0.3758 0.5219 0.0547 0.0437
1 0.3328 0.6680 0.0500 0.0547
1 0.3609 0.8828 0.0750 0.0875
1 0.3891 0.1109 0.0938 0.0781
1 0.2734 0.8547 0.0563 0.0500
1 0.2125 0.7039 0.0875 0.0734
1 0.1578 0.5398 0.0906 0.0734
1 0.2641 0.1219 0.0844 0.0906
1 0.2055 0.2594 0.0797 0.0875
1 0.1023 0.3656 0.1016 0.0781
1 0.0734 0.2812 0.1031 0.0781
1 0.0398 0.7867 0.0797 0.0797
1 0.0242 0.7039 0.0484 0.0734
1 0.0359 0.9789 0.0656 0.0422
