1 0.8297 0.0355 0.0906 0.0711
1 0.9609 0.0883 0.0781 0.0797
1 0.9734 0.2195 0.0531 0.1016
1 0.4984 0.0211 0.0406 0.0422
1 0.3680 0.0352 0.0797 0.0703
1 0.2496 0.0801 0.0523 0.0508
1 0.6602 0.3148 0.0703 0.0828
1 0.5805 0.2750 0.0703 0.0844
1 0.5023 0.2383 0.0734 0.0797
1 0.4246 0.2000 0.0680 0.0813
1 0.3461 0.1680 0.0797 0.0797
1 0.9625 0.5191 0.0750 0.0664
1 0.9262 0.6051 0.0773 0.0664
1 0.8918 0.6777 0.0555 0.0430
1 0.7707 0.4742 0.0883 0.0797
1 0.7285 0.5520 0.0977 0.0789
1 0.6883 0.6535 0.0641 0.0508
1 0.6066 0.8043 0.0883 0.0742
1 0.5699 0.8832 0.0836 0.0727
1 0.5484 0.4805 0.0625 0.0484
1 0.2961 0.3637 0.0516 0.0523
1 0.3613 0.4074 0.0445 0.0523
1 0.5133 0.5406 0.0578 0.0406
1 0.4543 0.6590 0.0555 0.0430
1 0.4270 0.7613 0.0414 0.0383
1 0.0520 0.3469 0.0695 0.0500
1 0.0688 0.4020 0.0500 0.0477
1 0.0852 0.4512 0.0484 0.0430
1 0.1113 0.5543 0.0539 0.0461
1 0.0195 0.9121 0.0391 0.0586
