3 0.8991 0.0512 0.0138 0.0087
3 0.6681 0.3472 0.0175 0.0100
3 0.7222 0.3519 0.0163 0.0100
3 0.8066 0.3747 0.0163 0.0150
3 0.8213 0.3928 0.0112 0.0200
3 0.2850 0.3381 0.0138 0.0075
3 0.0250 0.6291 0.0187 0.0112
3 0.0638 0.6491 0.0150 0.0075
3 0.1028 0.6534 0.0150 0.0100
3 0.1241 0.6578 0.0138 0.0125
3 0.1425 0.6572 0.0163 0.0112
3 0.1837 0.6581 0.0175 0.0100
3 0.1831 0.6409 0.0163 0.0100
3 0.2022 0.6603 0.0138 0.0112
3 0.8519 0.3600 0.0163 0.0075
3 0.6019 0.6878 0.0163 0.0100
3 0.6338 0.7181 0.0112 0.0112
3 0.1913 0.3181 0.0138 0.0050
3 0.3650 0.3272 0.0112 0.0075
3 0.0150 0.9634 0.0175 0.0112
3 0.4875 0.9959 0.0187 0.0075
3 0.0703 0.0488 0.0063 0.0163
3 0.1522 0.2731 0.0075 0.0150
3 0.1638 0.0488 0.0087 0.0163
3 0.5794 0.3103 0.0087 0.0175
3 0.6397 0.3125 0.0075 0.0125
3 0.6400 0.3284 0.0112 0.0163
3 0.4278 0.3763 0.0087 0.0150
3 0.7706 0.6191 0.0100 0.0163
3 0.6309 0.4500 0.0087 0.0187
3 0.6331 0.4987 0.0100 0.0163
3 0.0231 0.5975 0.0150 0.0075
3 0.0694 0.9653 0.0138 0.0087
3 0.0091 0.6269 0.0150 0.0100
