3 0.1913 0.1862 0.0138 0.0037
3 0.5875 0.0244 0.0125 0.0112
3 0.5700 0.0844 0.0087 0.0125
3 0.5891 0.1169 0.0063 0.0150
3 0.5781 0.2084 0.0063 0.0138
3 0.6000 0.2619 0.0063 0.0112
3 0.6006 0.2756 0.0075 0.0138
3 0.5837 0.2900 0.0050 0.0112
3 0.5703 0.1038 0.0063 0.0138
3 0.6912 0.0494 0.0138 0.0050
3 0.6500 0.0437 0.0063 0.0125
3 0.6912 0.5303 0.0138 0.0075
3 0.6863 0.5575 0.0163 0.0087
3 0.5300 0.5687 0.0100 0.0125
3 0.5153 0.5744 0.0087 0.0112
3 0.4619 0.5881 0.0112 0.0138
3 0.0378 0.2250 0.0163 0.0063
3 0.9187 0.2447 0.0063 0.0112
3 0.9206 0.2606 0.0100 0.0150
3 0.8859 0.4553 0.0125 0.0138
3 0.8053 0.4831 0.0138 0.0163
3 0.7953 0.5541 0.0125 0.0175
3 0.9006 0.2903 0.0075 0.0150
3 0.3856 0.6969 0.0087 0.0125
3 0.3956 0.7194 0.0100 0.0138
3 0.4659 0.8578 0.0100 0.0125
3 0.4791 0.8969 0.0112 0.0125
3 0.4728 0.9416 0.0112 0.0175
3 0.0906 0.8287 0.0125 0.0138
3 0.7681 0.7241 0.0112 0.0138
3 0.8088 0.7656 0.0112 0.0125
3 0.7966 0.7953 0.0087 0.0125
3 0.8616 0.7928 0.0138 0.0075
3 0.8187 0.8588 0.0063 0.0112
3 0.8662 0.9531 0.0075 0.0125
3 0.8453 0.9613 0.0063 0.0100
3 0.8709 0.9781 0.0075 0.0125
3 0.8512 0.9881 0.0087 0.0138
3 0.8050 0.9313 0.0163 0.0063
3 0.2778 0.5122 0.0087 0.0150
3 0.4862 0.8241 0.0163 0.0075
3 0.6672 0.1041 0.0063 0.0112
3 0.8534 0.1522 0.0163 0.0075
3 0.8875 0.0469 0.0063 0.0125
3 0.8884 0.8706 0.0175 0.0100
