3 0.0869 0.2359 0.0175 0.0063
3 0.1791 0.1909 0.0175 0.0100
3 0.6584 0.4097 0.0200 0.0100
3 0.9297 0.4375 0.0187 0.0063
3 0.6394 0.5431 0.0100 0.0175
3 0.5134 0.7544 0.0112 0.0150
3 0.8269 0.7544 0.0100 0.0150
3 0.6794 0.9272 0.0087 0.0138
3 0.8572 0.9622 0.0175 0.0087
3 0.9481 0.9341 0.0087 0.0150
3 0.1109 0.4625 0.0125 0.0063
3 0.0316 0.6806 0.0100 0.0175
3 0.0259 0.7500 0.0175 0.0063
3 0.5994 0.8709 0.0175 0.0075
3 0.0769 0.1981 0.0163 0.0087
3 0.1231 0.1956 0.0150 0.0100
3 0.4612 0.1944 0.0163 0.0075
3 0.5497 0.1891 0.0150 0.0063
3 0.6409 0.1691 0.0163 0.0100
3 0.7112 0.1647 0.0163 0.0075
3 0.6597 0.2078 0.0163 0.0063
3 0.7803 0.2022 0.0075 0.0138
3 0.7950 0.2028 0.0087 0.0150
3 0.8022 0.2006 0.0075 0.0138
3 0.7841 0.3959 0.0087 0.0138
3 0.9128 0.4225 0.0163 0.0075
3 0.0403 0.2875 0.0087 0.0125
3 0.4316 0.4175 0.0100 0.0163
3 0.5997 0.3559 0.0087 0.0150
3 0.2856 0.5434 0.0087 0.0150
3 0.7931 0.9647 0.0175 0.0075
3 0.4637 0.7762 0.0087 0.0150
3 0.1387 0.9400 0.0087 0.0112
3 0.1322 0.9222 0.0050 0.0100
