3 0.2222 0.6462 0.0100 0.0112
3 0.2331 0.6497 0.0100 0.0087
3 0.2075 0.6713 0.0087 0.0112
3 0.5266 0.1219 0.0125 0.0063
3 0.5413 0.1263 0.0138 0.0087
3 0.4809 0.1125 0.0150 0.0063
3 0.6250 0.2291 0.0063 0.0112
3 0.6044 0.3394 0.0087 0.0100
3 0.5969 0.3650 0.0063 0.0112
3 0.5878 0.4128 0.0100 0.0225
3 0.5781 0.4513 0.0063 0.0150
3 0.6088 0.4688 0.0112 0.0063
3 0.5644 0.5184 0.0100 0.0150
3 0.5616 0.5344 0.0075 0.0125
3 0.5537 0.5725 0.0075 0.0138
3 0.5694 0.5012 0.0075 0.0087
3 0.5375 0.6656 0.0063 0.0125
3 0.5628 0.6775 0.0100 0.0112
3 0.4384 0.7013 0.0112 0.0087
3 0.4169 0.7025 0.0087 0.0050
3 0.3994 0.7047 0.0175 0.0063
3 0.3888 0.9416 0.0087 0.0112
3 0.3969 0.9625 0.0063 0.0125
3 0.4037 0.9234 0.0075 0.0125
3 0.3956 0.9900 0.0100 0.0175
3 0.0769 0.7688 0.0100 0.0063
3 0.0641 0.7744 0.0063 0.0050
3 0.0409 0.7812 0.0100 0.0063
3 0.1263 0.7953 0.0087 0.0125
3 0.2131 0.7719 0.0075 0.0125
3 0.0103 0.8728 0.0112 0.0112
3 0.1456 0.6822 0.0100 0.0112
3 0.1512 0.6188 0.0087 0.0063
3 0.0134 0.6878 0.0112 0.0100
3 0.1709 0.6950 0.0075 0.0087
3 0.1719 0.6625 0.0063 0.0063
3 0.1766 0.6656 0.0063 0.0063
3 0.1962 0.5834 0.0112 0.0075
3 0.1834 0.6106 0.0075 0.0087
3 0.1322 0.6284 0.0112 0.0100
3 0.0934 0.6497 0.0087 0.0087
3 0.0963 0.6428 0.0112 0.0075
3 0.0988 0.6381 0.0100 0.0075
3 0.1050 0.6231 0.0100 0.0087
3 0.1078 0.6147 0.0125 0.0075
3 0.1791 0.6209 0.0112 0.0075
3 0.1447 0.5994 0.0112 0.0112
3 0.1572 0.6081 0.0112 0.0100
3 0.1591 0.6013 0.0087 0.0087
3 0.0631 0.6959 0.0075 0.0075
3 0.0122 0.7122 0.0087 0.0087
3 0.0387 0.7291 0.0087 0.0112
3 0.0534 0.7238 0.0100 0.0100
3 0.1962 0.6159 0.0112 0.0100
3 0.0178 0.6266 0.0138 0.0063
3 0.0119 0.6094 0.0112 0.0063
3 0.0125 0.6188 0.0125 0.0063
3 0.1125 0.6763 0.0063 0.0087
3 0.0809 0.6919 0.0087 0.0087
3 0.1591 0.6894 0.0087 0.0100
3 0.1059 0.7081 0.0087 0.0100
3 0.6159 0.2413 0.0100 0.0138
3 0.6200 0.2569 0.0087 0.0138
3 0.6109 0.2963 0.0063 0.0112
3 0.5481 0.5959 0.0087 0.0138
3 0.4069 0.9053 0.0075 0.0138
3 0.4106 0.8912 0.0087 0.0138
