3 0.4631 0.9006 0.0200 0.0200
3 0.5519 0.7969 0.0225 0.0250
3 0.5162 0.7469 0.0138 0.0187
3 0.4806 0.8000 0.0175 0.0187
3 0.4688 0.7919 0.0125 0.0150
3 0.5609 0.7184 0.0187 0.0212
3 0.5487 0.7131 0.0163 0.0200
3 0.5416 0.7047 0.0175 0.0187
3 0.5325 0.6997 0.0150 0.0150
3 0.5228 0.6944 0.0175 0.0200
3 0.5106 0.6906 0.0150 0.0187
3 0.4600 0.6556 0.0138 0.0175
3 0.4500 0.6494 0.0187 0.0175
3 0.4322 0.6328 0.0175 0.0187
3 0.4209 0.6300 0.0138 0.0225
3 0.5100 0.7394 0.0138 0.0163
3 0.4938 0.7581 0.0187 0.0225
3 0.4856 0.7500 0.0212 0.0187
3 0.4994 0.7316 0.0175 0.0225
3 0.4912 0.7231 0.0138 0.0150
3 0.4787 0.7428 0.0200 0.0200
3 0.4816 0.7200 0.0163 0.0212
3 0.4738 0.7131 0.0163 0.0200
3 0.4669 0.7369 0.0150 0.0175
3 0.4597 0.7312 0.0163 0.0187
3 0.4603 0.7078 0.0175 0.0187
3 0.4519 0.7056 0.0163 0.0175
3 0.4416 0.6950 0.0175 0.0212
3 0.4341 0.6875 0.0150 0.0187
3 0.4000 0.6619 0.0187 0.0175
3 0.4056 0.6716 0.0175 0.0150
3 0.4156 0.6797 0.0187 0.0187
3 0.4269 0.6869 0.0163 0.0175
3 0.3869 0.6797 0.0175 0.0187
3 0.3950 0.6869 0.0150 0.0175
3 0.4044 0.6944 0.0150 0.0200
3 0.3772 0.6994 0.0200 0.0175
3 0.3653 0.7191 0.0150 0.0225
3 0.3759 0.7256 0.0175 0.0200
3 0.3856 0.7366 0.0150 0.0138
3 0.3975 0.7416 0.0138 0.0175
3 0.4056 0.7491 0.0175 0.0200
3 0.4150 0.7562 0.0175 0.0187
3 0.4259 0.7588 0.0112 0.0175
3 0.4331 0.7675 0.0163 0.0163
3 0.4431 0.7759 0.0112 0.0175
3 0.4594 0.7878 0.0125 0.0163
3 0.4150 0.7037 0.0175 0.0200
3 0.4244 0.7063 0.0112 0.0125
3 0.4297 0.7156 0.0187 0.0187
3 0.4394 0.7219 0.0163 0.0187
3 0.4503 0.7284 0.0163 0.0163
3 0.6256 0.5597 0.0200 0.0100
3 0.6875 0.6038 0.0125 0.0138
3 0.6969 0.5847 0.0125 0.0163
3 0.7069 0.5637 0.0138 0.0212
3 0.7178 0.5350 0.0138 0.0200
3 0.7503 0.5250 0.0100 0.0187
3 0.7269 0.4966 0.0100 0.0212
3 0.6250 0.4678 0.0187 0.0138
3 0.6269 0.4819 0.0225 0.0138
3 0.6341 0.4916 0.0212 0.0112
3 0.6319 0.5047 0.0200 0.0125
3 0.6325 0.5275 0.0212 0.0112
3 0.6291 0.5372 0.0238 0.0087
3 0.6269 0.5491 0.0163 0.0075
3 0.7481 0.3003 0.0087 0.0225
3 0.7638 0.2744 0.0087 0.0238
3 0.7722 0.2759 0.0100 0.0238
3 0.7825 0.2762 0.0087 0.0212
3 0.7934 0.2753 0.0087 0.0225
3 0.7406 0.3444 0.0187 0.0138
3 0.7562 0.3316 0.0187 0.0163
3 0.7737 0.3197 0.0225 0.0175
3 0.7950 0.3138 0.0212 0.0150
3 0.8181 0.3094 0.0175 0.0125
3 0.8359 0.3103 0.0187 0.0112
3 0.7466 0.4309 0.0150 0.0212
3 0.7544 0.4000 0.0150 0.0187
3 0.7688 0.3753 0.0187 0.0163
3 0.7903 0.3600 0.0150 0.0138
3 0.8144 0.3484 0.0163 0.0125
3 0.8588 0.3547 0.0175 0.0125
3 0.8588 0.3891 0.0175 0.0125
3 0.8769 0.4031 0.0163 0.0187
3 0.8919 0.3853 0.0150 0.0175
3 0.8656 0.2869 0.0125 0.0238
3 0.8778 0.2891 0.0150 0.0250
3 0.8875 0.2941 0.0125 0.0225
3 0.9066 0.2844 0.0163 0.0187
3 0.9069 0.3166 0.0200 0.0175
3 0.9150 0.2916 0.0175 0.0175
3 0.9556 0.3569 0.0175 0.0200
3 0.9681 0.3369 0.0175 0.0175
3 0.9794 0.3434 0.0150 0.0150
3 0.9866 0.3544 0.0138 0.0150
3 0.9397 0.2481 0.0138 0.0150
3 0.9469 0.2578 0.0125 0.0125
3 0.9591 0.2612 0.0150 0.0163
3 0.9681 0.2691 0.0175 0.0163
3 0.9772 0.2766 0.0138 0.0187
3 0.9863 0.2831 0.0163 0.0225
3 0.9916 0.2191 0.0175 0.0100
3 0.9925 0.2081 0.0163 0.0100
3 0.9925 0.1981 0.0163 0.0087
3 0.9925 0.1869 0.0163 0.0112
3 0.9928 0.1744 0.0138 0.0112
3 0.9434 0.3053 0.0087 0.0200
