3 0.6347 0.3163 0.0163 0.0075
3 0.5481 0.2147 0.0150 0.0138
3 0.8084 0.3222 0.0200 0.0100
3 0.6041 0.2094 0.0050 0.0125
3 0.5294 0.2569 0.0150 0.0075
3 0.5572 0.2081 0.0112 0.0163
3 0.6431 0.9769 0.0175 0.0100
3 0.7984 0.9797 0.0187 0.0125
3 0.5763 0.9919 0.0087 0.0150
3 0.2288 0.9613 0.0200 0.0100
3 0.0356 0.7159 0.0087 0.0163
3 0.1638 0.7250 0.0087 0.0187
3 0.3484 0.5741 0.0125 0.0075
3 0.0059 0.6038 0.0087 0.0075
3 0.2991 0.5244 0.0075 0.0175
3 0.4412 0.6825 0.0200 0.0087
3 0.4813 0.7091 0.0187 0.0087
3 0.4959 0.7356 0.0075 0.0212
3 0.5062 0.7350 0.0125 0.0200
3 0.6028 0.7137 0.0212 0.0087
3 0.6172 0.5787 0.0250 0.0138
3 0.5419 0.5019 0.0150 0.0100
3 0.8337 0.6425 0.0112 0.0225
3 0.9200 0.2584 0.0212 0.0138
3 0.8403 0.3666 0.0087 0.0238
3 0.8903 0.3641 0.0150 0.0063
3 0.8909 0.3750 0.0163 0.0063
3 0.8900 0.3844 0.0175 0.0063
3 0.8153 0.3872 0.0150 0.0087
3 0.8169 0.4250 0.0150 0.0063
3 0.8122 0.4444 0.0150 0.0075
3 0.2794 0.3031 0.0150 0.0063
3 0.2850 0.2153 0.0200 0.0087
3 0.3547 0.2541 0.0187 0.0112
3 0.3559 0.2778 0.0212 0.0087
3 0.3566 0.2675 0.0163 0.0100
3 0.0334 0.1938 0.0075 0.0125
3 0.0066 0.2969 0.0100 0.0063
3 0.0066 0.3078 0.0100 0.0063
3 0.0112 0.3325 0.0163 0.0087
3 0.0822 0.4825 0.0175 0.0087
3 0.0287 0.4981 0.0075 0.0150
3 0.0091 0.5506 0.0150 0.0075
3 0.9806 0.1106 0.0175 0.0087
3 0.9088 0.1109 0.0175 0.0063
3 0.9637 0.1359 0.0087 0.0187
3 0.9741 0.1375 0.0075 0.0187
3 0.9834 0.1363 0.0075 0.0163
3 0.9163 0.0256 0.0075 0.0200
3 0.8137 0.0938 0.0087 0.0187
3 0.8006 0.0919 0.0075 0.0150
3 0.8894 0.1394 0.0225 0.0100
3 0.8637 0.1394 0.0212 0.0100
3 0.8366 0.1381 0.0200 0.0075
3 0.8200 0.1322 0.0087 0.0175
3 0.8069 0.1316 0.0075 0.0163
3 0.7981 0.1325 0.0087 0.0150
3 0.7881 0.1309 0.0075 0.0150
3 0.7800 0.1313 0.0100 0.0187
3 0.7706 0.1316 0.0100 0.0163
3 0.7606 0.1309 0.0087 0.0150
3 0.7506 0.1300 0.0075 0.0163
3 0.7422 0.1306 0.0063 0.0175
3 0.7331 0.1291 0.0100 0.0175
3 0.6075 0.1212 0.0087 0.0238
3 0.6194 0.1263 0.0075 0.0150
3 0.6450 0.1269 0.0087 0.0163
3 0.6566 0.1278 0.0100 0.0150
3 0.6647 0.1281 0.0075 0.0187
3 0.6747 0.1300 0.0087 0.0163
3 0.6875 0.1266 0.0063 0.0187
3 0.6944 0.1275 0.0075 0.0175
3 0.7022 0.1275 0.0075 0.0175
3 0.7100 0.1272 0.0075 0.0138
3 0.7200 0.1303 0.0087 0.0138
3 0.1959 0.0244 0.0075 0.0175
3 0.2069 0.0250 0.0075 0.0187
3 0.0722 0.0228 0.0100 0.0175
3 0.5363 0.7322 0.0100 0.0175
3 0.4078 0.9150 0.0063 0.0112
3 0.6747 0.9928 0.0087 0.0138
3 0.8306 0.9287 0.0112 0.0138
3 0.6247 0.7388 0.0087 0.0150
3 0.6159 0.2987 0.0163 0.0163
3 0.6188 0.5884 0.0187 0.0112
