3 0.5138 0.0500 0.0087 0.0125
3 0.2200 0.2203 0.0087 0.0125
3 0.3328 0.2794 0.0187 0.0087
3 0.5547 0.2834 0.0187 0.0075
3 0.6562 0.2641 0.0187 0.0063
3 0.7131 0.2766 0.0138 0.0063
3 0.4669 0.0516 0.0150 0.0063
3 0.4691 0.0578 0.0163 0.0063
3 0.2603 0.1250 0.0175 0.0063
3 0.8334 0.1575 0.0138 0.0150
3 0.5203 0.1991 0.0063 0.0138
3 0.7731 0.2734 0.0150 0.0063
3 0.7931 0.2575 0.0175 0.0087
3 0.9700 0.7847 0.0150 0.0100
3 0.9672 0.7703 0.0187 0.0063
3 0.9897 0.7319 0.0075 0.0138
3 0.6553 0.5950 0.0075 0.0150
3 0.4631 0.5653 0.0075 0.0150
3 0.6575 0.6181 0.0087 0.0175
3 0.7600 0.9187 0.0138 0.0063
3 0.7819 0.9391 0.0075 0.0125
3 0.7934 0.9391 0.0087 0.0125
3 0.8684 0.9006 0.0150 0.0075
3 0.9150 0.9113 0.0175 0.0100
3 0.0066 0.7800 0.0100 0.0163
3 0.0697 0.9366 0.0175 0.0075
3 0.2194 0.8766 0.0075 0.0125
3 0.2612 0.4772 0.0163 0.0075
3 0.0125 0.0216 0.0187 0.0087
3 0.2144 0.1591 0.0100 0.0150
3 0.2131 0.1419 0.0075 0.0150
3 0.1722 0.1881 0.0163 0.0075
3 0.2184 0.1906 0.0087 0.0125
3 0.2431 0.1722 0.0175 0.0100
3 0.4600 0.1825 0.0138 0.0087
3 0.1263 0.3263 0.0087 0.0150
3 0.0275 0.7188 0.0112 0.0063
3 0.0362 0.7516 0.0163 0.0063
3 0.1062 0.9025 0.0063 0.0112
3 0.6141 0.7888 0.0187 0.0087
3 0.6178 0.7966 0.0138 0.0087
3 0.7266 0.7678 0.0187 0.0075
3 0.3891 0.7422 0.0187 0.0063
3 0.3825 0.5066 0.0087 0.0163
3 0.7388 0.3069 0.0087 0.0138
3 0.6125 0.2809 0.0187 0.0087
3 0.6794 0.2631 0.0150 0.0075
3 0.7438 0.2591 0.0187 0.0087
3 0.9144 0.3597 0.0100 0.0100
3 0.9447 0.4281 0.0112 0.0063
3 0.9472 0.4481 0.0163 0.0087
3 0.7806 0.8619 0.0050 0.0112
3 0.7803 0.8484 0.0075 0.0125
3 0.5156 0.9325 0.0187 0.0087
3 0.4331 0.9247 0.0163 0.0087
3 0.4669 0.9669 0.0087 0.0150
