3 0.2372 0.0900 0.0150 0.0175
3 0.1797 0.1078 0.0187 0.0125
3 0.1884 0.1275 0.0175 0.0175
3 0.4159 0.2888 0.0225 0.0150
3 0.4012 0.3147 0.0150 0.0138
3 0.3463 0.3234 0.0175 0.0125
3 0.3356 0.3416 0.0150 0.0112
3 0.3231 0.3569 0.0150 0.0138
3 0.3184 0.3675 0.0212 0.0163
3 0.3825 0.3488 0.0212 0.0163
3 0.3725 0.3612 0.0200 0.0163
3 0.3566 0.3847 0.0163 0.0100
3 0.3263 0.4331 0.0212 0.0163
3 0.3169 0.4487 0.0212 0.0163
3 0.2938 0.4800 0.0187 0.0163
3 0.2491 0.4675 0.0200 0.0163
3 0.2819 0.5044 0.0200 0.0150
3 0.1919 0.5569 0.0150 0.0138
3 0.2053 0.6222 0.0200 0.0163
3 0.0163 0.6731 0.0200 0.0150
3 0.1625 0.6825 0.0187 0.0150
3 0.1459 0.7162 0.0200 0.0138
3 0.0756 0.7400 0.0200 0.0175
3 0.0981 0.7872 0.0212 0.0150
3 0.1131 0.2931 0.0200 0.0238
3 0.1391 0.3097 0.0187 0.0225
