3 0.1550 0.9797 0.0163 0.0063
3 0.8519 0.9437 0.0163 0.0063
3 0.8859 0.9397 0.0125 0.0075
3 0.7134 0.9328 0.0175 0.0063
3 0.6950 0.9469 0.0150 0.0063
3 0.6734 0.6594 0.0063 0.0125
3 0.8025 0.6175 0.0112 0.0163
3 0.9887 0.6412 0.0087 0.0138
3 0.6878 0.4203 0.0100 0.0125
3 0.7963 0.1337 0.0112 0.0112
3 0.7987 0.1519 0.0163 0.0100
3 0.5906 0.2213 0.0125 0.0112
3 0.6022 0.2309 0.0138 0.0150
3 0.7125 0.1978 0.0125 0.0112
3 0.7403 0.1775 0.0150 0.0112
3 0.7547 0.1656 0.0125 0.0125
3 0.8766 0.0344 0.0125 0.0125
3 0.7550 0.1394 0.0100 0.0163
3 0.7913 0.0963 0.0138 0.0112
3 0.5956 0.4012 0.0100 0.0150
3 0.5162 0.4912 0.0138 0.0138
3 0.5016 0.5006 0.0125 0.0138
3 0.5106 0.7850 0.0150 0.0075
3 0.6347 0.9387 0.0163 0.0087
3 0.6550 0.9356 0.0163 0.0087
3 0.8556 0.8859 0.0050 0.0125
3 0.1356 0.9791 0.0150 0.0112
3 0.1797 0.9794 0.0187 0.0087
3 0.0106 0.2053 0.0150 0.0138
3 0.8122 0.7031 0.0087 0.0125
