3 0.7644 0.6231 0.0100 0.0087
3 0.7803 0.6256 0.0075 0.0075
3 0.5972 0.6619 0.0100 0.0050
3 0.5088 0.7353 0.0112 0.0112
3 0.2263 0.7659 0.0087 0.0100
3 0.0406 0.7675 0.0063 0.0100
3 0.1609 0.7259 0.0063 0.0112
3 0.1250 0.7047 0.0063 0.0125
3 0.1762 0.7094 0.0087 0.0063
3 0.1038 0.7447 0.0075 0.0112
3 0.1581 0.7575 0.0100 0.0087
3 0.1525 0.6963 0.0050 0.0112
3 0.1069 0.7150 0.0075 0.0112
3 0.1547 0.7253 0.0063 0.0100
3 0.1403 0.7216 0.0087 0.0087
3 0.1203 0.7175 0.0063 0.0100
3 0.1328 0.7194 0.0063 0.0075
3 0.1266 0.7191 0.0063 0.0100
3 0.3534 0.6900 0.0100 0.0050
3 0.3566 0.6953 0.0100 0.0063
3 0.3650 0.7172 0.0112 0.0063
3 0.2259 0.4269 0.0175 0.0225
