3 0.8653 0.5481 0.0087 0.0275
3 0.7528 0.4275 0.0087 0.0238
3 0.7844 0.4450 0.0250 0.0087
3 0.7834 0.4522 0.0263 0.0075
3 0.7853 0.4594 0.0238 0.0125
3 0.7781 0.4763 0.0250 0.0087
3 0.8938 0.4225 0.0250 0.0138
3 0.9456 0.4106 0.0225 0.0087
3 0.8997 0.4569 0.0212 0.0075
3 0.9238 0.4219 0.0225 0.0125
3 0.9503 0.4219 0.0225 0.0125
3 0.9516 0.4297 0.0250 0.0125
3 0.9519 0.4344 0.0225 0.0125
3 0.9616 0.5912 0.0263 0.0138
3 0.4178 0.5881 0.0263 0.0075
3 0.4313 0.5716 0.0187 0.0087
3 0.2669 0.7975 0.0275 0.0138
