3 0.5472 0.1150 0.0163 0.0112
3 0.5388 0.1600 0.0087 0.0200
3 0.4150 0.4287 0.0175 0.0075
3 0.4369 0.4181 0.0112 0.0112
3 0.8538 0.3187 0.0138 0.0063
3 0.9772 0.1837 0.0138 0.0112
3 0.8481 0.4350 0.0150 0.0138
3 0.8363 0.4222 0.0163 0.0163
3 0.9463 0.5734 0.0112 0.0125
3 0.9491 0.9200 0.0075 0.0150
3 0.9403 0.9219 0.0087 0.0125
3 0.9234 0.9287 0.0063 0.0138
3 0.9069 0.9341 0.0075 0.0150
3 0.9141 0.9300 0.0063 0.0163
3 0.8778 0.9722 0.0087 0.0163
3 0.8969 0.9669 0.0063 0.0150
3 0.9075 0.9659 0.0087 0.0163
3 0.9353 0.9581 0.0112 0.0163
3 0.9497 0.9528 0.0087 0.0150
3 0.9622 0.9506 0.0087 0.0200
3 0.3722 0.9537 0.0100 0.0138
3 0.3659 0.9594 0.0100 0.0125
3 0.3616 0.9641 0.0075 0.0125
3 0.3525 0.9694 0.0112 0.0138
3 0.3394 0.9669 0.0100 0.0150
3 0.3019 0.9731 0.0100 0.0150
3 0.2944 0.9781 0.0075 0.0125
3 0.2878 0.9816 0.0100 0.0163
3 0.2794 0.9866 0.0087 0.0138
3 0.2453 0.9050 0.0125 0.0100
3 0.2406 0.9187 0.0125 0.0063
