3 0.0287 0.5375 0.0263 0.0063
3 0.4019 0.5466 0.0287 0.0087
3 0.3584 0.5997 0.0263 0.0087
3 0.3606 0.6159 0.0275 0.0100
3 0.3969 0.5966 0.0250 0.0087
3 0.3353 0.6928 0.0300 0.0075
3 0.3903 0.6997 0.0275 0.0087
3 0.3862 0.6744 0.0287 0.0112
3 0.4184 0.6763 0.0275 0.0087
3 0.4216 0.6991 0.0275 0.0075
3 0.4231 0.6453 0.0275 0.0125
3 0.4750 0.6428 0.0250 0.0075
3 0.4769 0.6756 0.0287 0.0075
3 0.4644 0.5894 0.0287 0.0100
3 0.5338 0.6250 0.0238 0.0063
3 0.5031 0.6450 0.0250 0.0087
3 0.6072 0.5459 0.0300 0.0075
3 0.6284 0.4356 0.0287 0.0087
