3 0.1888 0.4428 0.0087 0.0263
3 0.1900 0.6619 0.0112 0.0300
3 0.1569 0.0900 0.0075 0.0238
3 0.1672 0.0281 0.0063 0.0125
3 0.1603 0.0312 0.0050 0.0125
3 0.1619 0.0456 0.0050 0.0100
3 0.1619 0.0603 0.0050 0.0112
3 0.1625 0.0744 0.0063 0.0112
3 0.1828 0.0875 0.0063 0.0125
3 0.1672 0.0462 0.0063 0.0112
3 0.0594 0.1391 0.0125 0.0063
3 0.0606 0.1444 0.0150 0.0075
3 0.0219 0.2147 0.0125 0.0075
3 0.0703 0.1875 0.0125 0.0063
3 0.0756 0.1219 0.0075 0.0125
3 0.0931 0.1281 0.0112 0.0063
3 0.1709 0.1350 0.0075 0.0138
3 0.1641 0.2166 0.0063 0.0112
3 0.1672 0.2550 0.0063 0.0100
3 0.0666 0.3219 0.0050 0.0125
3 0.0594 0.3228 0.0063 0.0112
3 0.0287 0.3281 0.0075 0.0125
3 0.0131 0.3331 0.0075 0.0100
3 0.0297 0.3506 0.0125 0.0075
3 0.0500 0.3609 0.0125 0.0063
3 0.0494 0.3563 0.0112 0.0063
3 0.0750 0.4869 0.0125 0.0050
3 0.0306 0.4875 0.0112 0.0063
3 0.0197 0.5016 0.0112 0.0063
3 0.0547 0.4881 0.0125 0.0075
3 0.1688 0.5675 0.0063 0.0163
3 0.1750 0.5969 0.0063 0.0125
3 0.0144 0.6750 0.0100 0.0063
3 0.0150 0.6813 0.0112 0.0063
3 0.0166 0.6875 0.0112 0.0063
3 0.0394 0.6813 0.0100 0.0063
3 0.0178 0.7119 0.0138 0.0050
3 0.0600 0.6844 0.0138 0.0063
3 0.0588 0.6781 0.0112 0.0063
3 0.0600 0.6728 0.0138 0.0050
3 0.0897 0.7063 0.0138 0.0063
3 0.0166 0.7234 0.0112 0.0063
3 0.1047 0.7250 0.0063 0.0125
3 0.1087 0.7156 0.0112 0.0063
3 0.1091 0.7094 0.0150 0.0063
3 0.1197 0.7078 0.0112 0.0063
3 0.1113 0.7047 0.0100 0.0063
3 0.1200 0.7041 0.0087 0.0050
3 0.1369 0.6969 0.0112 0.0063
3 0.0228 0.8406 0.0112 0.0063
3 0.0228 0.8516 0.0112 0.0063
3 0.0212 0.8625 0.0112 0.0063
3 0.0219 0.8681 0.0125 0.0050
3 0.0572 0.9150 0.0050 0.0112
3 0.0859 0.9194 0.0063 0.0138
3 0.0797 0.9181 0.0063 0.0112
3 0.0734 0.9203 0.0063 0.0125
3 0.0944 0.9219 0.0075 0.0125
3 0.1328 0.9400 0.0063 0.0112
3 0.1562 0.9428 0.0063 0.0138
3 0.1616 0.8859 0.0075 0.0125
3 0.1625 0.8578 0.0063 0.0125
3 0.1638 0.8391 0.0087 0.0125
3 0.1656 0.8178 0.0063 0.0138
3 0.0813 0.7275 0.0063 0.0112
3 0.1375 0.6931 0.0125 0.0050
3 0.1375 0.6869 0.0125 0.0050
3 0.1397 0.6813 0.0138 0.0063
3 0.1387 0.6694 0.0150 0.0075
3 0.1387 0.6625 0.0150 0.0063
3 0.2116 0.7325 0.0138 0.0087
3 0.2756 0.6922 0.0075 0.0125
3 0.2750 0.6678 0.0063 0.0138
3 0.2128 0.7431 0.0163 0.0112
3 0.3003 0.6691 0.0100 0.0163
3 0.3250 0.6928 0.0063 0.0138
3 0.1938 0.9325 0.0125 0.0087
3 0.2109 0.9244 0.0125 0.0112
3 0.2231 0.9294 0.0087 0.0087
3 0.2419 0.9506 0.0087 0.0075
3 0.2441 0.9372 0.0100 0.0087
3 0.2581 0.9431 0.0163 0.0112
3 0.2556 0.9553 0.0112 0.0075
3 0.2675 0.9609 0.0100 0.0063
3 0.2759 0.9491 0.0112 0.0075
3 0.2869 0.9625 0.0112 0.0063
3 0.2966 0.9625 0.0087 0.0063
3 0.3097 0.9625 0.0100 0.0063
3 0.3478 0.9631 0.0112 0.0075
3 0.3641 0.9631 0.0125 0.0075
3 0.4009 0.9600 0.0112 0.0075
3 0.3850 0.9497 0.0138 0.0087
3 0.4228 0.9528 0.0112 0.0087
3 0.4806 0.9119 0.0112 0.0112
3 0.4878 0.8853 0.0100 0.0112
3 0.5000 0.8556 0.0063 0.0112
3 0.5037 0.8412 0.0075 0.0138
3 0.5184 0.8031 0.0087 0.0125
3 0.5062 0.8156 0.0063 0.0125
3 0.5194 0.7900 0.0075 0.0112
3 0.5062 0.8022 0.0063 0.0138
3 0.3331 0.9094 0.0100 0.0063
3 0.3322 0.9219 0.0112 0.0063
3 0.1688 0.3259 0.0063 0.0112
3 0.1694 0.3594 0.0075 0.0125
3 0.1694 0.3828 0.0075 0.0125
3 0.1700 0.4159 0.0087 0.0100
3 0.2897 0.0713 0.0075 0.0112
3 0.2944 0.0688 0.0075 0.0125
3 0.3038 0.0634 0.0075 0.0112
3 0.3219 0.0453 0.0063 0.0125
3 0.3281 0.0459 0.0063 0.0138
3 0.8213 0.0125 0.0050 0.0125
3 0.6934 0.2875 0.0150 0.0063
3 0.6963 0.2938 0.0112 0.0063
3 0.7147 0.3716 0.0075 0.0150
3 0.6866 0.3753 0.0075 0.0163
3 0.6953 0.4338 0.0063 0.0112
3 0.7194 0.4241 0.0075 0.0138
3 0.7244 0.4234 0.0050 0.0125
3 0.7338 0.4281 0.0050 0.0125
3 0.7422 0.4281 0.0063 0.0125
3 0.7506 0.4275 0.0075 0.0112
3 0.7562 0.4269 0.0063 0.0100
3 0.7438 0.4181 0.0063 0.0112
3 0.7750 0.4006 0.0063 0.0138
3 0.7812 0.4006 0.0063 0.0138
3 0.7869 0.4016 0.0050 0.0125
3 0.7937 0.4000 0.0063 0.0125
3 0.8056 0.3800 0.0050 0.0100
3 0.7516 0.4172 0.0063 0.0125
3 0.7572 0.4172 0.0050 0.0125
3 0.7625 0.4188 0.0063 0.0125
3 0.7688 0.4181 0.0063 0.0112
3 0.7750 0.4188 0.0063 0.0125
3 0.7812 0.4188 0.0063 0.0125
3 0.7875 0.4203 0.0063 0.0125
3 0.7931 0.4209 0.0050 0.0138
3 0.8000 0.4203 0.0063 0.0125
3 0.8069 0.4203 0.0075 0.0125
3 0.7994 0.4016 0.0050 0.0125
3 0.8031 0.4000 0.0063 0.0125
3 0.8109 0.4016 0.0063 0.0125
3 0.8119 0.3806 0.0050 0.0112
3 0.8172 0.3812 0.0063 0.0125
3 0.8297 0.3837 0.0063 0.0112
3 0.8344 0.3837 0.0063 0.0112
3 0.8400 0.3837 0.0050 0.0112
3 0.8453 0.3837 0.0063 0.0112
3 0.8816 0.2969 0.0100 0.0063
3 0.8803 0.3125 0.0138 0.0063
3 0.8881 0.3647 0.0075 0.0138
3 0.8703 0.4031 0.0063 0.0125
3 0.8500 0.4022 0.0063 0.0138
3 0.8463 0.3484 0.0112 0.0063
3 0.8478 0.3428 0.0112 0.0075
3 0.8463 0.3375 0.0112 0.0063
3 0.6922 0.9900 0.0063 0.0112
3 0.6813 0.9775 0.0063 0.0112
3 0.6819 0.9884 0.0075 0.0112
3 0.6931 0.9488 0.0050 0.0100
3 0.6828 0.9056 0.0063 0.0112
3 0.6819 0.9203 0.0075 0.0125
3 0.6937 0.8891 0.0063 0.0125
3 0.6944 0.8766 0.0075 0.0125
3 0.6850 0.8512 0.0075 0.0150
3 0.6944 0.8319 0.0075 0.0138
3 0.7588 0.8506 0.0112 0.0075
3 0.7791 0.8522 0.0112 0.0075
3 0.7666 0.8697 0.0050 0.0112
3 0.7978 0.9594 0.0112 0.0063
3 0.7994 0.9525 0.0112 0.0050
3 0.8006 0.9469 0.0138 0.0063
3 0.7937 0.8713 0.0063 0.0112
3 0.7881 0.8716 0.0075 0.0087
3 0.7812 0.8706 0.0063 0.0100
3 0.8041 0.8706 0.0050 0.0100
3 0.8250 0.8519 0.0063 0.0100
3 0.8353 0.8525 0.0050 0.0112
3 0.9234 0.9219 0.0063 0.0125
3 0.9250 0.9531 0.0063 0.0125
3 0.9209 0.8397 0.0075 0.0138
3 0.9341 0.8556 0.0087 0.0112
3 0.9356 0.8884 0.0087 0.0112
3 0.9344 0.9259 0.0063 0.0112
3 0.9359 0.9406 0.0063 0.0125
3 0.7656 0.7725 0.0125 0.0075
3 0.9938 0.4272 0.0063 0.0138
3 0.9969 0.4031 0.0063 0.0125
3 0.9844 0.4031 0.0063 0.0125
3 0.9953 0.1753 0.0063 0.0163
3 0.9416 0.5625 0.0112 0.0063
3 0.9453 0.5578 0.0125 0.0063
3 0.9453 0.5516 0.0125 0.0063
3 0.9469 0.5444 0.0125 0.0075
3 0.9478 0.5328 0.0112 0.0063
3 0.9506 0.5209 0.0138 0.0075
3 0.9522 0.5141 0.0138 0.0063
3 0.8953 0.5591 0.0125 0.0087
3 0.9088 0.6719 0.0050 0.0125
3 0.9041 0.6719 0.0050 0.0125
3 0.9938 0.6462 0.0063 0.0112
3 0.9275 0.6984 0.0112 0.0063
3 0.8819 0.6703 0.0075 0.0125
3 0.9141 0.6719 0.0063 0.0125
3 0.8969 0.6703 0.0063 0.0125
3 0.8906 0.6694 0.0063 0.0138
