3 0.5584 0.1691 0.0138 0.0163
3 0.6356 0.2425 0.0150 0.0163
3 0.4303 0.0325 0.0138 0.0150
3 0.5175 0.1247 0.0163 0.0150
3 0.9469 0.0219 0.0125 0.0125
3 0.9731 0.0394 0.0150 0.0163
3 0.9287 0.0422 0.0138 0.0125
3 0.9228 0.0469 0.0112 0.0125
3 0.9594 0.0531 0.0125 0.0125
3 0.9544 0.0600 0.0150 0.0138
3 0.9509 0.0650 0.0112 0.0112
3 0.9416 0.0766 0.0112 0.0125
3 0.9356 0.0788 0.0150 0.0138
3 0.9266 0.0872 0.0125 0.0150
3 0.9213 0.0919 0.0112 0.0150
3 0.9869 0.2281 0.0112 0.0125
3 0.9856 0.2678 0.0150 0.0138
3 0.9641 0.2903 0.0125 0.0150
3 0.9372 0.3053 0.0087 0.0138
3 0.9491 0.3075 0.0075 0.0087
3 0.9163 0.4434 0.0138 0.0150
3 0.3766 0.0250 0.0125 0.0125
3 0.0631 0.1491 0.0075 0.0138
3 0.1212 0.0475 0.0112 0.0138
3 0.1284 0.0556 0.0100 0.0112
3 0.0894 0.9316 0.0100 0.0100
3 0.0866 0.9800 0.0138 0.0163
3 0.0284 0.9459 0.0100 0.0138
3 0.8897 0.8778 0.0138 0.0150
3 0.9753 0.7978 0.0100 0.0112
3 0.8047 0.9800 0.0063 0.0163
3 0.1181 0.9856 0.0112 0.0150
3 0.0847 0.0772 0.0100 0.0138
3 0.1466 0.0272 0.0087 0.0138
3 0.3666 0.0150 0.0112 0.0112
3 0.3603 0.0087 0.0112 0.0112
3 0.9016 0.0719 0.0125 0.0125
3 0.9262 0.8741 0.0150 0.0075
