3 0.8562 0.1119 0.0125 0.0112
3 0.7269 0.2178 0.0100 0.0138
3 0.4566 0.3381 0.0163 0.0075
3 0.4431 0.3362 0.0112 0.0100
3 0.4672 0.3541 0.0125 0.0112
3 0.5091 0.4141 0.0212 0.0125
3 0.9744 0.4356 0.0175 0.0150
3 0.8925 0.5841 0.0100 0.0150
3 0.9316 0.6681 0.0100 0.0175
3 0.9428 0.6847 0.0138 0.0163
3 0.9500 0.6656 0.0125 0.0125
3 0.2350 0.0059 0.0138 0.0087
3 0.7575 0.0781 0.0150 0.0125
3 0.5497 0.0362 0.0087 0.0163
3 0.8731 0.1659 0.0087 0.0163
3 0.8819 0.1681 0.0075 0.0175
3 0.9659 0.4081 0.0163 0.0100
3 0.7081 0.1722 0.0100 0.0225
3 0.3616 0.2156 0.0075 0.0187
3 0.5881 0.1481 0.0138 0.0150
3 0.4662 0.3456 0.0138 0.0100
3 0.2069 0.7544 0.0075 0.0150
3 0.9869 0.6525 0.0112 0.0112
3 0.8662 0.4872 0.0075 0.0150
