3 0.2956 0.8291 0.0350 0.0112
3 0.3400 0.2553 0.0175 0.0075
3 0.3609 0.2525 0.0187 0.0050
3 0.1575 0.8306 0.0150 0.0050
3 0.1797 0.8313 0.0125 0.0063
3 0.3722 0.8281 0.0225 0.0063
3 0.4100 0.8281 0.0138 0.0063
3 0.4375 0.9150 0.0063 0.0112
3 0.4513 0.9466 0.0087 0.0087
3 0.4138 0.8881 0.0087 0.0138
3 0.4178 0.8994 0.0075 0.0112
3 0.5928 0.8506 0.0138 0.0075
3 0.7091 0.8500 0.0087 0.0063
3 0.7369 0.8241 0.0112 0.0075
3 0.8625 0.8241 0.0125 0.0075
3 0.8828 0.8225 0.0125 0.0075
3 0.9525 0.8387 0.0112 0.0087
3 0.9616 0.3450 0.0075 0.0212
3 0.9350 0.3519 0.0075 0.0225
3 0.9297 0.3550 0.0063 0.0225
