3 0.1144 0.7322 0.0600 0.0175
3 0.0425 0.7603 0.0225 0.0112
3 0.0669 0.7619 0.0212 0.0112
3 0.0884 0.7638 0.0175 0.0087
3 0.5344 0.6963 0.0125 0.0238
3 0.5463 0.6700 0.0238 0.0212
3 0.5628 0.6494 0.0225 0.0175
3 0.9363 0.8512 0.0163 0.0212
3 0.9509 0.8088 0.0112 0.0238
3 0.6759 0.7181 0.0238 0.0112
3 0.6619 0.7388 0.0175 0.0087
3 0.6856 0.7359 0.0150 0.0125
3 0.7081 0.7341 0.0163 0.0150
3 0.7428 0.7288 0.0200 0.0138
3 0.7619 0.7241 0.0175 0.0138
3 0.7841 0.7206 0.0212 0.0163
3 0.8028 0.7206 0.0212 0.0163
3 0.8228 0.7150 0.0175 0.0175
3 0.6838 0.6350 0.0238 0.0138
3 0.7272 0.5978 0.0200 0.0175
3 0.7534 0.5956 0.0225 0.0163
3 0.7653 0.6275 0.0212 0.0112
3 0.7794 0.5928 0.0212 0.0138
3 0.8012 0.5916 0.0212 0.0112
3 0.8303 0.5931 0.0200 0.0112
3 0.8928 0.5891 0.0200 0.0125
3 0.9153 0.5891 0.0212 0.0125
3 0.9478 0.5903 0.0238 0.0150
3 0.9781 0.5925 0.0187 0.0100
3 0.8994 0.6856 0.0238 0.0150
3 0.9131 0.6994 0.0200 0.0112
3 0.9381 0.6984 0.0200 0.0125
3 0.9856 0.6900 0.0212 0.0112
3 0.2478 0.9475 0.0175 0.0138
3 0.2434 0.9306 0.0212 0.0112
3 0.3044 0.9419 0.0212 0.0150
3 0.2978 0.8919 0.0300 0.0150
3 0.4219 0.7494 0.0187 0.0112
3 0.8472 0.6281 0.0225 0.0125
3 0.9169 0.6162 0.0150 0.0138
3 0.9909 0.6053 0.0163 0.0138
