3 0.2997 0.2859 0.0150 0.0063
3 0.3488 0.2969 0.0163 0.0063
3 0.4522 0.3187 0.0075 0.0125
3 0.2809 0.9750 0.0150 0.0063
3 0.3584 0.9694 0.0138 0.0075
3 0.3806 0.9688 0.0175 0.0063
3 0.5056 0.9531 0.0175 0.0063
3 0.5428 0.9056 0.0075 0.0175
3 0.5684 0.9431 0.0150 0.0050
3 0.5766 0.0059 0.0063 0.0087
3 0.7303 0.9313 0.0138 0.0063
3 0.7512 0.9278 0.0150 0.0087
3 0.8069 0.5831 0.0075 0.0163
3 0.8734 0.5787 0.0063 0.0138
3 0.8634 0.2687 0.0112 0.0063
3 0.7216 0.2775 0.0150 0.0050
3 0.9719 0.5875 0.0125 0.0125
3 0.9550 0.8406 0.0100 0.0125
3 0.0838 0.9834 0.0175 0.0075
3 0.8078 0.3125 0.0125 0.0125
