3 0.1350 0.7272 0.0075 0.0200
3 0.1466 0.7291 0.0087 0.0175
3 0.1825 0.7306 0.0087 0.0175
3 0.1950 0.7306 0.0087 0.0175
3 0.2206 0.7344 0.0100 0.0250
3 0.0944 0.7834 0.0075 0.0138
3 0.1319 0.7863 0.0075 0.0163
3 0.3028 0.6828 0.0087 0.0250
3 0.4116 0.8053 0.0075 0.0200
3 0.4481 0.8037 0.0087 0.0200
3 0.3578 0.4950 0.0125 0.0400
3 0.3794 0.5869 0.0338 0.0112
3 0.5603 0.4400 0.0238 0.0112
3 0.5716 0.5022 0.0212 0.0075
3 0.6062 0.5925 0.0187 0.0100
3 0.7784 0.3463 0.0225 0.0112
3 0.8331 0.8072 0.0100 0.0238
3 0.8591 0.8025 0.0087 0.0238
3 0.8713 0.8025 0.0112 0.0238
3 0.8316 0.8872 0.0100 0.0212
3 0.8637 0.8956 0.0087 0.0225
3 0.8184 0.8863 0.0087 0.0225
3 0.8019 0.8894 0.0100 0.0225
3 0.9444 0.7316 0.0138 0.0225
3 0.9719 0.7284 0.0125 0.0225
3 0.9491 0.5991 0.0200 0.0075
3 0.9550 0.6162 0.0163 0.0075
3 0.8075 0.4688 0.0087 0.0187
3 0.8081 0.5375 0.0100 0.0187
3 0.8431 0.3044 0.0175 0.0150
3 0.8387 0.3953 0.0150 0.0187
3 0.8381 0.4106 0.0200 0.0212
3 0.6006 0.5331 0.0200 0.0100
3 0.8022 0.6559 0.0075 0.0150
