3 0.3519 0.1012 0.0163 0.0087
3 0.4175 0.1231 0.0163 0.0087
3 0.4741 0.1613 0.0138 0.0163
3 0.4719 0.1731 0.0125 0.0150
3 0.4741 0.1897 0.0138 0.0138
3 0.4609 0.1762 0.0125 0.0150
3 0.4600 0.1903 0.0138 0.0150
3 0.4609 0.2041 0.0187 0.0175
3 0.5062 0.1250 0.0187 0.0187
3 0.5069 0.1381 0.0200 0.0138
3 0.5059 0.1531 0.0212 0.0187
3 0.5066 0.1653 0.0225 0.0150
3 0.5075 0.1791 0.0212 0.0175
3 0.5072 0.1922 0.0175 0.0125
3 0.5075 0.2047 0.0150 0.0125
3 0.5056 0.2162 0.0175 0.0138
3 0.5081 0.2550 0.0163 0.0163
3 0.5094 0.2838 0.0125 0.0112
3 0.5097 0.2963 0.0163 0.0112
3 0.5100 0.3106 0.0138 0.0150
3 0.4753 0.3234 0.0163 0.0187
3 0.4753 0.3381 0.0163 0.0138
3 0.5772 0.0319 0.0075 0.0200
3 0.5678 0.0300 0.0075 0.0163
3 0.5316 0.0544 0.0163 0.0087
3 0.5306 0.0444 0.0175 0.0075
3 0.7506 0.2000 0.0075 0.0187
3 0.8225 0.3387 0.0075 0.0150
3 0.8575 0.3344 0.0087 0.0187
3 0.8700 0.3369 0.0087 0.0175
3 0.9116 0.3837 0.0075 0.0175
3 0.8506 0.0938 0.0138 0.0187
3 0.8866 0.1444 0.0138 0.0200
3 0.9200 0.1569 0.0150 0.0200
3 0.9328 0.1363 0.0125 0.0163
3 0.9488 0.1581 0.0163 0.0225
3 0.8666 0.0794 0.0175 0.0212
3 0.8581 0.0494 0.0163 0.0175
3 0.8516 0.0603 0.0125 0.0175
3 0.8844 0.0697 0.0125 0.0175
3 0.6131 0.5534 0.0075 0.0163
3 0.2188 0.1634 0.0187 0.0112
3 0.2188 0.1856 0.0187 0.0150
3 0.2234 0.2144 0.0187 0.0100
