3 0.2497 0.5328 0.0150 0.0063
3 0.3241 0.5569 0.0138 0.0075
3 0.5956 0.6616 0.0100 0.0075
3 0.9406 0.7197 0.0125 0.0050
3 0.8119 0.6487 0.0050 0.0100
3 0.8119 0.6716 0.0050 0.0150
3 0.8175 0.6744 0.0037 0.0175
3 0.8281 0.6672 0.0125 0.0125
3 0.8088 0.6031 0.0050 0.0125
3 0.8431 0.6003 0.0050 0.0163
3 0.8400 0.6259 0.0050 0.0112
3 0.8553 0.6131 0.0075 0.0138
3 0.8625 0.6156 0.0063 0.0125
3 0.8675 0.6062 0.0037 0.0125
3 0.8456 0.6706 0.0100 0.0100
3 0.8766 0.5906 0.0063 0.0125
3 0.8812 0.5787 0.0125 0.0075
