3 0.7250 0.0638 0.0125 0.0150
3 0.7463 0.0906 0.0112 0.0125
3 0.8016 0.1416 0.0125 0.0112
3 0.8156 0.1516 0.0125 0.0125
3 0.8387 0.1641 0.0150 0.0125
3 0.8728 0.1837 0.0112 0.0112
3 0.7153 0.1069 0.0150 0.0075
3 0.7178 0.1178 0.0138 0.0075
3 0.7441 0.4053 0.0163 0.0075
3 0.7638 0.4084 0.0150 0.0075
3 0.8169 0.4156 0.0150 0.0063
3 0.8369 0.4178 0.0175 0.0075
3 0.8756 0.4209 0.0138 0.0075
3 0.8938 0.4241 0.0125 0.0075
3 0.8025 0.4872 0.0112 0.0150
3 0.7084 0.5419 0.0075 0.0150
3 0.9150 0.5025 0.0112 0.0112
3 0.9269 0.5047 0.0100 0.0125
3 0.9372 0.5325 0.0150 0.0087
3 0.7288 0.5019 0.0138 0.0100
3 0.9547 0.6256 0.0063 0.0138
3 0.9500 0.6572 0.0063 0.0112
3 0.9625 0.5703 0.0063 0.0125
3 0.7472 0.6381 0.0163 0.0075
3 0.7969 0.6453 0.0125 0.0063
3 0.8156 0.6484 0.0125 0.0063
3 0.6919 0.7063 0.0150 0.0125
3 0.7031 0.7056 0.0125 0.0112
3 0.7144 0.7087 0.0100 0.0112
3 0.7297 0.7103 0.0125 0.0112
3 0.7619 0.7134 0.0112 0.0112
3 0.9084 0.7609 0.0075 0.0125
3 0.7831 0.7147 0.0100 0.0138
