3 0.6278 0.6244 0.0087 0.0175
3 0.6009 0.5959 0.0175 0.0075
3 0.6956 0.6062 0.0100 0.0187
3 0.7066 0.6069 0.0100 0.0200
3 0.6103 0.5563 0.0112 0.0187
3 0.6200 0.5513 0.0150 0.0212
3 0.7078 0.5422 0.0063 0.0187
3 0.7175 0.5469 0.0100 0.0187
3 0.6863 0.5588 0.0163 0.0112
3 0.7056 0.5591 0.0112 0.0087
3 0.6866 0.4088 0.0075 0.0175
3 0.6781 0.4069 0.0063 0.0138
3 0.7562 0.3959 0.0125 0.0138
3 0.7737 0.4056 0.0163 0.0112
3 0.8722 0.5325 0.0163 0.0087
3 0.6819 0.2691 0.0138 0.0163
3 0.7494 0.3672 0.0175 0.0187
3 0.7691 0.3669 0.0163 0.0150
3 0.8781 0.2375 0.0125 0.0125
3 0.8906 0.2481 0.0125 0.0150
3 0.8981 0.2669 0.0150 0.0150
3 0.9062 0.2606 0.0125 0.0150
3 0.9591 0.2975 0.0150 0.0138
3 0.9909 0.2097 0.0163 0.0163
3 0.9919 0.1519 0.0150 0.0163
3 0.9581 0.2078 0.0163 0.0125
3 0.9528 0.2138 0.0150 0.0087
3 0.8866 0.2244 0.0138 0.0112
3 0.9144 0.2381 0.0100 0.0138
3 0.9178 0.2981 0.0138 0.0150
3 0.7522 0.5581 0.0138 0.0100
3 0.7806 0.5525 0.0175 0.0112
3 0.6559 0.4997 0.0087 0.0212
3 0.6947 0.3594 0.0112 0.0125
