3 0.4719 0.0153 0.0125 0.0150
3 0.5350 0.0238 0.0138 0.0100
3 0.4859 0.0500 0.0125 0.0125
3 0.4728 0.0456 0.0112 0.0100
3 0.4431 0.0728 0.0112 0.0112
3 0.4025 0.0531 0.0112 0.0125
3 0.4106 0.1044 0.0150 0.0150
3 0.2394 0.2013 0.0163 0.0150
3 0.2619 0.1941 0.0175 0.0163
3 0.3169 0.1934 0.0150 0.0150
3 0.3728 0.1572 0.0175 0.0175
3 0.2450 0.2606 0.0150 0.0150
3 0.2231 0.2966 0.0150 0.0150
3 0.2731 0.2362 0.0150 0.0100
3 0.1913 0.3106 0.0138 0.0150
3 0.1394 0.3600 0.0163 0.0138
3 0.0988 0.3969 0.0100 0.0125
3 0.3387 0.4219 0.0150 0.0125
3 0.7081 0.4391 0.0163 0.0125
3 0.6822 0.3719 0.0112 0.0125
3 0.4641 0.2997 0.0187 0.0087
3 0.6094 0.6247 0.0125 0.0150
3 0.3666 0.4628 0.0175 0.0163
3 0.2756 0.5116 0.0138 0.0138
3 0.1775 0.5506 0.0175 0.0138
3 0.2803 0.6947 0.0138 0.0112
3 0.0281 0.8481 0.0187 0.0150
3 0.5766 0.6344 0.0125 0.0125
3 0.5572 0.8209 0.0112 0.0138
3 0.5766 0.8831 0.0125 0.0163
3 0.5509 0.8500 0.0112 0.0125
3 0.3263 0.7588 0.0150 0.0112
3 0.6559 0.9425 0.0150 0.0163
3 0.6378 0.9272 0.0163 0.0138
3 0.7516 0.9662 0.0187 0.0138
3 0.7794 0.8184 0.0150 0.0087
3 0.8153 0.8262 0.0150 0.0150
3 0.8747 0.8859 0.0150 0.0125
3 0.6200 0.4203 0.0150 0.0125
3 0.4056 0.4188 0.0175 0.0125
3 0.4953 0.5922 0.0187 0.0125
3 0.5728 0.7272 0.0175 0.0075
3 0.5763 0.7194 0.0212 0.0075
3 0.5759 0.7769 0.0175 0.0100
3 0.8519 0.8847 0.0163 0.0100
3 0.8203 0.4494 0.0125 0.0112
3 0.8113 0.4447 0.0163 0.0112
3 0.0066 0.4850 0.0100 0.0138
3 0.0850 0.1194 0.0138 0.0138
3 0.9459 0.0278 0.0138 0.0150
3 0.3516 0.1594 0.0125 0.0125
3 0.2841 0.9503 0.0150 0.0100
3 0.8412 0.9081 0.0138 0.0100
3 0.4228 0.3353 0.0112 0.0112
