3 0.9469 0.1306 0.0063 0.0112
3 0.9303 0.1728 0.0075 0.0112
3 0.9528 0.1419 0.0087 0.0087
3 0.9644 0.1578 0.0037 0.0063
3 0.9359 0.1959 0.0125 0.0075
3 0.9394 0.2056 0.0100 0.0050
3 0.9463 0.2209 0.0112 0.0075
3 0.9463 0.2250 0.0112 0.0063
3 0.9494 0.2319 0.0112 0.0075
3 0.9516 0.2375 0.0125 0.0063
3 0.9528 0.2437 0.0087 0.0063
3 0.9556 0.2459 0.0112 0.0075
3 0.9559 0.2506 0.0087 0.0075
3 0.9597 0.2513 0.0100 0.0087
3 0.8772 0.0344 0.0075 0.0125
3 0.8938 0.0469 0.0063 0.0125
3 0.8812 0.0462 0.0063 0.0112
3 0.6978 0.2403 0.0112 0.0087
3 0.5997 0.3250 0.0087 0.0063
3 0.6369 0.2838 0.0050 0.0050
3 0.6572 0.3384 0.0050 0.0050
3 0.5984 0.2213 0.0063 0.0050
3 0.6522 0.1844 0.0075 0.0063
3 0.6325 0.2006 0.0087 0.0075
3 0.6219 0.2297 0.0063 0.0063
3 0.6725 0.2000 0.0075 0.0063
3 0.6956 0.1881 0.0100 0.0075
3 0.6431 0.1931 0.0050 0.0050
3 0.6753 0.1756 0.0100 0.0075
3 0.6631 0.1844 0.0075 0.0063
3 0.6559 0.1906 0.0087 0.0063
3 0.5797 0.2444 0.0063 0.0075
3 0.6041 0.2322 0.0050 0.0050
3 0.6166 0.2237 0.0050 0.0037
3 0.6103 0.2291 0.0050 0.0050
3 0.5641 0.2900 0.0125 0.0112
3 0.5653 0.2872 0.0087 0.0087
3 0.5703 0.2853 0.0125 0.0112
3 0.5800 0.2762 0.0100 0.0087
3 0.5778 0.3200 0.0087 0.0087
3 0.5647 0.3278 0.0075 0.0087
3 0.5600 0.3325 0.0075 0.0087
3 0.5581 0.3503 0.0037 0.0037
3 0.4950 0.3241 0.0087 0.0075
3 0.4928 0.3500 0.0075 0.0063
3 0.3981 0.3944 0.0087 0.0075
3 0.5125 0.3266 0.0063 0.0063
3 0.5069 0.3147 0.0075 0.0075
3 0.4766 0.3125 0.0063 0.0063
3 0.4744 0.3150 0.0050 0.0050
3 0.4647 0.3306 0.0075 0.0050
3 0.5059 0.3287 0.0087 0.0075
3 0.4584 0.3469 0.0075 0.0063
3 0.4781 0.3400 0.0063 0.0050
3 0.4750 0.3438 0.0063 0.0063
3 0.4713 0.3447 0.0050 0.0050
3 0.3706 0.3981 0.0100 0.0087
3 0.3438 0.4194 0.0063 0.0075
3 0.3500 0.4153 0.0063 0.0087
3 0.3803 0.3912 0.0075 0.0075
3 0.3100 0.4491 0.0075 0.0075
3 0.3212 0.4422 0.0050 0.0063
3 0.3506 0.4344 0.0075 0.0063
3 0.3644 0.4056 0.0037 0.0050
3 0.3756 0.3950 0.0075 0.0087
3 0.3266 0.4525 0.0063 0.0050
3 0.3372 0.4437 0.0087 0.0063
3 0.3412 0.4469 0.0075 0.0063
3 0.3744 0.4047 0.0050 0.0063
3 0.4741 0.3647 0.0075 0.0075
3 0.4822 0.5203 0.0050 0.0063
3 0.5509 0.4831 0.0112 0.0100
3 0.5125 0.5000 0.0063 0.0063
3 0.4906 0.5147 0.0063 0.0075
3 0.4881 0.5172 0.0075 0.0063
3 0.4984 0.5209 0.0063 0.0075
3 0.4938 0.5234 0.0063 0.0063
3 0.4881 0.5281 0.0075 0.0063
3 0.4756 0.5262 0.0075 0.0087
3 0.4719 0.5306 0.0063 0.0050
3 0.3822 0.6184 0.0112 0.0087
3 0.2469 0.7978 0.0063 0.0050
3 0.2656 0.8181 0.0063 0.0050
3 0.2697 0.8247 0.0112 0.0087
3 0.3962 0.7791 0.0050 0.0050
3 0.3578 0.8500 0.0125 0.0063
3 0.3406 0.8637 0.0125 0.0087
3 0.4894 0.6075 0.0100 0.0087
3 0.4925 0.6169 0.0037 0.0087
3 0.5037 0.6256 0.0075 0.0075
3 0.4944 0.6319 0.0075 0.0075
3 0.4994 0.6359 0.0050 0.0063
3 0.5012 0.6375 0.0087 0.0063
3 0.1263 0.8097 0.0087 0.0100
3 0.1219 0.6681 0.0125 0.0050
3 0.1309 0.6756 0.0150 0.0075
3 0.1778 0.5850 0.0087 0.0075
3 0.1462 0.6138 0.0112 0.0087
3 0.2066 0.5706 0.0100 0.0100
3 0.2875 0.5750 0.0063 0.0063
3 0.2119 0.5391 0.0050 0.0063
3 0.2178 0.5356 0.0075 0.0087
3 0.2219 0.5312 0.0063 0.0063
3 0.2416 0.5172 0.0050 0.0063
3 0.2772 0.5019 0.0075 0.0100
3 0.2466 0.5413 0.0087 0.0075
3 0.2266 0.5500 0.0063 0.0063
3 0.2178 0.5828 0.0075 0.0063
3 0.1578 0.6572 0.0063 0.0050
3 0.2306 0.5437 0.0050 0.0063
3 0.1131 0.4094 0.0075 0.0063
