3 0.1722 0.8600 0.0163 0.0138
3 0.1837 0.8672 0.0112 0.0125
3 0.2850 0.8384 0.0138 0.0112
3 0.5734 0.7934 0.0125 0.0150
3 0.4909 0.6978 0.0100 0.0175
3 0.4972 0.7116 0.0100 0.0138
3 0.6197 0.8644 0.0175 0.0163
3 0.8297 0.9613 0.0063 0.0163
3 0.6706 0.6356 0.0100 0.0150
3 0.0078 0.8156 0.0125 0.0125
3 0.0728 0.9756 0.0112 0.0138
3 0.0775 0.9875 0.0112 0.0125
3 0.1334 0.9472 0.0138 0.0163
3 0.1309 0.9137 0.0150 0.0150
3 0.2306 0.8666 0.0112 0.0112
3 0.3106 0.8066 0.0150 0.0100
3 0.4263 0.9738 0.0087 0.0100
3 0.9781 0.8975 0.0125 0.0138
