3 0.3684 0.1562 0.0150 0.0125
3 0.3844 0.1509 0.0125 0.0112
3 0.4109 0.1344 0.0125 0.0125
3 0.4525 0.1087 0.0112 0.0112
3 0.4906 0.0828 0.0125 0.0125
3 0.5037 0.0766 0.0138 0.0125
3 0.5169 0.0666 0.0150 0.0112
3 0.5481 0.0472 0.0150 0.0100
3 0.5444 0.0831 0.0138 0.0100
3 0.1759 0.6350 0.0175 0.0138
3 0.2362 0.5634 0.0100 0.0112
3 0.0572 0.6656 0.0175 0.0125
3 0.3678 0.5237 0.0138 0.0100
3 0.4391 0.4713 0.0125 0.0112
3 0.5112 0.4291 0.0163 0.0112
3 0.6106 0.3809 0.0150 0.0087
3 0.6653 0.3825 0.0150 0.0087
3 0.8422 0.0166 0.0063 0.0112
3 0.7881 0.1375 0.0075 0.0125
3 0.8781 0.0450 0.0125 0.0087
3 0.8734 0.1241 0.0125 0.0075
3 0.7731 0.2203 0.0087 0.0125
3 0.8034 0.2316 0.0100 0.0163
3 0.7669 0.2550 0.0087 0.0163
3 0.8200 0.3225 0.0087 0.0138
3 0.8137 0.3538 0.0087 0.0138
3 0.8334 0.2834 0.0138 0.0075
3 0.7631 0.4575 0.0075 0.0150
3 0.7022 0.4631 0.0138 0.0075
3 0.7903 0.5281 0.0150 0.0063
3 0.7553 0.7584 0.0138 0.0075
3 0.7475 0.7769 0.0138 0.0100
3 0.7075 0.8591 0.0087 0.0150
3 0.7066 0.7913 0.0100 0.0138
3 0.6356 0.8625 0.0150 0.0125
3 0.6525 0.9169 0.0112 0.0150
3 0.6991 0.8334 0.0075 0.0138
3 0.6497 0.9425 0.0087 0.0163
3 0.6453 0.8234 0.0125 0.0063
3 0.8725 0.4116 0.0138 0.0075
3 0.8912 0.4147 0.0138 0.0075
3 0.9719 0.4844 0.0063 0.0125
3 0.9900 0.4116 0.0175 0.0138
3 0.9594 0.4016 0.0125 0.0125
3 0.8187 0.0297 0.0063 0.0125
3 0.6644 0.8559 0.0100 0.0150
3 0.6875 0.8981 0.0063 0.0150
3 0.1413 0.7013 0.0138 0.0150
3 0.1431 0.7463 0.0175 0.0112
3 0.1500 0.7581 0.0063 0.0163
3 0.1666 0.7519 0.0112 0.0163
3 0.1744 0.7662 0.0112 0.0138
3 0.1894 0.7925 0.0100 0.0163
3 0.2225 0.9031 0.0138 0.0125
3 0.3047 0.9519 0.0125 0.0100
3 0.2456 0.9544 0.0100 0.0150
3 0.2506 0.9725 0.0138 0.0075
3 0.2594 0.9797 0.0125 0.0063
3 0.2544 0.9894 0.0150 0.0100
3 0.5425 0.1219 0.0100 0.0125
3 0.3494 0.1837 0.0112 0.0112
3 0.2503 0.6181 0.0100 0.0112
3 0.1791 0.8225 0.0175 0.0138
3 0.2109 0.8347 0.0125 0.0163
3 0.1566 0.7925 0.0225 0.0163
3 0.6491 0.7700 0.0200 0.0087
3 0.7200 0.2275 0.0212 0.0112
