3 0.9681 0.2656 0.0175 0.0063
3 0.3319 0.4731 0.0075 0.0150
3 0.2219 0.4366 0.0125 0.0138
3 0.2062 0.4650 0.0187 0.0112
3 0.1347 0.4369 0.0163 0.0112
3 0.1625 0.4503 0.0187 0.0100
3 0.1831 0.4637 0.0163 0.0150
3 0.2072 0.4900 0.0175 0.0112
3 0.1975 0.4744 0.0138 0.0112
3 0.2594 0.4616 0.0125 0.0138
3 0.3925 0.5400 0.0163 0.0112
3 0.3744 0.5463 0.0175 0.0112
3 0.3337 0.5563 0.0112 0.0125
3 0.2806 0.5431 0.0112 0.0112
3 0.5456 0.6119 0.0100 0.0175
3 0.4694 0.6125 0.0075 0.0125
3 0.7178 0.6025 0.0138 0.0112
3 0.7353 0.6103 0.0175 0.0112
3 0.7631 0.6531 0.0075 0.0125
3 0.6681 0.8088 0.0175 0.0112
3 0.6937 0.8328 0.0187 0.0063
3 0.8709 0.8053 0.0075 0.0138
3 0.9437 0.8241 0.0187 0.0075
3 0.8666 0.8387 0.0175 0.0087
3 0.3869 0.5772 0.0112 0.0138
3 0.4591 0.6294 0.0087 0.0150
3 0.6422 0.6169 0.0063 0.0150
3 0.7003 0.6216 0.0100 0.0150
3 0.7856 0.8341 0.0150 0.0087
3 0.8625 0.8084 0.0063 0.0138
