2 0.3066 0.0169 0.0100 0.0087
2 0.4059 0.0241 0.0087 0.0075
2 0.1622 0.7922 0.0087 0.0250
2 0.1100 0.7412 0.0138 0.0138
2 0.0912 0.7244 0.0138 0.0112
2 0.0788 0.7134 0.0138 0.0112
2 0.0738 0.7072 0.0100 0.0112
2 0.0644 0.7031 0.0163 0.0187
2 0.0522 0.6912 0.0138 0.0138
2 0.0594 0.9100 0.0125 0.0138
2 0.0312 0.8834 0.0125 0.0138
2 0.0266 0.8787 0.0125 0.0138
2 0.0219 0.8741 0.0125 0.0138
2 0.0172 0.8709 0.0125 0.0138
2 0.0078 0.8600 0.0125 0.0138
2 0.0072 0.8569 0.0112 0.0138
2 0.0400 0.8916 0.0112 0.0112
2 0.0437 0.8950 0.0125 0.0150
2 0.0534 0.9044 0.0100 0.0150
2 0.0153 0.9488 0.0150 0.0163
2 0.0078 0.9391 0.0125 0.0187
2 0.0312 0.9350 0.0125 0.0138
2 0.0163 0.9209 0.0138 0.0138
2 0.0078 0.9122 0.0125 0.0150
2 0.0706 0.8931 0.0100 0.0112
2 0.0644 0.8900 0.0100 0.0112
2 0.0606 0.8847 0.0087 0.0100
2 0.0569 0.8806 0.0138 0.0112
2 0.0519 0.8772 0.0100 0.0138
2 0.0456 0.8719 0.0100 0.0125
2 0.0437 0.8694 0.0125 0.0138
2 0.0391 0.8662 0.0125 0.0138
2 0.0284 0.8569 0.0100 0.0138
2 0.0975 0.8766 0.0138 0.0125
2 0.0916 0.8728 0.0112 0.0112
2 0.0894 0.8697 0.0100 0.0112
2 0.0828 0.8637 0.0125 0.0150
2 0.0800 0.8597 0.0100 0.0100
2 0.0706 0.8534 0.0100 0.0100
2 0.0619 0.8463 0.0112 0.0112
2 0.0578 0.8409 0.0125 0.0100
2 0.0512 0.8363 0.0087 0.0100
2 0.0462 0.8331 0.0112 0.0100
2 0.0447 0.8300 0.0112 0.0100
2 0.0387 0.8238 0.0087 0.0100
2 0.0347 0.8213 0.0100 0.0112
2 0.1075 0.8637 0.0087 0.0087
2 0.1044 0.8628 0.0087 0.0100
2 0.0878 0.8463 0.0100 0.0112
2 0.0756 0.8347 0.0075 0.0100
2 0.0684 0.8275 0.0087 0.0112
2 0.0631 0.8247 0.0075 0.0087
2 0.0569 0.8209 0.0075 0.0075
2 0.0512 0.8137 0.0087 0.0087
2 0.1266 0.8463 0.0125 0.0112
2 0.1228 0.8444 0.0112 0.0075
2 0.1175 0.8403 0.0100 0.0087
2 0.1150 0.8366 0.0112 0.0075
2 0.1000 0.8234 0.0125 0.0125
2 0.0950 0.8175 0.0087 0.0100
2 0.0906 0.8144 0.0125 0.0100
2 0.0863 0.8113 0.0100 0.0100
2 0.0816 0.8075 0.0100 0.0087
2 0.0753 0.8012 0.0100 0.0087
2 0.0666 0.7931 0.0112 0.0112
2 0.1394 0.8372 0.0100 0.0087
2 0.1347 0.8322 0.0100 0.0112
2 0.1300 0.8291 0.0100 0.0112
2 0.1256 0.8269 0.0075 0.0100
2 0.1216 0.8216 0.0087 0.0087
2 0.1187 0.8178 0.0125 0.0075
2 0.1153 0.8144 0.0087 0.0100
2 0.1113 0.8106 0.0100 0.0087
2 0.1075 0.8075 0.0087 0.0087
2 0.1006 0.8028 0.0075 0.0087
2 0.0981 0.7997 0.0087 0.0087
2 0.0934 0.7966 0.0087 0.0087
2 0.0903 0.7906 0.0087 0.0125
2 0.0847 0.7894 0.0100 0.0100
2 0.0825 0.7844 0.0087 0.0125
2 0.0500 0.7703 0.0187 0.0187
2 0.0503 0.7575 0.0100 0.0087
2 0.0425 0.7512 0.0100 0.0087
2 0.0209 0.7866 0.0075 0.0075
2 0.0153 0.7825 0.0087 0.0087
2 0.0053 0.7950 0.0075 0.0087
2 0.0316 0.7631 0.0100 0.0075
2 0.0391 0.7488 0.0125 0.0100
2 0.0259 0.7591 0.0112 0.0087
2 0.0231 0.7550 0.0087 0.0100
2 0.0338 0.7444 0.0112 0.0075
2 0.0306 0.7409 0.0112 0.0100
2 0.0163 0.7494 0.0138 0.0112
2 0.0269 0.7378 0.0100 0.0100
2 0.0181 0.7306 0.0112 0.0112
2 0.0150 0.7266 0.0112 0.0125
2 0.0103 0.7438 0.0112 0.0125
2 0.0087 0.7744 0.0112 0.0112
