1 0.3898 0.6043 0.0609 0.0430
1 0.2723 0.6457 0.0477 0.0383
1 0.0613 0.7336 0.0570 0.0391
1 0.2730 0.9746 0.0398 0.0367
1 0.6152 0.8859 0.0523 0.0344
1 0.6363 0.9309 0.0570 0.0336
1 0.7969 0.8887 0.0437 0.0367
1 0.8160 0.9375 0.0508 0.0344
1 0.4285 0.3418 0.0477 0.0430
1 0.5680 0.4984 0.0328 0.0469
1 0.1508 0.6988 0.0516 0.0383
1 0.4301 0.3410 0.0508 0.0414
1 0.5648 0.4996 0.0391 0.0461
1 0.3879 0.6008 0.0477 0.0391
1 0.2754 0.6449 0.0477 0.0398
1 0.1484 0.6977 0.0437 0.0391
1 0.0574 0.7352 0.0523 0.0391
1 0.6344 0.9344 0.0469 0.0375
1 0.6164 0.8879 0.0484 0.0383
1 0.7980 0.8891 0.0430 0.0375
1 0.8156 0.9375 0.0437 0.0375
1 0.2715 0.9770 0.0367 0.0445
