3 0.9594 0.5922 0.0063 0.0125
3 0.9891 0.5656 0.0125 0.0063
3 0.7166 0.4688 0.0112 0.0063
3 0.6578 0.4844 0.0125 0.0125
3 0.6813 0.2334 0.0063 0.0138
3 0.6887 0.2334 0.0087 0.0138
3 0.7350 0.9644 0.0138 0.0100
3 0.6687 0.9609 0.0125 0.0063
3 0.3394 0.6469 0.0100 0.0125
3 0.8653 0.2538 0.0150 0.0075
3 0.8816 0.2547 0.0163 0.0063
3 0.5225 0.2475 0.0075 0.0138
3 0.3509 0.9606 0.0112 0.0087
3 0.2766 0.9925 0.0125 0.0100
3 0.9000 0.9731 0.0063 0.0150
3 0.9662 0.8669 0.0075 0.0150
3 0.6431 0.2406 0.0050 0.0125
3 0.5194 0.2316 0.0075 0.0163
