3 0.3325 0.0344 0.0087 0.0187
3 0.3319 0.0544 0.0075 0.0150
3 0.3256 0.0866 0.0075 0.0200
3 0.1503 0.6756 0.0100 0.0200
3 0.1631 0.6500 0.0075 0.0187
3 0.1819 0.6619 0.0075 0.0175
3 0.1766 0.6787 0.0063 0.0138
3 0.1772 0.7003 0.0075 0.0163
3 0.2169 0.7884 0.0150 0.0175
3 0.2331 0.6562 0.0100 0.0187
3 0.2394 0.6937 0.0100 0.0187
3 0.3566 0.6412 0.0225 0.0138
3 0.1791 0.7378 0.0112 0.0163
3 0.1997 0.7431 0.0150 0.0175
3 0.2566 0.9125 0.0100 0.0187
3 0.2581 0.9350 0.0100 0.0138
3 0.2775 0.9875 0.0112 0.0187
3 0.0322 0.6169 0.0112 0.0150
3 0.0059 0.9606 0.0087 0.0150
3 0.0172 0.9478 0.0125 0.0175
3 0.0322 0.9322 0.0175 0.0175
3 0.0462 0.9200 0.0112 0.0150
3 0.3206 0.1072 0.0100 0.0175
3 0.3194 0.1309 0.0075 0.0212
3 0.4037 0.1487 0.0075 0.0163
3 0.2138 0.1731 0.0087 0.0150
3 0.0034 0.3956 0.0037 0.0100
3 0.3588 0.3434 0.0112 0.0150
3 0.3753 0.6491 0.0100 0.0138
3 0.2144 0.7603 0.0100 0.0175
3 0.1900 0.7553 0.0112 0.0138
3 0.2294 0.8041 0.0150 0.0175
3 0.2659 0.9534 0.0100 0.0163
3 0.2544 0.7481 0.0087 0.0150
3 0.2503 0.7288 0.0100 0.0138
3 0.2581 0.7650 0.0100 0.0175
3 0.3975 0.5156 0.0200 0.0125
