3 0.7053 0.5841 0.0075 0.0150
3 0.7053 0.6044 0.0075 0.0150
3 0.7053 0.6219 0.0075 0.0125
3 0.7991 0.5400 0.0138 0.0238
3 0.8131 0.5372 0.0075 0.0087
3 0.8234 0.5366 0.0063 0.0075
3 0.7806 0.5413 0.0175 0.0200
3 0.7600 0.5256 0.0138 0.0075
3 0.7575 0.5119 0.0087 0.0050
3 0.7512 0.5056 0.0087 0.0050
3 0.7544 0.4972 0.0150 0.0037
3 0.7512 0.4884 0.0087 0.0050
3 0.7500 0.4800 0.0125 0.0037
3 0.7484 0.4697 0.0125 0.0050
3 0.7750 0.4509 0.0063 0.0112
3 0.8053 0.4484 0.0075 0.0125
3 0.8269 0.4441 0.0100 0.0100
3 0.8547 0.4941 0.0125 0.0412
3 0.8803 0.5819 0.0138 0.0075
3 0.8781 0.5941 0.0125 0.0100
3 0.8844 0.6188 0.0125 0.0125
3 0.8847 0.6331 0.0163 0.0100
3 0.8844 0.6450 0.0125 0.0087
3 0.8778 0.6581 0.0150 0.0100
3 0.8866 0.6644 0.0138 0.0100
3 0.8866 0.6731 0.0138 0.0087
3 0.8887 0.6838 0.0150 0.0112
3 0.8625 0.7034 0.0063 0.0100
3 0.8547 0.7044 0.0063 0.0087
3 0.8313 0.7066 0.0063 0.0100
3 0.8063 0.7044 0.0063 0.0087
3 0.7722 0.7384 0.0100 0.0175
3 0.7903 0.7375 0.0087 0.0125
3 0.8178 0.7375 0.0075 0.0125
3 0.8350 0.7353 0.0075 0.0112
3 0.8516 0.7331 0.0063 0.0100
3 0.8622 0.7341 0.0087 0.0150
3 0.7987 0.7172 0.0163 0.0063
3 0.4734 0.9072 0.0125 0.0050
3 0.4713 0.9203 0.0175 0.0063
3 0.4316 0.2219 0.0100 0.0125
3 0.6331 0.0500 0.0163 0.0063
3 0.3538 0.1675 0.0138 0.0100
3 0.4584 0.1837 0.0138 0.0112
3 0.3822 0.3769 0.0112 0.0100
3 0.1850 0.4222 0.0138 0.0100
3 0.3409 0.3609 0.0100 0.0063
3 0.0341 0.4972 0.0150 0.0100
3 0.2131 0.7047 0.0075 0.0125
3 0.1316 0.7694 0.0163 0.0075
3 0.1850 0.7544 0.0138 0.0087
3 0.0075 0.7762 0.0087 0.0150
3 0.3712 0.6469 0.0112 0.0125
3 0.4594 0.7259 0.0125 0.0050
3 0.2997 0.7162 0.0150 0.0075
3 0.2791 0.8969 0.0175 0.0063
3 0.2781 0.9141 0.0187 0.0063
3 0.2784 0.9203 0.0163 0.0063
3 0.2069 0.9784 0.0075 0.0100
3 0.0925 0.9750 0.0163 0.0063
3 0.9500 0.7975 0.0063 0.0138
3 0.9700 0.9234 0.0087 0.0125
3 0.9825 0.9275 0.0087 0.0112
3 0.9397 0.6900 0.0075 0.0112
3 0.9194 0.3406 0.0075 0.0125
3 0.3075 0.3600 0.0212 0.0138
3 0.4825 0.6069 0.0150 0.0138
3 0.1394 0.7356 0.0100 0.0150
