3 0.0366 0.0809 0.0138 0.0087
3 0.0981 0.0475 0.0150 0.0138
3 0.1353 0.0209 0.0175 0.0075
3 0.7347 0.0869 0.0163 0.0175
3 0.7694 0.1084 0.0138 0.0138
3 0.8066 0.1156 0.0163 0.0187
3 0.3650 0.8675 0.0112 0.0163
3 0.5206 0.8725 0.0100 0.0138
3 0.5066 0.9031 0.0163 0.0125
3 0.5275 0.8697 0.0112 0.0112
3 0.5556 0.8544 0.0112 0.0150
3 0.5628 0.8484 0.0100 0.0125
3 0.5609 0.8897 0.0125 0.0138
3 0.7906 0.9356 0.0125 0.0150
3 0.8275 0.8072 0.0175 0.0112
3 0.8231 0.8603 0.0150 0.0175
3 0.8303 0.8572 0.0075 0.0175
3 0.8375 0.8534 0.0125 0.0163
3 0.8453 0.8453 0.0125 0.0125
3 0.8591 0.8381 0.0150 0.0138
3 0.8291 0.9584 0.0175 0.0138
3 0.8887 0.2781 0.0087 0.0125
3 0.8731 0.8284 0.0150 0.0225
