3 0.3147 0.5631 0.0200 0.0263
3 0.2556 0.6581 0.0175 0.0225
3 0.3534 0.6606 0.0225 0.0150
3 0.2691 0.8084 0.0163 0.0263
3 0.1750 0.8578 0.0187 0.0125
3 0.3066 0.7537 0.0225 0.0138
3 0.3050 0.7662 0.0287 0.0138
3 0.3013 0.7781 0.0275 0.0187
3 0.2625 0.8706 0.0125 0.0287
3 0.2653 0.9031 0.0150 0.0250
3 0.2697 0.9403 0.0175 0.0275
3 0.2734 0.9725 0.0125 0.0263
3 0.5522 0.6903 0.0138 0.0275
3 0.6153 0.6766 0.0275 0.0187
3 0.5147 0.5944 0.0263 0.0200
3 0.9591 0.5806 0.0275 0.0175
3 0.9887 0.5725 0.0212 0.0138
3 0.6544 0.1778 0.0150 0.0275
3 0.7078 0.5881 0.0187 0.0263
3 0.6969 0.5400 0.0125 0.0238
3 0.5109 0.5634 0.0187 0.0238
3 0.1834 0.6794 0.0200 0.0150
3 0.3075 0.5194 0.0212 0.0200
3 0.8444 0.6831 0.0138 0.0225
3 0.2953 0.8319 0.0250 0.0138
3 0.5516 0.3981 0.0125 0.0150
3 0.6925 0.5147 0.0100 0.0200
3 0.8984 0.1459 0.0125 0.0263
3 0.5644 0.5822 0.0163 0.0238
3 0.0122 0.3622 0.0212 0.0212
3 0.9691 0.9519 0.0163 0.0225
