3 0.2872 0.1381 0.0087 0.0075
3 0.3403 0.1706 0.0087 0.0163
3 0.4153 0.1491 0.0087 0.0138
3 0.2694 0.4150 0.0075 0.0112
3 0.2444 0.4331 0.0138 0.0100
3 0.3531 0.7181 0.0125 0.0112
3 0.0972 0.7472 0.0163 0.0100
3 0.0312 0.7081 0.0125 0.0100
3 0.1566 0.7841 0.0100 0.0087
3 0.1487 0.8291 0.0100 0.0112
3 0.8772 0.0091 0.0325 0.0150
3 0.8894 0.0306 0.0225 0.0112
3 0.8900 0.0456 0.0238 0.0100
3 0.8928 0.0531 0.0200 0.0125
3 0.0659 0.1297 0.0100 0.0063
3 0.0878 0.1259 0.0100 0.0050
3 0.1062 0.1250 0.0125 0.0063
3 0.1319 0.1462 0.0075 0.0112
3 0.1266 0.3050 0.0063 0.0100
3 0.1375 0.2753 0.0063 0.0100
3 0.1450 0.2566 0.0087 0.0100
3 0.1788 0.1728 0.0075 0.0112
3 0.1444 0.2900 0.0075 0.0112
3 0.1734 0.1859 0.0063 0.0125
3 0.2194 0.1031 0.0075 0.0125
3 0.2109 0.1216 0.0063 0.0087
3 0.2028 0.1400 0.0087 0.0112
3 0.1944 0.1641 0.0075 0.0125
3 0.1650 0.2378 0.0050 0.0100
3 0.1625 0.2097 0.0063 0.0100
3 0.1781 0.2044 0.0063 0.0087
3 0.1731 0.2150 0.0087 0.0112
3 0.1584 0.2206 0.0075 0.0100
3 0.1694 0.2278 0.0075 0.0087
3 0.1613 0.2478 0.0100 0.0112
3 0.1553 0.2300 0.0075 0.0100
3 0.1506 0.2400 0.0075 0.0112
3 0.1491 0.2778 0.0075 0.0087
3 0.1472 0.3944 0.0100 0.0075
3 0.1053 0.3594 0.0075 0.0125
3 0.1712 0.4116 0.0112 0.0075
3 0.1919 0.4122 0.0087 0.0087
3 0.2025 0.4178 0.0112 0.0075
3 0.2144 0.4200 0.0100 0.0087
3 0.0594 0.5231 0.0125 0.0087
3 0.0706 0.5278 0.0100 0.0087
3 0.0794 0.5325 0.0087 0.0087
3 0.0900 0.5381 0.0112 0.0075
3 0.1012 0.5444 0.0087 0.0075
3 0.1425 0.5716 0.0100 0.0087
3 0.0094 0.9812 0.0063 0.0125
3 0.0497 0.9603 0.0087 0.0112
3 0.0559 0.9506 0.0087 0.0075
3 0.0550 0.9331 0.0100 0.0100
3 0.0856 0.9181 0.0087 0.0112
3 0.0981 0.9041 0.0087 0.0112
3 0.1059 0.8950 0.0087 0.0087
3 0.1237 0.8769 0.0100 0.0100
3 0.1247 0.7512 0.0087 0.0087
3 0.0769 0.7372 0.0100 0.0087
3 0.0059 0.6825 0.0087 0.0087
3 0.0891 0.7294 0.0125 0.0087
3 0.0144 0.5028 0.0100 0.0087
3 0.0066 0.4975 0.0100 0.0075
3 0.2219 0.5644 0.0063 0.0100
3 0.2256 0.5556 0.0075 0.0112
3 0.2297 0.5212 0.0063 0.0112
3 0.2381 0.4744 0.0075 0.0112
3 0.2328 0.4900 0.0063 0.0112
3 0.2478 0.4847 0.0050 0.0100
3 0.2406 0.5044 0.0063 0.0087
3 0.2288 0.5019 0.0075 0.0100
3 0.2828 0.3712 0.0063 0.0112
3 0.2631 0.3969 0.0075 0.0125
3 0.2687 0.3741 0.0063 0.0138
3 0.2866 0.3603 0.0075 0.0112
3 0.2938 0.3387 0.0063 0.0087
3 0.2906 0.3494 0.0063 0.0112
3 0.2750 0.3588 0.0063 0.0112
3 0.2791 0.3447 0.0050 0.0112
3 0.3063 0.3025 0.0063 0.0112
3 0.3163 0.2703 0.0075 0.0125
3 0.1959 0.9772 0.0075 0.0075
3 0.1819 0.9941 0.0075 0.0100
3 0.2038 0.9706 0.0075 0.0100
3 0.2116 0.9587 0.0075 0.0112
3 0.2184 0.9506 0.0087 0.0075
3 0.2325 0.9566 0.0087 0.0100
3 0.2256 0.9644 0.0075 0.0100
3 0.2513 0.9144 0.0087 0.0100
3 0.2575 0.9050 0.0087 0.0100
3 0.2716 0.8894 0.0087 0.0100
3 0.2475 0.8372 0.0075 0.0087
3 0.2394 0.8450 0.0100 0.0087
3 0.2794 0.8800 0.0087 0.0100
3 0.2803 0.9019 0.0075 0.0100
3 0.2662 0.9213 0.0075 0.0112
3 0.2881 0.8716 0.0075 0.0087
3 0.2944 0.8606 0.0075 0.0087
3 0.3013 0.7950 0.0087 0.0087
3 0.3138 0.8403 0.0087 0.0087
3 0.3225 0.8316 0.0075 0.0100
3 0.3319 0.8200 0.0075 0.0087
3 0.3372 0.8134 0.0087 0.0112
3 0.4591 0.8125 0.0087 0.0063
3 0.4925 0.8387 0.0100 0.0087
3 0.4434 0.7944 0.0087 0.0075
3 0.4809 0.8137 0.0087 0.0087
3 0.6638 0.9325 0.0087 0.0087
3 0.6300 0.9075 0.0100 0.0087
3 0.7081 0.9575 0.0100 0.0087
3 0.6950 0.9506 0.0087 0.0075
3 0.6847 0.9444 0.0100 0.0075
3 0.6756 0.9381 0.0075 0.0075
3 0.7184 0.9644 0.0087 0.0100
3 0.6887 0.8269 0.0087 0.0100
3 0.7675 0.7944 0.0100 0.0075
3 0.7737 0.8006 0.0100 0.0075
3 0.3331 0.7278 0.0100 0.0087
