3 0.5641 0.2587 0.0187 0.0112
3 0.5206 0.2638 0.0225 0.0087
3 0.3638 0.4775 0.0212 0.0112
3 0.6953 0.4575 0.0187 0.0087
3 0.0466 0.0678 0.0087 0.0138
3 0.0488 0.0841 0.0100 0.0150
3 0.0500 0.1800 0.0063 0.0163
3 0.1525 0.2734 0.0175 0.0063
3 0.1297 0.2734 0.0125 0.0063
3 0.0084 0.2719 0.0138 0.0063
3 0.0084 0.2634 0.0138 0.0050
3 0.0072 0.2553 0.0112 0.0075
3 0.1387 0.4722 0.0150 0.0100
3 0.1237 0.4897 0.0163 0.0075
3 0.1741 0.5106 0.0075 0.0150
3 0.1747 0.7075 0.0150 0.0087
3 0.0331 0.7319 0.0163 0.0075
3 0.4894 0.4303 0.0100 0.0138
3 0.3912 0.4325 0.0138 0.0087
3 0.5887 0.4856 0.0087 0.0150
3 0.5209 0.2481 0.0138 0.0087
3 0.6144 0.2169 0.0163 0.0087
3 0.6338 0.2200 0.0175 0.0087
3 0.6562 0.2381 0.0125 0.0075
3 0.6144 0.2987 0.0100 0.0163
3 0.6575 0.2444 0.0150 0.0075
3 0.7125 0.0422 0.0187 0.0063
3 0.8691 0.1425 0.0100 0.0163
3 0.8887 0.2425 0.0087 0.0163
3 0.9266 0.4534 0.0125 0.0225
3 0.9313 0.4938 0.0125 0.0125
3 0.9006 0.5297 0.0200 0.0125
