3 0.3844 0.1163 0.0063 0.0138
3 0.0428 0.3931 0.0138 0.0050
3 0.0253 0.3937 0.0163 0.0063
3 0.0106 0.4119 0.0150 0.0050
3 0.0481 0.6831 0.0150 0.0100
3 0.0691 0.7019 0.0163 0.0100
3 0.2275 0.8197 0.0112 0.0112
3 0.2500 0.8375 0.0125 0.0125
3 0.2997 0.8119 0.0150 0.0050
3 0.3850 0.7913 0.0075 0.0138
3 0.3944 0.7897 0.0075 0.0138
3 0.3937 0.5122 0.0063 0.0150
3 0.7812 0.7172 0.0063 0.0125
3 0.7719 0.7475 0.0125 0.0138
3 0.7937 0.9344 0.0063 0.0125
3 0.8125 0.9578 0.0063 0.0125
3 0.7966 0.9947 0.0087 0.0112
3 0.5184 0.5406 0.0087 0.0125
3 0.5172 0.5556 0.0063 0.0112
3 0.5078 0.5500 0.0063 0.0125
3 0.0428 0.1509 0.0075 0.0112
3 0.1006 0.1734 0.0075 0.0125
3 0.3812 0.6769 0.0125 0.0100
3 0.2147 0.8037 0.0138 0.0138
