3 0.2950 0.2606 0.0087 0.0150
3 0.2950 0.2809 0.0087 0.0150
3 0.2944 0.3019 0.0075 0.0163
3 0.2966 0.3206 0.0087 0.0163
3 0.2422 0.2938 0.0125 0.0125
3 0.3263 0.9841 0.0087 0.0150
3 0.5338 0.9850 0.0112 0.0138
3 0.2288 0.0381 0.0075 0.0138
3 0.2644 0.0172 0.0100 0.0125
3 0.2753 0.0247 0.0100 0.0150
3 0.0356 0.4816 0.0087 0.0163
3 0.0553 0.4231 0.0075 0.0150
3 0.0469 0.4209 0.0063 0.0138
3 0.0622 0.4281 0.0087 0.0125
3 0.0584 0.5241 0.0075 0.0138
3 0.0475 0.5225 0.0075 0.0138
3 0.0491 0.4878 0.0075 0.0163
3 0.0566 0.4925 0.0100 0.0163
3 0.0647 0.5312 0.0075 0.0125
3 0.1022 0.8412 0.0075 0.0138
3 0.1116 0.8637 0.0075 0.0150
3 0.1006 0.9044 0.0075 0.0150
3 0.1009 0.9559 0.0050 0.0150
3 0.1100 0.7216 0.0075 0.0150
3 0.1106 0.8063 0.0087 0.0125
3 0.1094 0.6528 0.0063 0.0150
3 0.4803 0.1288 0.0075 0.0138
