3 0.0312 0.1475 0.0063 0.0138
3 0.0462 0.0994 0.0112 0.0050
3 0.1147 0.0969 0.0138 0.0063
3 0.1319 0.0938 0.0138 0.0063
3 0.1537 0.0938 0.0138 0.0063
3 0.2109 0.0922 0.0125 0.0063
3 0.2291 0.0916 0.0175 0.0050
3 0.2925 0.0869 0.0163 0.0050
3 0.0481 0.4041 0.0150 0.0050
3 0.3578 0.0859 0.0125 0.0063
3 0.3416 0.0869 0.0112 0.0050
3 0.4022 0.0806 0.0138 0.0050
3 0.4213 0.0813 0.0175 0.0063
3 0.5244 0.0750 0.0175 0.0063
3 0.6206 0.0703 0.0163 0.0063
3 0.7328 0.0634 0.0125 0.0050
3 0.6912 0.0681 0.0138 0.0050
3 0.7481 0.0641 0.0150 0.0063
3 0.8397 0.1337 0.0075 0.0112
3 0.8662 0.1559 0.0075 0.0150
3 0.8450 0.1784 0.0087 0.0163
3 0.8297 0.1894 0.0063 0.0100
3 0.8375 0.2838 0.0063 0.0112
3 0.8809 0.3547 0.0087 0.0125
3 0.8819 0.3684 0.0075 0.0150
3 0.8844 0.4091 0.0063 0.0087
3 0.8781 0.3219 0.0063 0.0125
3 0.8938 0.4906 0.0063 0.0125
3 0.8594 0.5734 0.0063 0.0125
3 0.8569 0.5463 0.0075 0.0112
3 0.8953 0.5544 0.0063 0.0150
3 0.9475 0.6950 0.0138 0.0087
3 0.9053 0.7072 0.0138 0.0112
3 0.9006 0.7500 0.0075 0.0125
3 0.9022 0.8231 0.0075 0.0150
3 0.9194 0.8463 0.0075 0.0112
3 0.9256 0.9397 0.0075 0.0138
3 0.7906 0.7119 0.0125 0.0050
3 0.7656 0.6831 0.0125 0.0037
3 0.8162 0.0278 0.0075 0.0150
3 0.5278 0.6950 0.0150 0.0087
3 0.4472 0.7184 0.0163 0.0087
3 0.3931 0.7103 0.0175 0.0050
3 0.3191 0.6287 0.0163 0.0075
3 0.1616 0.7119 0.0138 0.0050
3 0.1988 0.7391 0.0163 0.0063
3 0.0469 0.8100 0.0063 0.0138
3 0.0194 0.8003 0.0075 0.0163
3 0.0203 0.8213 0.0063 0.0112
3 0.0209 0.8369 0.0075 0.0112
3 0.0212 0.8481 0.0050 0.0087
3 0.0506 0.8591 0.0075 0.0150
3 0.0303 0.9469 0.0075 0.0125
3 0.2700 0.8344 0.0087 0.0125
3 0.2969 0.8375 0.0063 0.0125
3 0.3200 0.8569 0.0150 0.0075
3 0.2750 0.8847 0.0063 0.0163
3 0.2812 0.9759 0.0063 0.0112
3 0.9287 0.2938 0.0138 0.0063
3 0.3075 0.9619 0.0087 0.0175
3 0.5112 0.8444 0.0100 0.0075
3 0.5522 0.8128 0.0075 0.0163
3 0.9234 0.8925 0.0063 0.0163
