3 0.1325 0.1256 0.0150 0.0200
3 0.0406 0.4047 0.0125 0.0187
3 0.0156 0.4088 0.0125 0.0238
3 0.8406 0.3544 0.0187 0.0087
3 0.8603 0.3553 0.0175 0.0075
3 0.8803 0.3544 0.0200 0.0087
3 0.8975 0.3538 0.0138 0.0075
3 0.9178 0.3544 0.0200 0.0087
3 0.8344 0.3875 0.0125 0.0063
3 0.8519 0.3897 0.0225 0.0075
3 0.8734 0.3881 0.0187 0.0075
3 0.8969 0.3888 0.0187 0.0087
3 0.9141 0.3888 0.0187 0.0087
3 0.9328 0.3888 0.0187 0.0087
3 0.9547 0.3888 0.0187 0.0087
3 0.5584 0.0847 0.0200 0.0100
3 0.6494 0.0841 0.0238 0.0087
3 0.5813 0.0834 0.0187 0.0075
3 0.6997 0.0819 0.0212 0.0075
3 0.7888 0.1600 0.0087 0.0200
3 0.9684 0.0816 0.0212 0.0100
3 0.0588 0.1484 0.0112 0.0187
3 0.8809 0.7225 0.0150 0.0075
3 0.8378 0.0575 0.0225 0.0087
