3 0.4828 0.6222 0.0125 0.0163
3 0.2878 0.6744 0.0100 0.0175
3 0.2791 0.6766 0.0112 0.0187
3 0.4631 0.6941 0.0138 0.0100
3 0.4653 0.7013 0.0150 0.0087
3 0.3563 0.3719 0.0187 0.0125
3 0.4325 0.9381 0.0150 0.0075
3 0.4313 0.9506 0.0187 0.0075
3 0.4287 0.9694 0.0138 0.0075
3 0.4300 0.9766 0.0163 0.0063
3 0.4303 0.9844 0.0138 0.0063
3 0.4306 0.9906 0.0175 0.0063
3 0.2500 0.0578 0.0125 0.0063
3 0.2481 0.0641 0.0150 0.0063
3 0.2481 0.0928 0.0150 0.0075
3 0.2475 0.1006 0.0138 0.0075
3 0.2787 0.9756 0.0138 0.0075
3 0.2616 0.9750 0.0138 0.0063
3 0.2428 0.9887 0.0325 0.0087
3 0.2816 0.0688 0.0163 0.0063
3 0.2800 0.0766 0.0163 0.0063
3 0.2984 0.1234 0.0125 0.0063
