3 0.7825 0.4706 0.0212 0.0100
3 0.7825 0.4847 0.0275 0.0100
3 0.7819 0.5284 0.0200 0.0100
3 0.7244 0.5694 0.0112 0.0200
3 0.7388 0.5728 0.0087 0.0175
3 0.7519 0.5694 0.0100 0.0200
3 0.7981 0.6859 0.0212 0.0125
3 0.8000 0.6987 0.0187 0.0100
3 0.8050 0.7100 0.0225 0.0138
3 0.8081 0.7209 0.0225 0.0138
3 0.8088 0.7338 0.0175 0.0112
3 0.8141 0.7463 0.0187 0.0112
3 0.8219 0.7662 0.0187 0.0138
3 0.8247 0.7781 0.0212 0.0125
3 0.8287 0.7919 0.0200 0.0150
3 0.8331 0.8019 0.0225 0.0163
3 0.8387 0.8122 0.0212 0.0150
3 0.8409 0.8238 0.0225 0.0163
3 0.8475 0.8363 0.0200 0.0163
3 0.8512 0.8466 0.0212 0.0150
3 0.8559 0.8575 0.0212 0.0150
3 0.8575 0.8706 0.0212 0.0163
3 0.8622 0.8806 0.0212 0.0175
3 0.8681 0.8919 0.0238 0.0150
3 0.7881 0.1375 0.0263 0.0125
3 0.8275 0.1516 0.0112 0.0250
3 0.6178 0.6381 0.0138 0.0200
3 0.6838 0.6350 0.0112 0.0200
3 0.4362 0.6312 0.0100 0.0187
3 0.4206 0.6316 0.0100 0.0225
3 0.2494 0.5656 0.0112 0.0250
3 0.2469 0.6309 0.0125 0.0275
3 0.2206 0.6284 0.0100 0.0225
3 0.2087 0.6319 0.0112 0.0263
3 0.1947 0.6306 0.0112 0.0238
3 0.1956 0.5641 0.0100 0.0187
3 0.0966 0.5175 0.0212 0.0100
3 0.0966 0.5309 0.0275 0.0087
3 0.0994 0.5428 0.0300 0.0138
3 0.1012 0.5569 0.0212 0.0075
3 0.1006 0.5963 0.0200 0.0112
3 0.1016 0.4225 0.0250 0.0138
3 0.0997 0.4375 0.0212 0.0125
3 0.0241 0.2156 0.0200 0.0125
3 0.0084 0.5906 0.0138 0.0250
