3 0.3475 0.9841 0.0138 0.0087
3 0.3225 0.9741 0.0138 0.0075
3 0.3250 0.9822 0.0187 0.0112
3 0.3138 0.9878 0.0150 0.0100
3 0.3016 0.9650 0.0125 0.0112
3 0.2978 0.9706 0.0112 0.0100
3 0.2916 0.9784 0.0175 0.0100
3 0.3231 0.9500 0.0150 0.0125
3 0.3888 0.9806 0.0150 0.0112
3 0.3494 0.9938 0.0175 0.0125
3 0.2700 0.9519 0.0150 0.0100
3 0.2684 0.9575 0.0150 0.0087
3 0.2300 0.9353 0.0163 0.0112
3 0.2350 0.9456 0.0138 0.0100
3 0.1919 0.9309 0.0150 0.0087
3 0.1988 0.9444 0.0163 0.0075
3 0.1706 0.9381 0.0163 0.0075
3 0.1759 0.9019 0.0112 0.0100
3 0.1966 0.8459 0.0087 0.0138
3 0.1881 0.8606 0.0075 0.0150
3 0.1881 0.7406 0.0075 0.0125
3 0.1766 0.7234 0.0063 0.0125
3 0.1828 0.8219 0.0063 0.0125
3 0.1256 0.9062 0.0138 0.0063
3 0.1209 0.9141 0.0138 0.0063
3 0.1031 0.9072 0.0125 0.0050
3 0.1000 0.9181 0.0125 0.0050
3 0.0738 0.9181 0.0163 0.0050
3 0.1175 0.8316 0.0163 0.0100
3 0.1175 0.8200 0.0163 0.0087
3 0.1175 0.8125 0.0163 0.0063
3 0.1187 0.8063 0.0125 0.0063
3 0.1169 0.8000 0.0150 0.0063
3 0.1172 0.7937 0.0187 0.0063
3 0.1187 0.7891 0.0125 0.0063
3 0.1006 0.8337 0.0138 0.0050
3 0.0988 0.8281 0.0163 0.0063
3 0.0988 0.8206 0.0163 0.0037
3 0.1000 0.8156 0.0125 0.0063
3 0.0988 0.8094 0.0163 0.0063
3 0.0981 0.8009 0.0150 0.0050
3 0.0988 0.7947 0.0163 0.0050
3 0.0969 0.7884 0.0187 0.0050
3 0.0834 0.8337 0.0138 0.0050
3 0.0844 0.8281 0.0125 0.0063
3 0.0828 0.8206 0.0125 0.0037
3 0.0828 0.8156 0.0125 0.0063
3 0.0816 0.8094 0.0163 0.0063
3 0.0816 0.8022 0.0163 0.0075
3 0.0809 0.7947 0.0150 0.0050
3 0.0781 0.7884 0.0125 0.0050
3 0.0663 0.8322 0.0138 0.0112
3 0.0656 0.8231 0.0125 0.0087
3 0.0656 0.8137 0.0125 0.0087
3 0.0650 0.8069 0.0112 0.0075
3 0.0622 0.7984 0.0150 0.0063
3 0.0622 0.7909 0.0150 0.0037
3 0.0516 0.8156 0.0063 0.0125
3 0.0531 0.8319 0.0063 0.0138
3 0.0419 0.8016 0.0087 0.0125
3 0.0444 0.8156 0.0075 0.0125
3 0.0444 0.8294 0.0075 0.0150
3 0.0334 0.8022 0.0075 0.0138
3 0.0356 0.8156 0.0087 0.0125
3 0.0203 0.8006 0.0125 0.0075
3 0.0197 0.8094 0.0175 0.0063
3 0.0225 0.6562 0.0138 0.0063
3 0.0975 0.6572 0.0138 0.0050
3 0.0966 0.6516 0.0150 0.0063
3 0.2619 0.7131 0.0175 0.0075
3 0.2606 0.7000 0.0150 0.0063
3 0.2775 0.6922 0.0175 0.0063
3 0.2609 0.6859 0.0187 0.0063
3 0.2556 0.6781 0.0175 0.0063
3 0.2744 0.6781 0.0175 0.0063
3 0.2578 0.6672 0.0125 0.0063
3 0.2750 0.6669 0.0063 0.0087
3 0.1703 0.6525 0.0063 0.0112
3 0.2153 0.6466 0.0150 0.0087
3 0.2153 0.6328 0.0150 0.0063
3 0.2097 0.5938 0.0163 0.0063
3 0.2487 0.6062 0.0163 0.0063
3 0.2522 0.6203 0.0138 0.0063
3 0.2547 0.6278 0.0187 0.0087
3 0.2534 0.6347 0.0163 0.0037
3 0.2541 0.6484 0.0175 0.0063
3 0.2050 0.5375 0.0163 0.0063
3 0.2000 0.5250 0.0187 0.0063
3 0.2403 0.5250 0.0150 0.0063
3 0.2362 0.5172 0.0163 0.0063
3 0.2369 0.5109 0.0175 0.0063
3 0.2362 0.5034 0.0163 0.0037
3 0.2316 0.4972 0.0163 0.0037
3 0.2309 0.4922 0.0150 0.0063
3 0.2309 0.4766 0.0150 0.0063
3 0.2300 0.4625 0.0163 0.0063
3 0.2669 0.5078 0.0150 0.0063
3 0.1925 0.4634 0.0163 0.0050
3 0.0125 0.4606 0.0187 0.0087
3 0.1600 0.4203 0.0075 0.0125
3 0.1469 0.4025 0.0063 0.0112
3 0.2406 0.3578 0.0125 0.0063
3 0.2400 0.3500 0.0112 0.0063
3 0.2431 0.3438 0.0175 0.0063
3 0.2413 0.3375 0.0138 0.0063
3 0.2397 0.3281 0.0138 0.0063
3 0.2381 0.3141 0.0138 0.0063
3 0.1294 0.1981 0.0087 0.0150
3 0.2119 0.2053 0.0175 0.0075
3 0.1250 0.1337 0.0063 0.0112
3 0.3981 0.2178 0.0150 0.0075
3 0.4750 0.1125 0.0063 0.0125
3 0.5909 0.1844 0.0163 0.0063
3 0.8116 0.0838 0.0075 0.0112
3 0.7937 0.0103 0.0063 0.0112
3 0.4181 0.0141 0.0175 0.0063
3 0.3888 0.0266 0.0150 0.0063
3 0.3716 0.0281 0.0150 0.0063
3 0.9694 0.7656 0.0075 0.0125
3 0.2975 0.3256 0.0138 0.0075
3 0.2575 0.2806 0.0087 0.0112
3 0.2241 0.3866 0.0138 0.0075
3 0.2197 0.3312 0.0175 0.0063
3 0.2487 0.5938 0.0163 0.0063
3 0.1053 0.0225 0.0075 0.0138
3 0.1403 0.2981 0.0087 0.0150
3 0.4188 0.2356 0.0187 0.0150
3 0.1631 0.5312 0.0075 0.0187
3 0.9828 0.9459 0.0063 0.0138
3 0.9897 0.5716 0.0138 0.0087
