1 0.1281 0.9648 0.1094 0.0703
1 0.0492 0.8727 0.0984 0.0766
1 0.7078 0.9398 0.0719 0.0734
1 0.4688 0.9539 0.0750 0.0828
1 0.6172 0.8164 0.1344 0.1109
1 0.4117 0.6875 0.1203 0.1219
1 0.2844 0.6156 0.1062 0.1094
1 0.1289 0.4930 0.1203 0.1234
1 0.1117 0.2484 0.0922 0.1062
1 0.5172 0.4477 0.0625 0.0734
1 0.5992 0.4422 0.0609 0.0781
1 0.6828 0.4344 0.0656 0.0750
1 0.8539 0.3336 0.0672 0.0734
1 0.8289 0.2234 0.0672 0.0656
1 0.6703 0.2320 0.0688 0.0703
1 0.6531 0.0531 0.0656 0.0625
1 0.5750 0.0492 0.0688 0.0703
1 0.4953 0.0586 0.0688 0.0672
1 0.3211 0.0641 0.0703 0.0750
