1 0.8719 0.0352 0.1094 0.0703
1 0.9508 0.1289 0.0984 0.0766
1 0.2938 0.0602 0.0719 0.0734
1 0.5328 0.0477 0.0750 0.0828
1 0.3844 0.1836 0.1344 0.1109
1 0.5898 0.3125 0.1203 0.1219
1 0.7172 0.3859 0.1062 0.1094
1 0.8711 0.5086 0.1203 0.1234
1 0.8898 0.7516 0.0922 0.1062
1 0.4844 0.5539 0.0625 0.0734
1 0.4023 0.5578 0.0609 0.0781
1 0.3187 0.5656 0.0656 0.0750
1 0.1461 0.6664 0.0672 0.0734
1 0.1727 0.7766 0.0672 0.0656
1 0.3297 0.7695 0.0688 0.0703
1 0.3469 0.9484 0.0656 0.0625
1 0.4250 0.9508 0.0688 0.0703
1 0.5047 0.9430 0.0688 0.0672
1 0.6789 0.9375 0.0703 0.0750
