1 0.8621 0.8199 0.0461 0.0398
1 0.9035 0.8801 0.0508 0.0414
1 0.9523 0.9348 0.0453 0.0414
1 0.9867 0.9852 0.0266 0.0297
1 0.3094 0.9352 0.0344 0.0422
1 0.3586 0.9578 0.0297 0.0375
1 0.3832 0.7578 0.0258 0.0344
1 0.3516 0.7746 0.0250 0.0367
1 0.2508 0.8203 0.0234 0.0344
1 0.2180 0.8375 0.0234 0.0375
1 0.2285 0.6945 0.0383 0.0453
1 0.1652 0.7027 0.0430 0.0523
1 0.1187 0.7250 0.0406 0.0437
1 0.0621 0.7441 0.0398 0.0508
1 0.0156 0.7352 0.0312 0.0391
1 0.1660 0.4766 0.0695 0.0719
1 0.2469 0.4355 0.0406 0.0430
1 0.3254 0.4145 0.0383 0.0508
1 0.4066 0.3805 0.0414 0.0578
1 0.1168 0.2805 0.0430 0.0484
1 0.3098 0.1902 0.0383 0.0461
1 0.3789 0.1621 0.0359 0.0461
