1 0.8203 0.8625 0.0406 0.0469
1 0.8797 0.9047 0.0406 0.0500
1 0.9344 0.9523 0.0406 0.0453
1 0.9852 0.9867 0.0297 0.0266
1 0.9352 0.3094 0.0422 0.0344
1 0.9578 0.3586 0.0375 0.0297
1 0.7578 0.3844 0.0344 0.0250
1 0.7750 0.3516 0.0375 0.0250
1 0.8203 0.2508 0.0344 0.0234
1 0.8375 0.2180 0.0375 0.0234
1 0.6945 0.2297 0.0453 0.0375
1 0.7031 0.1656 0.0531 0.0437
1 0.7250 0.1187 0.0437 0.0406
1 0.7438 0.0625 0.0500 0.0406
1 0.7352 0.0156 0.0391 0.0312
1 0.4766 0.1656 0.0719 0.0688
1 0.4359 0.2469 0.0437 0.0406
1 0.4141 0.3266 0.0500 0.0375
1 0.3805 0.4062 0.0578 0.0406
1 0.2805 0.1172 0.0484 0.0437
1 0.1906 0.3094 0.0469 0.0375
1 0.1625 0.3789 0.0469 0.0359
