1 0.7031 0.2047 0.1031 0.0906
1 0.6031 0.2695 0.0375 0.0328
1 0.6906 0.4938 0.0719 0.0844
1 0.4062 0.3797 0.0813 0.1000
1 0.2359 0.3266 0.0531 0.0625
1 0.3344 0.4031 0.0531 0.0813
1 0.3172 0.5164 0.0688 0.0547
1 0.3937 0.5656 0.0531 0.0656
1 0.4672 0.6000 0.0531 0.0625
1 0.5195 0.4234 0.0453 0.0375
1 0.4742 0.3937 0.0328 0.0375
1 0.5953 0.4578 0.0531 0.0719
1 0.7719 0.4656 0.0375 0.0469
1 0.8445 0.5094 0.0297 0.0344
1 0.8375 0.5500 0.0406 0.0344
1 0.8102 0.5938 0.0328 0.0344
1 0.9812 0.8094 0.0375 0.0531
1 0.5813 0.9469 0.0469 0.0531
1 0.5359 0.9828 0.0437 0.0344
1 0.4547 0.9703 0.0844 0.0594
1 0.3617 0.9313 0.0891 0.1125
1 0.1828 0.8383 0.0813 0.0984
1 0.0898 0.7930 0.0859 0.1016
1 0.0203 0.7406 0.0406 0.0969
1 0.0164 0.9391 0.0297 0.0969
