1 0.2039 0.9766 0.0891 0.0469
1 0.2766 0.1437 0.0844 0.0938
1 0.6281 0.6375 0.0563 0.0469
1 0.4656 0.9359 0.0469 0.0375
1 0.5094 0.8633 0.0344 0.0297
1 0.5500 0.8703 0.0344 0.0406
1 0.5938 0.8977 0.0344 0.0328
1 0.6625 0.5625 0.0531 0.0531
1 0.6922 0.4984 0.0469 0.0656
1 0.8094 0.7203 0.0531 0.0469
1 0.7594 0.5000 0.0500 0.0625
1 0.8141 0.5344 0.0469 0.0531
1 0.8766 0.5578 0.0469 0.0563
1 0.8328 0.2820 0.0594 0.0422
1 0.8531 0.2141 0.0594 0.0500
1 0.8984 0.1656 0.0563 0.0563
1 0.9625 0.1391 0.0469 0.0563
