1 0.2797 0.1031 0.0469 0.0531
1 0.5000 0.0516 0.0625 0.0500
1 0.4672 0.1062 0.0531 0.0469
1 0.4422 0.1703 0.0563 0.0469
1 0.7180 0.1250 0.0422 0.0594
1 0.7875 0.1469 0.0500 0.0594
1 0.8359 0.1906 0.0563 0.0563
1 0.8609 0.2547 0.0563 0.0469
1 0.8953 0.3109 0.0594 0.0531
1 0.9219 0.4703 0.0469 0.0563
1 0.8320 0.4906 0.0484 0.0531
1 0.7922 0.5641 0.0594 0.0469
1 0.7703 0.4703 0.0469 0.0531
1 0.5383 0.5875 0.0484 0.0563
1 0.6016 0.6203 0.0500 0.0531
1 0.6648 0.6508 0.0547 0.0578
1 0.6984 0.7898 0.0375 0.0422
1 0.6438 0.8344 0.0437 0.0500
1 0.5844 0.8109 0.0469 0.0531
1 0.5266 0.7766 0.0563 0.0719
1 0.5297 0.9805 0.0531 0.0359
1 0.4758 0.9688 0.0391 0.0563
1 0.0297 0.8758 0.0594 0.0953
