1 0.7027 0.2043 0.1023 0.0898
1 0.6027 0.2695 0.0367 0.0328
1 0.6902 0.4926 0.0711 0.0852
1 0.4059 0.3785 0.0805 0.1008
1 0.2355 0.3270 0.0523 0.0633
1 0.3344 0.4031 0.0531 0.0813
1 0.3172 0.5164 0.0688 0.0547
1 0.3934 0.5656 0.0523 0.0656
1 0.4660 0.6004 0.0539 0.0633
1 0.5195 0.4230 0.0453 0.0367
1 0.4742 0.3926 0.0328 0.0383
1 0.5949 0.4574 0.0523 0.0711
1 0.7707 0.4652 0.0383 0.0461
1 0.8445 0.5094 0.0297 0.0344
1 0.8371 0.5488 0.0398 0.0352
1 0.8102 0.5934 0.0328 0.0336
1 0.9812 0.8090 0.0375 0.0523
1 0.5801 0.9465 0.0477 0.0523
1 0.5359 0.9828 0.0437 0.0344
1 0.4543 0.9703 0.0836 0.0594
1 0.3613 0.9309 0.0883 0.1117
1 0.1824 0.8383 0.0805 0.0984
1 0.0898 0.7930 0.0859 0.1016
1 0.0199 0.7402 0.0398 0.0961
1 0.0164 0.9387 0.0297 0.0961
