1 0.2047 0.2984 0.0906 0.1031
1 0.2695 0.3969 0.0328 0.0375
1 0.4938 0.3094 0.0844 0.0719
1 0.3797 0.5938 0.1000 0.0813
1 0.3266 0.7656 0.0625 0.0531
1 0.4031 0.6656 0.0813 0.0531
1 0.5164 0.6844 0.0547 0.0688
1 0.5656 0.6078 0.0656 0.0531
1 0.6000 0.5344 0.0625 0.0531
1 0.4234 0.4820 0.0375 0.0453
1 0.3937 0.5273 0.0375 0.0328
1 0.4578 0.4062 0.0719 0.0531
1 0.4656 0.2297 0.0469 0.0375
1 0.5094 0.1570 0.0344 0.0297
1 0.5500 0.1641 0.0344 0.0406
1 0.5938 0.1914 0.0344 0.0328
1 0.8094 0.0187 0.0531 0.0375
1 0.9469 0.4203 0.0531 0.0469
1 0.9828 0.4641 0.0344 0.0437
1 0.9703 0.5469 0.0594 0.0844
1 0.9313 0.6391 0.1125 0.0875
1 0.8383 0.8187 0.0984 0.0813
1 0.7930 0.9102 0.1016 0.0859
1 0.7406 0.9797 0.0969 0.0406
1 0.9391 0.9852 0.0969 0.0297
