1 0.4195 0.0070 0.0484 0.0141
1 0.5078 0.4031 0.0500 0.0312
1 0.5008 0.4578 0.0547 0.0437
1 0.4922 0.5141 0.0563 0.0469
1 0.4984 0.5687 0.0469 0.0375
1 0.0828 0.8750 0.0531 0.0563
1 0.1391 0.9094 0.0469 0.0594
1 0.2391 0.8703 0.0406 0.0531
1 0.2953 0.8281 0.0437 0.0563
1 0.3484 0.8016 0.0437 0.0437
1 0.3836 0.7500 0.0484 0.0469
1 0.4797 0.6820 0.0531 0.0391
1 0.4844 0.6219 0.0594 0.0437
1 0.5406 0.7656 0.0656 0.0531
1 0.5031 0.8625 0.0500 0.0406
1 0.7359 0.9000 0.0437 0.0469
1 0.8281 0.9609 0.0406 0.0375
1 0.9281 0.8375 0.0406 0.0500
1 0.9852 0.8500 0.0297 0.0500
