1 0.5563 0.3469 0.0656 0.0469
1 0.4078 0.5922 0.0625 0.0469
1 0.2375 0.6008 0.0563 0.0453
1 0.0875 0.6484 0.0594 0.0437
1 0.0867 0.8133 0.0578 0.0453
1 0.0844 0.9195 0.0531 0.0422
1 0.2437 0.9313 0.0531 0.0437
1 0.6523 0.5906 0.0734 0.0500
1 0.4992 0.6484 0.0578 0.0437
1 0.4938 0.7094 0.0656 0.0531
1 0.6539 0.7000 0.0703 0.0437
1 0.6547 0.7617 0.0688 0.0484
1 0.6523 0.8875 0.0703 0.0469
1 0.6570 0.9484 0.0547 0.0500
1 0.4906 0.9922 0.0469 0.0156
1 0.6656 0.9898 0.0656 0.0203
1 0.9078 0.5891 0.0594 0.0469
1 0.9141 0.7000 0.0688 0.0500
1 0.9047 0.8953 0.0750 0.0531
