1 0.7934 0.0090 0.0680 0.0180
1 0.8031 0.1887 0.0750 0.0523
1 0.8016 0.3648 0.0719 0.0547
1 0.8023 0.5645 0.0703 0.0570
1 0.8063 0.6867 0.0594 0.0547
1 0.8043 0.7484 0.0648 0.0500
1 0.6504 0.8137 0.0820 0.0617
1 0.5543 0.7164 0.0617 0.0703
1 0.3937 0.6883 0.0625 0.0453
1 0.4820 0.6137 0.0328 0.0367
1 0.6602 0.4516 0.0766 0.0531
1 0.6598 0.5270 0.0820 0.0633
1 0.3914 0.5094 0.0641 0.0500
1 0.3922 0.3816 0.0656 0.0477
1 0.4008 0.2812 0.0453 0.0344
1 0.3992 0.1152 0.0484 0.0492
1 0.6574 0.2074 0.0711 0.0430
1 0.6477 0.2723 0.0672 0.0570
