1 0.6547 0.5563 0.0469 0.0656
1 0.4078 0.4078 0.0469 0.0625
1 0.4008 0.2375 0.0453 0.0563
1 0.3531 0.0875 0.0437 0.0594
1 0.1883 0.0867 0.0453 0.0578
1 0.0805 0.0844 0.0422 0.0531
1 0.0688 0.2437 0.0437 0.0531
1 0.4109 0.6523 0.0500 0.0734
1 0.3531 0.4992 0.0437 0.0578
1 0.2922 0.4938 0.0531 0.0656
1 0.3000 0.6539 0.0437 0.0703
1 0.2398 0.6547 0.0484 0.0688
1 0.1141 0.6523 0.0469 0.0703
1 0.0531 0.6570 0.0500 0.0547
1 0.0078 0.4906 0.0156 0.0469
1 0.0102 0.6656 0.0203 0.0656
1 0.4125 0.9078 0.0469 0.0594
1 0.3016 0.9141 0.0500 0.0688
1 0.1047 0.9047 0.0531 0.0750
