1 0.9133 0.1070 0.0578 0.0453
1 0.9172 0.2133 0.0531 0.0422
1 0.7562 0.2250 0.0531 0.0437
1 0.7578 0.4227 0.0625 0.0484
1 0.7594 0.4797 0.0594 0.0469
1 0.7641 0.5375 0.0563 0.0500
1 0.7609 0.5922 0.0625 0.0500
1 0.7477 0.6477 0.0578 0.0516
1 0.7688 0.7656 0.0688 0.0500
1 0.7805 0.8172 0.0672 0.0406
1 0.9125 0.5906 0.0625 0.0563
1 0.5078 0.0141 0.0656 0.0281
1 0.3477 0.0078 0.0703 0.0156
1 0.3453 0.0555 0.0688 0.0484
1 0.3477 0.1797 0.0703 0.0469
1 0.3445 0.2422 0.0547 0.0500
1 0.5094 0.3016 0.0469 0.0469
1 0.5062 0.3898 0.0563 0.0516
1 0.4984 0.5133 0.0625 0.0484
1 0.4906 0.5734 0.0688 0.0469
1 0.5047 0.7000 0.0656 0.0469
1 0.5023 0.8180 0.0547 0.0422
1 0.3344 0.2984 0.0656 0.0500
1 0.3523 0.5766 0.0703 0.0469
1 0.3531 0.6969 0.0719 0.0469
1 0.3594 0.7594 0.0969 0.0531
1 0.0859 0.0094 0.0688 0.0187
1 0.0953 0.1891 0.0750 0.0531
1 0.0938 0.3648 0.0719 0.0547
1 0.0961 0.5641 0.0703 0.0563
1 0.1000 0.6867 0.0594 0.0547
1 0.0984 0.7484 0.0656 0.0500
