1 0.1070 0.9133 0.0453 0.0578
1 0.2133 0.9172 0.0422 0.0531
1 0.2250 0.7562 0.0437 0.0531
1 0.4227 0.7578 0.0484 0.0625
1 0.4797 0.7594 0.0469 0.0594
1 0.5375 0.7641 0.0500 0.0563
1 0.5922 0.7609 0.0500 0.0625
1 0.6477 0.7477 0.0516 0.0578
1 0.7656 0.7695 0.0500 0.0672
1 0.8172 0.7805 0.0406 0.0672
1 0.5906 0.9125 0.0563 0.0625
1 0.0141 0.5078 0.0281 0.0656
1 0.0078 0.3477 0.0156 0.0703
1 0.0555 0.3453 0.0484 0.0688
1 0.1797 0.3477 0.0469 0.0703
1 0.2422 0.3445 0.0500 0.0547
1 0.3016 0.5094 0.0469 0.0469
1 0.3898 0.5062 0.0516 0.0563
1 0.5133 0.4984 0.0484 0.0625
1 0.5734 0.4906 0.0469 0.0688
1 0.7000 0.5047 0.0469 0.0656
1 0.8180 0.5023 0.0422 0.0547
1 0.2984 0.3344 0.0500 0.0656
1 0.5766 0.3523 0.0469 0.0703
1 0.6969 0.3531 0.0469 0.0719
1 0.7594 0.3594 0.0531 0.0969
1 0.0094 0.0859 0.0187 0.0688
1 0.1891 0.0953 0.0531 0.0750
1 0.3648 0.0938 0.0547 0.0719
1 0.5641 0.0961 0.0563 0.0703
1 0.6867 0.1000 0.0547 0.0594
1 0.7484 0.0984 0.0500 0.0656
