2 0.4787 0.3663 0.0075 0.0075
2 0.6828 0.4031 0.0187 0.0312
2 0.5184 0.4153 0.0087 0.0087
2 0.4888 0.3816 0.0087 0.0100
2 0.8050 0.4834 0.0163 0.0263
2 0.8681 0.3712 0.0175 0.0238
2 0.5769 0.3269 0.0100 0.0100
2 0.4284 0.2638 0.0100 0.0087
2 0.5122 0.4100 0.0087 0.0075
2 0.8769 0.3463 0.0163 0.0238
2 0.4550 0.3072 0.0163 0.0112
2 0.7272 0.5731 0.0138 0.0150
2 0.6859 0.5537 0.0063 0.0075
2 0.6638 0.5684 0.0087 0.0087
2 0.6547 0.5722 0.0063 0.0100
2 0.6631 0.5809 0.0075 0.0087
2 0.6787 0.5756 0.0075 0.0075
2 0.6787 0.5847 0.0075 0.0100
2 0.6887 0.5894 0.0087 0.0100
2 0.7000 0.6006 0.0063 0.0075
2 0.7106 0.5944 0.0087 0.0075
2 0.7056 0.6059 0.0050 0.0087
2 0.7147 0.6103 0.0075 0.0112
2 0.7362 0.6134 0.0100 0.0112
2 0.7472 0.6197 0.0100 0.0112
2 0.7575 0.6225 0.0087 0.0138
2 0.7706 0.6209 0.0100 0.0138
2 0.8556 0.6425 0.0112 0.0163
2 0.7888 0.6291 0.0087 0.0112
2 0.8063 0.6303 0.0063 0.0138
2 0.8116 0.6353 0.0075 0.0112
2 0.8187 0.6341 0.0063 0.0150
