1 0.6773 0.9656 0.0828 0.0688
1 0.8398 0.8992 0.1016 0.0859
1 0.8172 0.8070 0.0594 0.0641
1 0.7734 0.7312 0.0719 0.0656
1 0.8313 0.6203 0.1187 0.1125
1 0.9000 0.4867 0.0656 0.0703
1 0.8047 0.4766 0.0625 0.0813
1 0.9406 0.2875 0.0625 0.0688
1 0.8625 0.3016 0.0625 0.0625
1 0.9031 0.1156 0.0688 0.0656
1 0.3805 0.3305 0.1266 0.1203
1 0.3844 0.4633 0.1062 0.1078
1 0.1242 0.3281 0.0703 0.0656
1 0.1172 0.4594 0.1219 0.1125
1 0.1078 0.5938 0.1313 0.1156
1 0.3867 0.5953 0.1141 0.1156
1 0.1078 0.7391 0.1344 0.1187
1 0.3906 0.8625 0.1250 0.1187
1 0.1250 0.8984 0.1062 0.1125
1 0.3891 0.9688 0.1250 0.0625
