1 0.1914 0.2781 0.0609 0.0656
1 0.1840 0.3563 0.0617 0.0656
1 0.1895 0.4453 0.0633 0.0656
1 0.1906 0.5359 0.0625 0.0656
1 0.1867 0.6113 0.0609 0.0633
1 0.3242 0.7234 0.0828 0.1031
1 0.1617 0.8086 0.1016 0.0859
1 0.1832 0.9008 0.0602 0.0641
1 0.2258 0.9711 0.0703 0.0578
1 0.8922 0.9539 0.1344 0.0922
1 0.6109 0.8457 0.1250 0.1195
1 0.8766 0.8090 0.1062 0.1117
1 0.8832 0.6496 0.1164 0.1117
1 0.6109 0.7109 0.1250 0.1187
1 0.6098 0.5770 0.1258 0.1195
1 0.8770 0.4590 0.1258 0.1180
1 0.8938 0.2824 0.1281 0.1180
1 0.6195 0.3141 0.0672 0.0625
1 0.4613 0.4035 0.1102 0.1164
1 0.6188 0.0980 0.0625 0.0617
