1 0.2348 0.0695 0.0508 0.0328
1 0.1191 0.1070 0.0383 0.0297
1 0.2719 0.1918 0.0469 0.0336
1 0.1703 0.1695 0.0344 0.0297
1 0.1316 0.2898 0.0477 0.0297
1 0.1523 0.3336 0.0422 0.0297
1 0.1828 0.3727 0.0375 0.0297
1 0.2148 0.4082 0.0391 0.0352
1 0.3074 0.2648 0.0430 0.0359
1 0.3348 0.3055 0.0414 0.0391
1 0.3973 0.3672 0.0383 0.0406
1 0.5590 0.4207 0.0367 0.0477
1 0.6066 0.4309 0.0414 0.0461
1 0.6508 0.5449 0.0391 0.0336
1 0.6559 0.5824 0.0492 0.0367
1 0.6824 0.6988 0.0492 0.0539
1 0.5102 0.6887 0.0516 0.0523
1 0.2344 0.9559 0.0906 0.0836
