1 0.7375 0.3227 0.0375 0.0266
1 0.7375 0.3664 0.0437 0.0297
1 0.7297 0.4109 0.0469 0.0312
1 0.7172 0.4594 0.0406 0.0375
1 0.7055 0.6500 0.0422 0.0312
1 0.7031 0.6875 0.0406 0.0281
1 0.7125 0.7547 0.0406 0.0312
1 0.7055 0.7969 0.0391 0.0312
1 0.7125 0.8766 0.0281 0.0375
1 0.6203 0.8922 0.0281 0.0344
1 0.6117 0.7969 0.0266 0.0344
1 0.6000 0.7406 0.0281 0.0344
1 0.9328 0.6578 0.0312 0.0563
1 0.5062 0.7031 0.0406 0.0375
1 0.4375 0.7328 0.0344 0.0406
1 0.3992 0.7422 0.0328 0.0469
1 0.3625 0.7719 0.0375 0.0469
1 0.3141 0.7594 0.0344 0.0469
1 0.2242 0.7656 0.0328 0.0500
1 0.1867 0.8812 0.0297 0.0375
1 0.1031 0.7297 0.0344 0.0469
1 0.1242 0.8297 0.0297 0.0344
1 0.0102 0.8688 0.0203 0.0469
1 0.0289 0.6922 0.0359 0.0437
