1 0.0805 0.9742 0.0547 0.0484
1 0.0641 0.8406 0.0500 0.0563
1 0.1187 0.8719 0.0469 0.0656
1 0.1984 0.8086 0.0437 0.0641
1 0.2703 0.8453 0.0531 0.0656
1 0.2703 0.7328 0.0469 0.0437
1 0.3875 0.7281 0.0625 0.0469
1 0.3563 0.5984 0.0594 0.0500
1 0.3711 0.5422 0.0609 0.0469
1 0.5766 0.6992 0.0844 0.0734
1 0.6219 0.7531 0.0531 0.0500
1 0.6750 0.7812 0.0500 0.0469
1 0.5531 0.6328 0.0531 0.0437
1 0.5508 0.5750 0.0578 0.0469
1 0.5516 0.5156 0.0531 0.0469
1 0.5344 0.4609 0.0563 0.0531
1 0.3828 0.4062 0.0563 0.0500
1 0.7852 0.8297 0.0453 0.0469
1 0.9187 0.8906 0.0500 0.0625
