1 0.7656 0.0695 0.0500 0.0328
1 0.8812 0.1070 0.0375 0.0297
1 0.7297 0.1922 0.0469 0.0344
1 0.8297 0.1695 0.0344 0.0297
1 0.8688 0.2898 0.0469 0.0297
1 0.8492 0.3336 0.0422 0.0297
1 0.8187 0.3727 0.0375 0.0297
1 0.7867 0.4094 0.0391 0.0344
1 0.6922 0.2648 0.0437 0.0359
1 0.6656 0.3055 0.0406 0.0391
1 0.6031 0.3672 0.0375 0.0406
1 0.4406 0.4219 0.0375 0.0469
1 0.3937 0.4313 0.0406 0.0469
1 0.3492 0.5453 0.0391 0.0344
1 0.3453 0.5828 0.0500 0.0375
1 0.3172 0.7000 0.0500 0.0531
1 0.4914 0.6891 0.0516 0.0531
1 0.7656 0.9563 0.0906 0.0844
