1 0.9738 0.9211 0.0477 0.0547
1 0.8406 0.9375 0.0563 0.0500
1 0.8723 0.8824 0.0664 0.0461
1 0.8082 0.8027 0.0633 0.0430
1 0.8453 0.7309 0.0656 0.0523
1 0.7324 0.7301 0.0430 0.0477
1 0.7270 0.6137 0.0477 0.0617
1 0.5980 0.6441 0.0492 0.0602
1 0.5426 0.6305 0.0477 0.0609
1 0.6992 0.4246 0.0734 0.0836
1 0.7535 0.3777 0.0508 0.0523
1 0.7801 0.3254 0.0477 0.0508
1 0.6324 0.4484 0.0430 0.0531
1 0.5738 0.4492 0.0477 0.0578
1 0.5152 0.4500 0.0461 0.0531
1 0.4609 0.4660 0.0531 0.0570
1 0.4059 0.6176 0.0492 0.0570
1 0.8297 0.2148 0.0469 0.0453
1 0.8902 0.0816 0.0617 0.0508
