1 0.6016 0.5406 0.0469 0.0531
1 0.5406 0.5406 0.0437 0.0531
1 0.4859 0.5500 0.0531 0.0625
1 0.1203 0.9727 0.0750 0.0547
1 0.1187 0.9180 0.0625 0.0453
1 0.1750 0.7859 0.0688 0.0500
1 0.1891 0.7211 0.0656 0.0547
1 0.2141 0.6656 0.0656 0.0563
1 0.2477 0.6195 0.0484 0.0578
1 0.3047 0.5906 0.0469 0.0563
1 0.3586 0.5531 0.0453 0.0563
1 0.4250 0.5453 0.0500 0.0656
1 0.1953 0.3266 0.0469 0.0688
1 0.0961 0.2047 0.0516 0.0500
1 0.1242 0.1195 0.0672 0.0484
1 0.2992 0.3102 0.0484 0.0641
1 0.3453 0.3563 0.0375 0.0625
1 0.4047 0.3586 0.0500 0.0641
1 0.4641 0.3719 0.0437 0.0688
1 0.5297 0.3852 0.0531 0.0641
1 0.5984 0.3859 0.0469 0.0719
1 0.1344 0.0164 0.0563 0.0297
