1 0.8422 0.5141 0.0406 0.0250
1 0.8313 0.3703 0.0406 0.0312
1 0.7688 0.2750 0.0281 0.0406
1 0.7922 0.5656 0.0375 0.0500
1 0.7531 0.7234 0.0500 0.0375
1 0.7344 0.5867 0.0437 0.0297
1 0.7242 0.5391 0.0453 0.0375
1 0.7141 0.4938 0.0469 0.0375
1 0.6953 0.4562 0.0437 0.0406
1 0.0125 0.1320 0.0219 0.0547
1 0.6969 0.3484 0.0500 0.0281
1 0.7000 0.3125 0.0406 0.0281
1 0.7063 0.2766 0.0375 0.0312
1 0.6734 0.1859 0.0312 0.0406
1 0.6398 0.1766 0.0297 0.0531
1 0.5969 0.2578 0.0312 0.0437
1 0.5891 0.3250 0.0281 0.0437
1 0.5437 0.3125 0.0312 0.0375
1 0.4203 0.1641 0.0531 0.0344
1 0.4000 0.2594 0.0344 0.0469
1 0.3133 0.2391 0.0328 0.0437
1 0.2703 0.2219 0.0344 0.0437
1 0.2250 0.2313 0.0344 0.0500
1 0.1922 0.2547 0.0437 0.0375
