1 0.5133 0.8422 0.0266 0.0406
1 0.3703 0.8313 0.0312 0.0406
1 0.2750 0.7688 0.0406 0.0281
1 0.5656 0.7922 0.0500 0.0375
1 0.7234 0.7531 0.0375 0.0500
1 0.5867 0.7344 0.0297 0.0437
1 0.5391 0.7242 0.0375 0.0453
1 0.4938 0.7141 0.0375 0.0469
1 0.4562 0.6953 0.0406 0.0437
1 0.1320 0.0117 0.0547 0.0234
1 0.3484 0.6969 0.0281 0.0500
1 0.3125 0.7000 0.0281 0.0406
1 0.2766 0.7063 0.0312 0.0375
1 0.1859 0.6734 0.0406 0.0312
1 0.1766 0.6398 0.0531 0.0297
1 0.2578 0.5969 0.0437 0.0312
1 0.3250 0.5891 0.0437 0.0281
1 0.3125 0.5437 0.0375 0.0312
1 0.1641 0.4203 0.0344 0.0531
1 0.2594 0.4000 0.0469 0.0344
1 0.2391 0.3133 0.0437 0.0328
1 0.2219 0.2703 0.0437 0.0344
1 0.2313 0.2250 0.0500 0.0344
1 0.2547 0.1922 0.0375 0.0437
