1 0.2891 0.1320 0.0344 0.0547
1 0.4094 0.2125 0.0344 0.0406
1 0.4437 0.2531 0.0375 0.0406
1 0.5000 0.6680 0.0344 0.0578
1 0.4453 0.6578 0.0469 0.0406
1 0.0234 0.2219 0.0344 0.0437
1 0.0688 0.2313 0.0344 0.0500
1 0.1031 0.2547 0.0437 0.0375
1 0.3375 0.3656 0.0406 0.0437
1 0.3844 0.4391 0.0469 0.0375
1 0.4188 0.4742 0.0406 0.0391
1 0.4313 0.5141 0.0500 0.0375
1 0.4227 0.5578 0.0453 0.0375
1 0.4289 0.6062 0.0578 0.0375
1 0.5797 0.6578 0.0437 0.0563
1 0.6594 0.6852 0.0688 0.0453
1 0.6922 0.3656 0.0875 0.0906
1 0.9563 0.2328 0.0750 0.0938
