1 0.4781 0.8984 0.0500 0.0437
1 0.1039 0.7203 0.0703 0.0844
1 0.0148 0.5281 0.0297 0.0500
1 0.2109 0.4750 0.0437 0.0437
1 0.3812 0.5750 0.0437 0.0469
1 0.4375 0.0109 0.0469 0.0219
1 0.9578 0.5070 0.0844 0.0953
1 0.4641 0.1461 0.0375 0.0422
1 0.5602 0.1828 0.0828 0.0906
1 0.9031 0.1031 0.0750 0.0875
1 0.7320 0.0578 0.0734 0.0750
1 0.8664 0.3141 0.0703 0.0969
1 0.7812 0.3391 0.0750 0.0844
1 0.6969 0.3539 0.0656 0.0797
1 0.6125 0.3828 0.0656 0.0781
1 0.5453 0.4664 0.0406 0.0453
1 0.5828 0.6031 0.0750 0.0719
1 0.5984 0.8672 0.0656 0.0594
1 0.0359 0.8859 0.0719 0.0719
