1 0.8984 0.4785 0.0437 0.0508
1 0.7203 0.1039 0.0844 0.0703
1 0.5270 0.0148 0.0508 0.0297
1 0.4750 0.2109 0.0437 0.0437
1 0.5750 0.3801 0.0469 0.0445
1 0.0109 0.4379 0.0219 0.0477
1 0.5070 0.9566 0.0953 0.0852
1 0.1461 0.4645 0.0422 0.0383
1 0.1824 0.5602 0.0898 0.0828
1 0.1027 0.9035 0.0867 0.0758
1 0.0578 0.7320 0.0750 0.0734
1 0.3129 0.8664 0.0977 0.0703
1 0.3387 0.7812 0.0836 0.0750
1 0.3539 0.6969 0.0797 0.0656
1 0.3832 0.6121 0.0789 0.0648
1 0.4664 0.5449 0.0453 0.0398
1 0.6027 0.5824 0.0711 0.0742
1 0.8672 0.5984 0.0594 0.0656
1 0.8855 0.0355 0.0711 0.0711
