1 0.9617 0.8344 0.0453 0.0406
1 0.7004 0.7742 0.0383 0.0328
1 0.6594 0.7398 0.0406 0.0422
1 0.8613 0.5117 0.0570 0.0453
1 0.9031 0.4711 0.0469 0.0547
1 0.5555 0.7055 0.0297 0.0453
1 0.4621 0.5051 0.0398 0.0508
1 0.5691 0.5012 0.0477 0.0523
1 0.6273 0.4926 0.0453 0.0602
1 0.7582 0.3949 0.0570 0.0430
1 0.8016 0.3516 0.0469 0.0406
1 0.8715 0.2488 0.0523 0.0477
1 0.9789 0.2832 0.0422 0.0445
1 0.9734 0.3703 0.0469 0.0437
1 0.8645 0.1824 0.0477 0.0430
1 0.9105 0.1371 0.0523 0.0461
1 0.0094 0.4305 0.0187 0.0516
