1 0.0234 0.4766 0.0469 0.0437
1 0.0273 0.5379 0.0547 0.0508
1 0.0234 0.8387 0.0469 0.0492
1 0.0234 0.9281 0.0469 0.0469
1 0.1047 0.4254 0.0656 0.0445
1 0.2793 0.4324 0.0617 0.0461
1 0.4309 0.4797 0.0617 0.0437
1 0.5926 0.4703 0.0477 0.0375
1 0.4293 0.6445 0.0586 0.0391
1 0.4258 0.7484 0.0641 0.0437
1 0.2715 0.7594 0.0617 0.0500
1 0.2711 0.9609 0.0672 0.0500
1 0.6930 0.7680 0.0484 0.0328
1 0.6793 0.5164 0.0523 0.0359
1 0.6797 0.5586 0.0437 0.0328
1 0.6793 0.6000 0.0430 0.0344
1 0.7320 0.4273 0.0328 0.0422
1 0.8320 0.4578 0.0422 0.0375
1 0.8246 0.5363 0.0398 0.0383
1 0.8246 0.6109 0.0398 0.0344
1 0.9125 0.6617 0.0531 0.0641
1 0.8363 0.8855 0.0539 0.0367
1 0.8277 0.9336 0.0523 0.0391
1 0.8344 0.9852 0.0531 0.0297
1 0.9934 0.9395 0.0117 0.0508
