1 0.0258 0.4273 0.0328 0.0422
1 0.1242 0.4578 0.0422 0.0375
1 0.1184 0.5363 0.0398 0.0383
1 0.1184 0.6109 0.0398 0.0344
1 0.2062 0.6617 0.0531 0.0641
1 0.1285 0.8855 0.0539 0.0367
1 0.1199 0.9336 0.0523 0.0391
1 0.1273 0.9852 0.0516 0.0297
1 0.2984 0.9395 0.0344 0.0508
1 0.4156 0.9719 0.0781 0.0563
1 0.4211 0.5477 0.0609 0.0484
1 0.4121 0.4641 0.0836 0.0781
1 0.5680 0.5469 0.0672 0.0500
1 0.3848 0.2852 0.0383 0.0359
1 0.7734 0.4656 0.0250 0.0312
1 0.7152 0.8137 0.0586 0.0711
1 0.7949 0.8066 0.0523 0.0727
