1 0.0234 0.5234 0.0469 0.0437
1 0.0273 0.4625 0.0547 0.0500
1 0.0234 0.1625 0.0469 0.0500
1 0.0234 0.0719 0.0469 0.0469
1 0.1047 0.5750 0.0656 0.0437
1 0.2797 0.5672 0.0625 0.0469
1 0.4313 0.5203 0.0625 0.0437
1 0.5938 0.5297 0.0469 0.0375
1 0.4297 0.3570 0.0594 0.0391
1 0.4258 0.2531 0.0641 0.0437
1 0.2719 0.2406 0.0625 0.0500
1 0.2711 0.0406 0.0672 0.0500
1 0.6930 0.2320 0.0484 0.0328
1 0.6797 0.4836 0.0531 0.0359
1 0.6797 0.4414 0.0437 0.0328
1 0.6797 0.4000 0.0437 0.0344
1 0.7320 0.5742 0.0328 0.0422
1 0.8320 0.5437 0.0422 0.0375
1 0.8250 0.4641 0.0406 0.0375
1 0.8250 0.3891 0.0406 0.0344
1 0.9125 0.3398 0.0531 0.0641
1 0.8359 0.1156 0.0531 0.0375
1 0.8281 0.0664 0.0531 0.0391
1 0.8344 0.0148 0.0531 0.0297
1 0.9938 0.0609 0.0125 0.0500
