1 0.0234 0.1324 0.0469 0.0492
1 0.0234 0.2203 0.0469 0.0469
1 0.0234 0.3445 0.0469 0.0484
1 0.0234 0.5242 0.0469 0.0484
1 0.0203 0.4066 0.0406 0.0477
1 0.0254 0.6484 0.0477 0.0500
1 0.4258 0.0406 0.0641 0.0437
1 0.2715 0.0531 0.0617 0.0500
1 0.2711 0.2547 0.0672 0.0500
1 0.2762 0.3090 0.0617 0.0523
1 0.2766 0.3668 0.0625 0.0492
1 0.6930 0.0617 0.0484 0.0328
1 0.8363 0.1777 0.0539 0.0367
1 0.8277 0.2273 0.0523 0.0391
1 0.8355 0.2848 0.0523 0.0383
1 0.6875 0.3223 0.0469 0.0320
1 0.9934 0.2332 0.0117 0.0508
1 0.4203 0.4238 0.0656 0.0508
1 0.2773 0.4199 0.0672 0.0492
1 0.2613 0.4773 0.0633 0.0516
1 0.2805 0.5910 0.0703 0.0570
1 0.2863 0.6539 0.0633 0.0516
1 0.5941 0.5625 0.0383 0.0563
1 0.6844 0.4309 0.0469 0.0367
1 0.8273 0.4504 0.0609 0.0445
1 0.8516 0.5516 0.0563 0.0500
1 0.2859 0.8500 0.0437 0.0531
1 0.6590 0.8934 0.0523 0.0430
