1 0.0141 0.0586 0.0281 0.0859
1 0.0891 0.2047 0.0781 0.0844
1 0.1844 0.1625 0.0813 0.1000
1 0.2750 0.1156 0.0813 0.1000
1 0.0734 0.0250 0.0813 0.0500
1 0.9836 0.1906 0.0328 0.0625
1 0.9234 0.2000 0.0500 0.0594
1 0.6984 0.1500 0.0469 0.0594
1 0.5859 0.0516 0.0437 0.0500
1 0.5398 0.0148 0.0453 0.0297
1 0.3656 0.0711 0.0844 0.1078
1 0.8406 0.2797 0.0375 0.0437
1 0.6078 0.3281 0.0500 0.0625
1 0.8391 0.4516 0.0375 0.0312
1 0.6898 0.5070 0.0797 0.0922
1 0.6016 0.5547 0.0781 0.0938
1 0.5125 0.6531 0.0312 0.0406
1 0.4078 0.6219 0.0781 0.0938
1 0.3375 0.6016 0.0531 0.0719
1 0.3047 0.5469 0.0563 0.0500
1 0.3000 0.4758 0.0938 0.0859
1 0.3937 0.4352 0.0531 0.0797
