1 0.0141 0.7656 0.0281 0.0875
1 0.0891 0.9125 0.0781 0.0844
1 0.1844 0.8688 0.0813 0.1000
1 0.2750 0.8219 0.0813 0.1000
1 0.0734 0.7078 0.0813 0.1000
1 0.1672 0.6672 0.0844 0.0969
1 0.2680 0.6094 0.0766 0.0813
1 0.1539 0.0352 0.1016 0.0672
1 0.4078 0.0250 0.0563 0.0437
1 0.4461 0.1047 0.0547 0.0469
1 0.6281 0.0367 0.0844 0.0703
1 0.9516 0.0453 0.0563 0.0531
1 0.9836 0.8977 0.0328 0.0609
1 0.9234 0.9078 0.0500 0.0594
1 0.6984 0.8578 0.0469 0.0594
1 0.5859 0.7578 0.0437 0.0500
1 0.5406 0.7086 0.0469 0.0547
1 0.3656 0.7773 0.0844 0.1078
1 0.8406 0.9828 0.0375 0.0344
