1 0.0449 0.3629 0.0305 0.0477
1 0.0898 0.3477 0.0328 0.0453
1 0.1367 0.3301 0.0297 0.0445
1 0.3160 0.2531 0.0414 0.0469
1 0.4027 0.2133 0.0430 0.0516
1 0.8617 0.0934 0.0391 0.0492
1 0.6164 0.1820 0.0422 0.0359
1 0.4941 0.3250 0.0445 0.0344
1 0.1141 0.6348 0.0406 0.0383
1 0.0109 0.5246 0.0219 0.0367
1 0.2051 0.5992 0.0508 0.0391
1 0.5699 0.4500 0.0430 0.0375
1 0.6727 0.3187 0.0453 0.0375
1 0.6512 0.2703 0.0461 0.0375
1 0.6324 0.2277 0.0398 0.0336
1 0.7605 0.0863 0.0398 0.0383
1 0.8137 0.2305 0.0430 0.0328
1 0.8320 0.2770 0.0422 0.0352
1 0.8523 0.3258 0.0391 0.0297
1 0.8727 0.3734 0.0391 0.0344
