1 0.9730 0.0352 0.0523 0.0703
1 0.9801 0.2832 0.0383 0.0664
1 0.9219 0.3129 0.0656 0.0664
1 0.8258 0.5410 0.1203 0.1039
1 0.2938 0.7418 0.0750 0.0648
1 0.5711 0.8187 0.0703 0.0938
1 0.4906 0.8406 0.0656 0.0750
1 0.3090 0.9113 0.0836 0.0945
1 0.2324 0.9363 0.0523 0.0633
1 0.7121 0.9430 0.1336 0.1109
1 0.1445 0.9738 0.0672 0.0477
1 0.9746 0.0352 0.0492 0.0703
1 0.9191 0.3094 0.0633 0.0688
1 0.9777 0.2824 0.0430 0.0711
1 0.8258 0.5410 0.1172 0.1039
1 0.2957 0.7398 0.0727 0.0672
1 0.2320 0.9355 0.0547 0.0711
1 0.3105 0.9109 0.0836 0.0938
1 0.4898 0.8375 0.0609 0.0688
1 0.5719 0.8168 0.0688 0.0930
1 0.7137 0.9414 0.1336 0.1141
1 0.1441 0.9727 0.0633 0.0516
