1 0.9406 0.0430 0.1156 0.0859
1 0.3820 0.0172 0.0703 0.0344
1 0.2770 0.0352 0.0727 0.0703
1 0.6742 0.1324 0.0703 0.0711
1 0.5387 0.1883 0.0617 0.0703
1 0.4199 0.2258 0.0617 0.0797
1 0.3480 0.2566 0.0742 0.0695
1 0.2848 0.2832 0.0602 0.0664
1 0.2156 0.3129 0.0656 0.0664
1 0.1180 0.5410 0.1203 0.1039
1 0.0359 0.9430 0.0719 0.1109
1 0.3797 0.0164 0.0625 0.0328
1 0.2766 0.0352 0.0656 0.0703
1 0.2129 0.3094 0.0633 0.0688
1 0.2820 0.2824 0.0641 0.0711
1 0.3465 0.2555 0.0648 0.0703
1 0.4176 0.2285 0.0633 0.0789
1 0.5387 0.1879 0.0617 0.0695
1 0.6727 0.1316 0.0641 0.0727
1 0.9406 0.0445 0.1156 0.0891
1 0.1195 0.5410 0.1172 0.1039
1 0.0367 0.9398 0.0734 0.1141
