1 0.2031 0.9672 0.1094 0.0656
1 0.3047 0.9344 0.0938 0.1094
1 0.3703 0.8781 0.0594 0.0594
1 0.2000 0.7391 0.1062 0.0938
1 0.8063 0.9695 0.1156 0.0609
1 0.7625 0.8891 0.1094 0.1031
1 0.4359 0.3969 0.1031 0.0938
1 0.7219 0.7000 0.0781 0.0625
1 0.9234 0.6195 0.0906 0.0797
1 0.7055 0.2687 0.0609 0.0531
1 0.7031 0.2195 0.0719 0.0422
1 0.7016 0.1750 0.0531 0.0437
1 0.6875 0.0906 0.0625 0.0437
1 0.6906 0.0516 0.0719 0.0437
1 0.8406 0.1578 0.0656 0.0437
1 0.8344 0.1133 0.0656 0.0453
1 0.9078 0.5117 0.0969 0.0828
1 0.8969 0.4195 0.0938 0.0828
