1 0.1945 0.2824 0.0797 0.0648
1 0.6215 0.3203 0.1117 0.1156
1 0.8883 0.2848 0.1203 0.1195
1 0.6086 0.4535 0.1297 0.1164
1 0.1801 0.4504 0.0633 0.0633
1 0.2328 0.5387 0.0625 0.0617
1 0.1848 0.6180 0.0664 0.0641
1 0.1816 0.7082 0.0664 0.0602
1 0.1629 0.8141 0.0977 0.0844
1 0.1840 0.9070 0.0680 0.0609
1 0.6105 0.5871 0.1023 0.1117
1 0.8848 0.6547 0.1133 0.1094
1 0.6281 0.7129 0.0625 0.0633
1 0.6109 0.8492 0.1281 0.1172
1 0.8867 0.8164 0.1297 0.1234
1 0.6098 0.9648 0.1195 0.0703
1 0.8727 0.9602 0.1047 0.0797
1 0.1879 0.9781 0.0570 0.0437
