1 0.9844 0.1812 0.0312 0.0656
1 0.8938 0.1625 0.0844 0.0969
1 0.8008 0.1844 0.0609 0.0688
1 0.9812 0.6281 0.0375 0.0625
1 0.8570 0.6109 0.1172 0.1281
1 0.8914 0.8867 0.1234 0.1297
1 0.7234 0.6109 0.1094 0.1187
1 0.7312 0.8727 0.1094 0.1047
1 0.6516 0.4641 0.1031 0.0938
1 0.5797 0.3250 0.0688 0.0625
1 0.7227 0.1891 0.0578 0.0563
1 0.6125 0.1703 0.0875 0.1031
1 0.4781 0.1039 0.0688 0.0578
1 0.4828 0.0242 0.0625 0.0484
1 0.5859 0.8891 0.1062 0.1125
1 0.4531 0.8922 0.1187 0.1250
1 0.4586 0.6164 0.1109 0.1203
1 0.3234 0.6281 0.1156 0.1250
1 0.3828 0.1625 0.0625 0.0594
1 0.2961 0.1359 0.0641 0.0625
1 0.1078 0.0336 0.1156 0.0672
