1 0.7172 0.1945 0.0656 0.0797
1 0.6797 0.6219 0.1156 0.1125
1 0.7156 0.8883 0.1187 0.1203
1 0.5469 0.6086 0.1156 0.1297
1 0.5500 0.1812 0.0625 0.0625
1 0.4625 0.2328 0.0625 0.0625
1 0.3836 0.1844 0.0641 0.0656
1 0.2922 0.1812 0.0594 0.0656
1 0.1875 0.1625 0.0844 0.0969
1 0.0945 0.1844 0.0609 0.0688
1 0.4141 0.6109 0.1125 0.1031
1 0.3453 0.8844 0.1094 0.1125
1 0.2875 0.6281 0.0625 0.0625
1 0.1508 0.6109 0.1172 0.1281
1 0.1836 0.8867 0.1234 0.1297
1 0.0352 0.6109 0.0703 0.1187
1 0.0398 0.8727 0.0797 0.1047
1 0.0219 0.1891 0.0437 0.0563
