1 0.8070 0.7172 0.0797 0.0656
1 0.3797 0.6797 0.1125 0.1156
1 0.1133 0.7148 0.1203 0.1203
1 0.3930 0.5469 0.1297 0.1156
1 0.8203 0.5500 0.0625 0.0625
1 0.7672 0.4625 0.0625 0.0625
1 0.8156 0.3836 0.0656 0.0641
1 0.8187 0.2922 0.0656 0.0594
1 0.8375 0.1875 0.0969 0.0844
1 0.8156 0.0945 0.0688 0.0609
1 0.3906 0.4141 0.1031 0.1125
1 0.1156 0.3453 0.1125 0.1094
1 0.3719 0.2875 0.0625 0.0625
1 0.3891 0.1508 0.1281 0.1172
1 0.1148 0.1836 0.1297 0.1234
1 0.3906 0.0352 0.1187 0.0703
1 0.1289 0.0398 0.1047 0.0797
1 0.8117 0.0219 0.0578 0.0437
