1 0.1348 0.4516 0.1133 0.1406
1 0.2504 0.4086 0.0977 0.1266
1 0.6227 0.4949 0.0734 0.0586
1 0.6672 0.4043 0.0969 0.0836
1 0.7004 0.3047 0.0727 0.0594
1 0.7566 0.2219 0.0789 0.0656
1 0.8531 0.1660 0.0844 0.0664
1 0.9457 0.2309 0.0633 0.0617
1 0.9742 0.3641 0.0516 0.0563
1 0.6887 0.6613 0.0961 0.1070
1 0.8148 0.8125 0.1203 0.1000
1 0.8254 0.6836 0.0695 0.0578
1 0.3824 0.6117 0.0711 0.0547
1 0.3355 0.7117 0.0711 0.0578
1 0.2738 0.8164 0.1039 0.0984
1 0.2359 0.9148 0.0719 0.0609
1 0.4730 0.4254 0.0617 0.0508
1 0.8676 0.5930 0.0758 0.0547
1 0.4980 0.7910 0.1148 0.0977
