1 0.8656 0.4516 0.1125 0.1406
1 0.7500 0.4086 0.0969 0.1266
1 0.3789 0.4953 0.0734 0.0594
1 0.3328 0.4047 0.0969 0.0844
1 0.3008 0.3047 0.0734 0.0594
1 0.2437 0.2219 0.0781 0.0656
1 0.1484 0.1664 0.0844 0.0672
1 0.0547 0.2313 0.0625 0.0625
1 0.0258 0.3641 0.0516 0.0563
1 0.3125 0.6625 0.0969 0.1062
1 0.1867 0.8125 0.1203 0.1000
1 0.1742 0.6836 0.0703 0.0578
1 0.6172 0.6117 0.0719 0.0547
1 0.6641 0.7117 0.0719 0.0578
1 0.7273 0.8164 0.1047 0.0984
1 0.7656 0.9148 0.0719 0.0609
1 0.5266 0.4266 0.0625 0.0500
1 0.1336 0.5930 0.0766 0.0547
1 0.5016 0.7922 0.1156 0.0969
