1 0.0703 0.1406 0.0531 0.0656
1 0.1125 0.2523 0.0469 0.0359
1 0.1602 0.5133 0.0453 0.0328
1 0.1641 0.4734 0.0563 0.0375
1 0.1703 0.4234 0.0563 0.0375
1 0.1688 0.3734 0.0531 0.0375
1 0.2680 0.6086 0.0547 0.0359
1 0.2844 0.5703 0.0594 0.0375
1 0.2984 0.4969 0.0531 0.0375
1 0.3125 0.4570 0.0563 0.0391
1 0.3531 0.3828 0.0437 0.0312
1 0.3047 0.3484 0.0469 0.0344
1 0.3070 0.3141 0.0453 0.0312
1 0.3063 0.2750 0.0406 0.0344
1 0.3359 0.1867 0.0344 0.0391
1 0.3688 0.1844 0.0312 0.0531
1 0.3961 0.2109 0.0297 0.0406
1 0.4062 0.1234 0.0531 0.0375
1 0.4141 0.3305 0.0312 0.0359
1 0.4648 0.3180 0.0328 0.0422
1 0.5742 0.2766 0.0297 0.0375
1 0.6078 0.2578 0.0312 0.0469
1 0.6398 0.2344 0.0391 0.0375
1 0.6766 0.1672 0.0625 0.0375
1 0.7172 0.1109 0.0406 0.0563
1 0.7391 0.2266 0.0344 0.0469
1 0.7734 0.2313 0.0344 0.0500
1 0.8438 0.2500 0.0344 0.0437
1 0.8789 0.2625 0.0359 0.0500
1 0.9055 0.0141 0.0484 0.0250
1 0.9227 0.1203 0.0328 0.0437
1 0.9922 0.1297 0.0156 0.0437
1 0.9711 0.3063 0.0359 0.0437
1 0.9922 0.3234 0.0156 0.0375
