1 0.8297 0.6625 0.0531 0.0531
1 0.9125 0.6984 0.0656 0.0594
1 0.9070 0.8984 0.0609 0.0469
1 0.9078 0.9719 0.0750 0.0563
1 0.4977 0.5891 0.0609 0.0437
1 0.3758 0.4844 0.0547 0.0469
1 0.6477 0.6477 0.0641 0.0453
1 0.4984 0.6484 0.0656 0.0469
1 0.4961 0.7109 0.0547 0.0469
1 0.4953 0.8953 0.0656 0.0437
1 0.6531 0.9469 0.0500 0.0469
1 0.6492 0.9922 0.0578 0.0156
1 0.4938 0.9563 0.0594 0.0437
1 0.4906 0.9930 0.0594 0.0141
1 0.0969 0.5961 0.0500 0.0422
1 0.0781 0.7023 0.0531 0.0422
1 0.2437 0.7109 0.0563 0.0406
1 0.0859 0.8133 0.0500 0.0422
1 0.2437 0.8781 0.0563 0.0375
1 0.2406 0.9313 0.0594 0.0344
1 0.0813 0.9180 0.0594 0.0391
1 0.0797 0.9711 0.0531 0.0359
1 0.8586 0.3531 0.0484 0.0437
1 0.2562 0.1422 0.0375 0.0312
