1 0.0891 0.0105 0.0656 0.0211
1 0.0930 0.1922 0.0609 0.0469
1 0.0922 0.2660 0.0750 0.0602
1 0.0914 0.5629 0.0641 0.0539
1 0.0965 0.6867 0.0617 0.0484
1 0.0984 0.7488 0.0563 0.0477
1 0.0961 0.8082 0.0609 0.0477
1 0.5039 0.0133 0.0547 0.0266
1 0.5051 0.1887 0.0664 0.0430
1 0.3465 0.2410 0.0492 0.0477
1 0.3523 0.3004 0.0578 0.0445
1 0.5066 0.2496 0.0602 0.0430
1 0.5098 0.3027 0.0602 0.0461
1 0.5047 0.3902 0.0500 0.0523
1 0.4984 0.4523 0.0594 0.0422
1 0.4980 0.5137 0.0648 0.0430
1 0.4918 0.5754 0.0617 0.0445
1 0.5008 0.6973 0.0609 0.0477
1 0.5043 0.7602 0.0617 0.0484
1 0.3563 0.5137 0.0656 0.0430
1 0.3523 0.5777 0.0641 0.0461
1 0.3555 0.6371 0.0703 0.0430
1 0.3555 0.7602 0.0672 0.0453
1 0.9234 0.0078 0.0531 0.0156
1 0.7562 0.0117 0.0563 0.0234
1 0.9141 0.1070 0.0500 0.0422
1 0.7566 0.1723 0.0570 0.0383
1 0.7598 0.2238 0.0602 0.0352
1 0.9184 0.2102 0.0586 0.0391
1 0.9207 0.2648 0.0539 0.0359
1 0.9125 0.3656 0.0531 0.0563
1 0.9094 0.5926 0.0531 0.0477
1 0.9109 0.6500 0.0500 0.0375
1 0.7609 0.6473 0.0469 0.0508
1 0.6770 0.7703 0.0383 0.0656
1 0.8902 0.8141 0.0430 0.0500
