1 0.0156 0.6406 0.0312 0.0750
1 0.0367 0.5613 0.0734 0.0758
1 0.0344 0.3484 0.0688 0.0813
1 0.0109 0.1148 0.0219 0.0891
1 0.0910 0.1555 0.0727 0.0953
1 0.2770 0.2246 0.0820 0.0930
1 0.3676 0.2000 0.0883 0.0938
1 0.3508 0.4051 0.0453 0.0602
1 0.4289 0.3785 0.0797 0.0883
1 0.2570 0.5238 0.0797 0.0727
1 0.1820 0.6750 0.0484 0.0469
1 0.6977 0.0855 0.0516 0.0617
1 0.6227 0.1117 0.0703 0.0828
1 0.5359 0.1383 0.0750 0.0797
1 0.6992 0.2848 0.0766 0.0852
1 0.7852 0.2555 0.0766 0.0859
1 0.8793 0.2246 0.0711 0.0773
1 0.5906 0.3211 0.0750 0.0891
1 0.7648 0.5145 0.0859 0.0758
1 0.7887 0.6020 0.0961 0.0789
1 0.1027 0.8520 0.0773 0.0758
