1 0.1805 0.9883 0.0891 0.0234
1 0.1398 0.9094 0.0953 0.0719
1 0.0688 0.7234 0.0938 0.0813
1 0.0953 0.6336 0.0938 0.0891
1 0.3469 0.8094 0.0938 0.0750
1 0.3703 0.4766 0.0625 0.0500
1 0.4875 0.5078 0.0469 0.0500
1 0.4961 0.3297 0.0422 0.0625
1 0.5430 0.3500 0.0453 0.0594
1 0.5953 0.3656 0.0500 0.0625
1 0.6297 0.1453 0.0813 0.1000
1 0.5453 0.1141 0.0719 0.0938
1 0.4688 0.0859 0.0781 0.0906
1 0.3602 0.1187 0.0891 0.1031
1 0.2078 0.3039 0.0625 0.0516
1 0.1836 0.3789 0.0828 0.0703
1 0.1555 0.4641 0.0797 0.0750
1 0.0266 0.3008 0.0531 0.0766
1 0.0406 0.2148 0.0813 0.0766
1 0.0703 0.1219 0.0781 0.0719
