1 0.6438 0.9492 0.0437 0.0484
1 0.5945 0.9336 0.0422 0.0484
1 0.5453 0.9180 0.0437 0.0453
1 0.4437 0.8891 0.0469 0.0469
1 0.6984 0.8422 0.0875 0.0813
1 0.6375 0.7031 0.0563 0.0406
1 0.5977 0.6359 0.0953 0.0813
1 0.4641 0.4844 0.0500 0.0563
1 0.4000 0.5133 0.0469 0.0484
1 0.3594 0.3117 0.0750 0.0984
1 0.4391 0.2641 0.0750 0.0875
1 0.6516 0.2602 0.0813 0.0703
1 0.7234 0.4195 0.1000 0.0703
1 0.7641 0.4961 0.0844 0.0672
1 0.7984 0.5766 0.0906 0.0750
1 0.8250 0.6453 0.0594 0.0625
1 0.9281 0.7344 0.0750 0.0781
1 0.9641 0.6266 0.0719 0.0719
1 0.9680 0.4930 0.0641 0.0672
1 0.8867 0.3055 0.0891 0.0672
1 0.8461 0.2031 0.0953 0.0719
1 0.7758 0.0289 0.0922 0.0578
1 0.4766 0.0391 0.0719 0.0750
1 0.3250 0.1133 0.0469 0.0484
1 0.1484 0.1906 0.0750 0.0781
1 0.1922 0.3906 0.0719 0.0844
1 0.2344 0.5703 0.0344 0.0406
