1 0.0172 0.1156 0.0312 0.0656
1 0.0141 0.7547 0.0281 0.0375
1 0.0133 0.8109 0.0266 0.0312
1 0.0102 0.8719 0.0203 0.0406
1 0.3016 0.0578 0.0594 0.0625
1 0.2984 0.1203 0.0563 0.0563
1 0.3000 0.1828 0.0625 0.0531
1 0.3000 0.3875 0.0625 0.0563
1 0.3023 0.4477 0.0578 0.0578
1 0.3000 0.5062 0.0625 0.0563
1 0.3031 0.6430 0.0563 0.0516
1 0.3094 0.7156 0.0563 0.0500
1 0.4813 0.7219 0.0656 0.0531
1 0.4813 0.6625 0.0531 0.0563
1 0.4758 0.5141 0.0609 0.0531
1 0.4766 0.4492 0.0594 0.0547
1 0.5000 0.3844 0.0531 0.0594
1 0.5062 0.2391 0.0594 0.0594
1 0.6711 0.3656 0.0547 0.0656
1 0.4742 0.1141 0.0578 0.0563
1 0.4750 0.0531 0.0563 0.0500
1 0.9750 0.1141 0.0500 0.0531
1 0.9719 0.2078 0.0563 0.0625
1 0.9750 0.4578 0.0500 0.0563
1 0.9766 0.6008 0.0469 0.0547
1 0.9805 0.8180 0.0391 0.0422
