1 0.1152 0.0172 0.0648 0.0312
1 0.7535 0.0141 0.0383 0.0281
1 0.8109 0.0133 0.0312 0.0266
1 0.8715 0.0102 0.0398 0.0203
1 0.0578 0.3004 0.0625 0.0602
1 0.1191 0.2984 0.0570 0.0563
1 0.1816 0.2996 0.0539 0.0617
1 0.3871 0.2996 0.0555 0.0617
1 0.4477 0.3023 0.0578 0.0578
1 0.5062 0.3000 0.0563 0.0625
1 0.6430 0.3020 0.0516 0.0570
1 0.7156 0.3098 0.0500 0.0570
1 0.7207 0.4809 0.0539 0.0648
1 0.6621 0.4801 0.0555 0.0539
1 0.5137 0.4758 0.0523 0.0609
1 0.4492 0.4762 0.0547 0.0586
1 0.3840 0.5000 0.0586 0.0531
1 0.2387 0.5066 0.0586 0.0602
1 0.3656 0.6711 0.0656 0.0547
1 0.1129 0.4742 0.0570 0.0578
1 0.0531 0.4750 0.0500 0.0563
1 0.1145 0.9746 0.0539 0.0492
1 0.2074 0.9719 0.0617 0.0563
1 0.4566 0.9746 0.0570 0.0492
1 0.6008 0.9754 0.0547 0.0477
1 0.8168 0.9805 0.0430 0.0391
