1 0.8844 0.9844 0.0656 0.0312
1 0.2469 0.9859 0.0375 0.0281
1 0.1891 0.9867 0.0312 0.0266
1 0.1281 0.9898 0.0406 0.0203
1 0.9437 0.7000 0.0625 0.0594
1 0.8812 0.7016 0.0563 0.0563
1 0.8187 0.7016 0.0531 0.0625
1 0.6141 0.7000 0.0563 0.0625
1 0.5523 0.6977 0.0578 0.0578
1 0.4938 0.7016 0.0563 0.0625
1 0.3586 0.6984 0.0516 0.0563
1 0.2859 0.6906 0.0500 0.0563
1 0.2797 0.5203 0.0531 0.0656
1 0.3391 0.5203 0.0563 0.0531
1 0.4875 0.5258 0.0531 0.0609
1 0.5523 0.5250 0.0547 0.0594
1 0.6156 0.5016 0.0594 0.0531
1 0.7625 0.4938 0.0594 0.0594
1 0.6344 0.3305 0.0656 0.0547
1 0.8875 0.5273 0.0563 0.0578
1 0.9484 0.5266 0.0500 0.0563
1 0.8859 0.0250 0.0531 0.0500
1 0.7922 0.0281 0.0625 0.0563
1 0.5437 0.0250 0.0563 0.0500
1 0.4008 0.0250 0.0547 0.0469
1 0.1828 0.0195 0.0437 0.0391
