1 0.0219 0.6586 0.0437 0.0672
1 0.1156 0.3961 0.0563 0.0516
1 0.2812 0.4000 0.0437 0.0406
1 0.1898 0.7969 0.0578 0.0656
1 0.1406 0.6531 0.0500 0.0688
1 0.2078 0.6539 0.0563 0.0641
1 0.2266 0.5594 0.0656 0.0469
1 0.2672 0.7953 0.0500 0.0656
1 0.3656 0.8000 0.0563 0.0656
1 0.4555 0.6555 0.0516 0.0672
1 0.4945 0.7977 0.0578 0.0734
1 0.5617 0.7992 0.0609 0.0672
1 0.5266 0.5992 0.0500 0.0672
1 0.5062 0.3875 0.0625 0.0688
1 0.6047 0.6594 0.0531 0.0688
1 0.6813 0.6539 0.0469 0.0703
1 0.6859 0.3937 0.0531 0.0594
1 0.8391 0.3859 0.0469 0.0594
1 0.7484 0.6531 0.0563 0.0688
1 0.8156 0.6594 0.0531 0.0656
1 0.6859 0.8031 0.0531 0.0594
1 0.7477 0.8102 0.0516 0.0641
1 0.8078 0.8031 0.0531 0.0656
