1 0.0895 0.1898 0.0664 0.0578
1 0.0891 0.2672 0.0656 0.0500
1 0.0938 0.3660 0.0656 0.0570
1 0.0914 0.4945 0.0734 0.0578
1 0.0914 0.5617 0.0672 0.0609
1 0.5773 0.0094 0.0609 0.0187
1 0.5090 0.0637 0.0648 0.0492
1 0.5047 0.1277 0.0625 0.0523
1 0.3461 0.1195 0.0703 0.0484
1 0.3449 0.2371 0.0555 0.0523
1 0.5090 0.2496 0.0648 0.0461
1 0.5008 0.4523 0.0609 0.0484
1 0.3551 0.4500 0.0727 0.0531
1 0.3539 0.5129 0.0703 0.0508
1 0.3527 0.5742 0.0648 0.0516
1 0.3551 0.6367 0.0664 0.0484
1 0.3516 0.6949 0.0688 0.0461
1 0.4906 0.5758 0.0594 0.0516
1 0.5020 0.6949 0.0695 0.0492
1 0.7551 0.0133 0.0570 0.0266
1 0.6848 0.0699 0.0477 0.0461
1 0.7562 0.4207 0.0563 0.0570
1 0.7602 0.4766 0.0547 0.0531
1 0.7641 0.5355 0.0563 0.0523
1 0.7578 0.6441 0.0563 0.0570
1 0.0953 0.6855 0.0594 0.0523
1 0.1035 0.7477 0.0633 0.0516
1 0.0953 0.8074 0.0656 0.0523
1 0.3500 0.7562 0.0656 0.0469
1 0.3637 0.8187 0.0680 0.0594
1 0.4980 0.8137 0.0648 0.0523
1 0.6227 0.9512 0.0578 0.0648
1 0.7789 0.8191 0.0516 0.0539
1 0.9012 0.8285 0.0492 0.0508
