1 0.9781 0.3414 0.0437 0.0672
1 0.8859 0.6055 0.0563 0.0516
1 0.7203 0.6000 0.0437 0.0406
1 0.8102 0.2047 0.0578 0.0656
1 0.8609 0.3484 0.0500 0.0688
1 0.7922 0.3477 0.0563 0.0641
1 0.7750 0.4406 0.0656 0.0469
1 0.7344 0.2047 0.0500 0.0656
1 0.6344 0.2016 0.0563 0.0656
1 0.5461 0.3461 0.0516 0.0672
1 0.5070 0.2023 0.0578 0.0734
1 0.4398 0.2023 0.0609 0.0672
1 0.4734 0.4023 0.0500 0.0672
1 0.4953 0.6141 0.0625 0.0688
1 0.3953 0.3422 0.0531 0.0688
1 0.3187 0.3461 0.0469 0.0703
1 0.3141 0.6078 0.0531 0.0594
1 0.1609 0.6141 0.0469 0.0594
1 0.2516 0.3469 0.0563 0.0688
1 0.1859 0.3422 0.0531 0.0656
1 0.3141 0.1984 0.0531 0.0594
1 0.2523 0.1906 0.0516 0.0625
1 0.1922 0.1984 0.0531 0.0656
