1 0.9109 0.1898 0.0656 0.0578
1 0.9125 0.2672 0.0656 0.0500
1 0.9078 0.3656 0.0656 0.0563
1 0.9102 0.4945 0.0734 0.0578
1 0.9086 0.5617 0.0672 0.0609
1 0.4227 0.0094 0.0609 0.0187
1 0.4922 0.0641 0.0656 0.0500
1 0.4953 0.1281 0.0625 0.0531
1 0.6539 0.1195 0.0703 0.0484
1 0.6562 0.2375 0.0563 0.0531
1 0.4922 0.2500 0.0656 0.0469
1 0.4992 0.4523 0.0609 0.0484
1 0.6453 0.4500 0.0719 0.0531
1 0.6461 0.5141 0.0703 0.0500
1 0.6484 0.5742 0.0656 0.0516
1 0.6453 0.6367 0.0656 0.0484
1 0.6484 0.6953 0.0688 0.0469
1 0.5094 0.5758 0.0594 0.0516
1 0.4984 0.6953 0.0688 0.0500
1 0.2453 0.0133 0.0563 0.0266
1 0.3156 0.0703 0.0469 0.0469
1 0.2437 0.4203 0.0563 0.0563
1 0.2414 0.4766 0.0547 0.0531
1 0.2375 0.5359 0.0563 0.0531
1 0.2422 0.6438 0.0563 0.0563
1 0.9047 0.6859 0.0594 0.0531
1 0.8969 0.7477 0.0625 0.0516
1 0.9047 0.8078 0.0656 0.0531
1 0.6500 0.7562 0.0656 0.0469
1 0.6375 0.8187 0.0688 0.0594
1 0.5031 0.8141 0.0656 0.0531
1 0.3773 0.9516 0.0578 0.0656
1 0.2211 0.8187 0.0516 0.0531
1 0.1000 0.8281 0.0500 0.0500
