1 0.2328 0.8187 0.0281 0.0344
1 0.3945 0.8328 0.0359 0.0469
1 0.4500 0.8313 0.0312 0.0406
1 0.4984 0.8305 0.0344 0.0422
1 0.6070 0.8242 0.0484 0.0516
1 0.6625 0.8125 0.0469 0.0563
1 0.6008 0.6836 0.0484 0.0516
1 0.4828 0.6922 0.0281 0.0437
1 0.1055 0.5953 0.0328 0.0437
1 0.6461 0.4016 0.0453 0.0469
1 0.6008 0.1859 0.0672 0.0437
1 0.4258 0.4234 0.0516 0.0500
1 0.4828 0.4219 0.0406 0.0563
1 0.4766 0.2781 0.0563 0.0625
1 0.0398 0.4297 0.0422 0.0563
1 0.0938 0.4328 0.0469 0.0531
1 0.0117 0.2656 0.0234 0.0625
1 0.0500 0.2703 0.0437 0.0625
1 0.0234 0.0266 0.0469 0.0531
1 0.0820 0.0273 0.0453 0.0547
1 0.1328 0.0266 0.0469 0.0531
1 0.2234 0.0211 0.0531 0.0422
1 0.2844 0.0203 0.0531 0.0375
1 0.3422 0.0219 0.0500 0.0437
1 0.4047 0.0203 0.0563 0.0375
1 0.5273 0.0219 0.0578 0.0437
1 0.5891 0.0250 0.0563 0.0469
