1 0.6609 0.9156 0.0625 0.0531
1 0.9391 0.8187 0.0281 0.0344
1 0.8133 0.5953 0.0328 0.0437
1 0.6758 0.6781 0.0359 0.0406
1 0.4594 0.8313 0.0312 0.0375
1 0.5359 0.8234 0.0344 0.0406
1 0.5734 0.8359 0.0344 0.0375
1 0.5578 0.6727 0.0344 0.0422
1 0.5984 0.6766 0.0344 0.0406
1 0.3133 0.1375 0.0484 0.0563
1 0.6813 0.5203 0.0500 0.0531
1 0.4281 0.4164 0.0500 0.0578
1 0.5344 0.4352 0.0469 0.0547
1 0.6438 0.4273 0.0437 0.0516
1 0.7461 0.4297 0.0422 0.0563
1 0.8016 0.4328 0.0469 0.0531
1 0.5398 0.2664 0.0453 0.0641
1 0.7070 0.2656 0.0453 0.0625
1 0.7578 0.2703 0.0437 0.0625
1 0.4195 0.0250 0.0484 0.0469
1 0.4797 0.0234 0.0469 0.0437
1 0.5391 0.0219 0.0594 0.0437
1 0.7266 0.0266 0.0563 0.0531
1 0.7883 0.0273 0.0453 0.0547
1 0.8391 0.0266 0.0469 0.0531
1 0.9297 0.0211 0.0531 0.0422
1 0.9828 0.0203 0.0344 0.0375
