1 0.3391 0.0844 0.0625 0.0531
1 0.0609 0.1812 0.0281 0.0344
1 0.1883 0.4062 0.0328 0.0437
1 0.3242 0.3219 0.0359 0.0406
1 0.5422 0.1688 0.0312 0.0375
1 0.4641 0.1781 0.0344 0.0406
1 0.4281 0.1656 0.0344 0.0375
1 0.4437 0.3273 0.0344 0.0422
1 0.4031 0.3234 0.0344 0.0406
1 0.6867 0.8633 0.0484 0.0578
1 0.3203 0.4797 0.0500 0.0531
1 0.5734 0.5852 0.0500 0.0578
1 0.4656 0.5664 0.0469 0.0547
1 0.3578 0.5727 0.0437 0.0516
1 0.2539 0.5719 0.0422 0.0563
1 0.2000 0.5687 0.0469 0.0531
1 0.4617 0.7336 0.0453 0.0641
1 0.2930 0.7359 0.0453 0.0625
1 0.2437 0.7312 0.0437 0.0625
1 0.5820 0.9750 0.0484 0.0469
1 0.5203 0.9781 0.0469 0.0437
1 0.4625 0.9781 0.0594 0.0437
1 0.2750 0.9734 0.0563 0.0531
1 0.2117 0.9727 0.0453 0.0547
1 0.1609 0.9734 0.0469 0.0531
1 0.0703 0.9789 0.0531 0.0422
1 0.0187 0.9805 0.0344 0.0391
