1 0.8187 0.2324 0.0344 0.0273
1 0.8328 0.3945 0.0469 0.0359
1 0.8313 0.4496 0.0406 0.0305
1 0.8305 0.4984 0.0422 0.0344
1 0.8242 0.6070 0.0516 0.0484
1 0.8125 0.6625 0.0563 0.0469
1 0.6836 0.6008 0.0516 0.0484
1 0.6918 0.4824 0.0430 0.0273
1 0.5953 0.1055 0.0437 0.0328
1 0.4016 0.6461 0.0469 0.0453
1 0.1848 0.6008 0.0445 0.0672
1 0.4234 0.4258 0.0500 0.0516
1 0.4207 0.4828 0.0570 0.0406
1 0.2781 0.4762 0.0625 0.0555
1 0.4285 0.0398 0.0570 0.0422
1 0.4324 0.0941 0.0523 0.0477
1 0.2652 0.0117 0.0617 0.0234
1 0.2703 0.0496 0.0625 0.0430
1 0.0266 0.0234 0.0531 0.0469
1 0.0273 0.0820 0.0547 0.0453
1 0.0266 0.1332 0.0531 0.0477
1 0.0211 0.2234 0.0422 0.0531
1 0.0187 0.2836 0.0375 0.0516
1 0.0215 0.3422 0.0430 0.0500
1 0.0187 0.4047 0.0375 0.0563
1 0.0219 0.5273 0.0437 0.0578
1 0.0234 0.5883 0.0469 0.0547
