1 0.9637 0.3051 0.0711 0.1195
1 0.6156 0.0375 0.0656 0.0656
1 0.4289 0.0281 0.0828 0.0563
1 0.3719 0.1059 0.0688 0.0523
1 0.6344 0.1602 0.1250 0.1141
1 0.5797 0.2859 0.1281 0.1094
1 0.7941 0.3809 0.1289 0.1148
1 0.7633 0.5117 0.1266 0.1047
1 0.5367 0.3953 0.0703 0.0625
1 0.4871 0.4887 0.1211 0.1148
1 0.4809 0.6156 0.1367 0.1156
1 0.4234 0.7965 0.1437 0.1461
1 0.3426 0.2129 0.1195 0.1070
1 0.2496 0.4000 0.1305 0.1156
1 0.0957 0.3250 0.0883 0.0656
1 0.0523 0.4180 0.0734 0.0641
1 0.2094 0.4879 0.0844 0.0633
1 0.1750 0.5973 0.1437 0.1195
1 0.1246 0.7125 0.1305 0.1125
1 0.0250 0.4969 0.0500 0.1094
