1 0.6258 0.0516 0.0641 0.0656
1 0.7051 0.0680 0.0633 0.0766
1 0.6809 0.3277 0.0961 0.1055
1 0.5863 0.3227 0.0664 0.0734
1 0.8336 0.3391 0.1141 0.1094
1 0.2840 0.3844 0.0992 0.1031
1 0.2289 0.4805 0.0578 0.0578
1 0.1246 0.5164 0.1086 0.1078
1 0.1125 0.7578 0.0625 0.0719
1 0.2129 0.8066 0.0695 0.0602
1 0.2629 0.8852 0.0695 0.0703
1 0.3250 0.9402 0.0469 0.0555
1 0.4125 0.9344 0.0656 0.0625
1 0.4910 0.9449 0.0633 0.0711
1 0.5746 0.9434 0.0648 0.0648
1 0.8086 0.9598 0.0641 0.0695
1 0.7277 0.9535 0.0555 0.0695
1 0.6578 0.6617 0.0781 0.0641
1 0.5703 0.5531 0.0625 0.0656
1 0.8313 0.7816 0.0563 0.0633
