1 0.6258 0.9484 0.0641 0.0656
1 0.7063 0.9320 0.0625 0.0766
1 0.6813 0.6734 0.0969 0.1062
1 0.5859 0.6773 0.0656 0.0734
1 0.8336 0.6609 0.1141 0.1094
1 0.2844 0.6156 0.1000 0.1031
1 0.2289 0.5211 0.0578 0.0578
1 0.1250 0.4852 0.1094 0.1078
1 0.1125 0.2437 0.0625 0.0719
1 0.2125 0.1938 0.0688 0.0594
1 0.2625 0.1164 0.0688 0.0703
1 0.3250 0.0609 0.0469 0.0563
1 0.4125 0.0672 0.0656 0.0625
1 0.4922 0.0547 0.0625 0.0719
1 0.5750 0.0563 0.0656 0.0656
1 0.8086 0.0406 0.0641 0.0688
1 0.7281 0.0469 0.0563 0.0688
1 0.6578 0.3383 0.0781 0.0641
1 0.5703 0.4469 0.0625 0.0656
1 0.8313 0.2188 0.0563 0.0625
