1 0.8383 0.9313 0.0391 0.0344
1 0.8520 0.9859 0.0477 0.0281
1 0.9609 0.8297 0.0437 0.0312
1 0.9242 0.7828 0.0422 0.0344
1 0.8648 0.5039 0.0453 0.0484
1 0.8738 0.0836 0.0570 0.0422
1 0.8973 0.0301 0.0570 0.0414
1 0.9105 0.1387 0.0586 0.0523
1 0.8637 0.1824 0.0617 0.0430
1 0.8273 0.2973 0.0578 0.0539
1 0.7562 0.3875 0.0500 0.0437
1 0.7133 0.4359 0.0547 0.0406
1 0.6828 0.4836 0.0469 0.0516
1 0.6262 0.4879 0.0430 0.0477
1 0.5691 0.4977 0.0383 0.0547
1 0.5133 0.4980 0.0422 0.0430
1 0.4547 0.5387 0.0500 0.0555
1 0.4023 0.5031 0.0484 0.0500
1 0.0102 0.4164 0.0203 0.0453
