1 0.8383 0.9313 0.0391 0.0344
1 0.8531 0.9859 0.0469 0.0281
1 0.9609 0.8297 0.0437 0.0312
1 0.9242 0.7828 0.0422 0.0344
1 0.8648 0.5039 0.0453 0.0484
1 0.8750 0.0836 0.0563 0.0422
1 0.8984 0.0297 0.0563 0.0406
1 0.9109 0.1391 0.0594 0.0531
1 0.8641 0.1828 0.0625 0.0437
1 0.8273 0.2984 0.0578 0.0531
1 0.7562 0.3875 0.0500 0.0437
1 0.7133 0.4359 0.0547 0.0406
1 0.6828 0.4836 0.0469 0.0516
1 0.6266 0.4891 0.0437 0.0469
1 0.5703 0.4977 0.0375 0.0547
1 0.5133 0.4984 0.0422 0.0437
1 0.4547 0.5391 0.0500 0.0563
1 0.4023 0.5031 0.0484 0.0500
1 0.0102 0.4164 0.0203 0.0453
