1 0.0703 0.1617 0.0344 0.0391
1 0.0141 0.1484 0.0281 0.0469
1 0.1719 0.0406 0.0312 0.0437
1 0.2188 0.0773 0.0344 0.0422
1 0.4977 0.1367 0.0484 0.0453
1 0.9164 0.1266 0.0422 0.0563
1 0.9703 0.1031 0.0406 0.0563
1 0.8625 0.0906 0.0531 0.0594
1 0.8187 0.1375 0.0437 0.0625
1 0.7031 0.1727 0.0531 0.0578
1 0.6125 0.2453 0.0437 0.0500
1 0.5641 0.2867 0.0406 0.0547
1 0.5164 0.3187 0.0516 0.0469
1 0.5125 0.3734 0.0469 0.0437
1 0.5023 0.4313 0.0547 0.0375
1 0.5016 0.4867 0.0437 0.0422
1 0.4625 0.5469 0.0563 0.0500
1 0.4969 0.5992 0.0500 0.0484
1 0.5836 0.9898 0.0453 0.0203
