1 0.9355 0.6770 0.0867 0.0914
1 0.8527 0.6543 0.0273 0.0367
1 0.8613 0.6168 0.0195 0.0211
1 0.8848 0.5969 0.0227 0.0250
1 0.8613 0.5891 0.0227 0.0250
1 0.8324 0.5734 0.0305 0.0375
1 0.8105 0.6082 0.0305 0.0383
1 0.7270 0.4871 0.0195 0.0211
1 0.7066 0.5051 0.0227 0.0258
1 0.7324 0.5059 0.0242 0.0273
1 0.7180 0.5379 0.0203 0.0227
1 0.6922 0.5352 0.0250 0.0328
1 0.6414 0.4754 0.0422 0.0508
1 0.6000 0.4430 0.0344 0.0359
1 0.5465 0.4383 0.0242 0.0266
1 0.5258 0.3844 0.0297 0.0375
1 0.4988 0.3852 0.0227 0.0297
1 0.4973 0.3586 0.0227 0.0297
1 0.4770 0.3969 0.0227 0.0250
1 0.4348 0.3598 0.0414 0.0477
1 0.2926 0.2641 0.0414 0.0531
1 0.2074 0.2270 0.0742 0.0914
