1 0.7039 0.8641 0.0891 0.0938
1 0.6062 0.9250 0.0875 0.0875
1 0.5164 0.9672 0.0797 0.0656
1 0.7828 0.4016 0.0906 0.0906
1 0.5687 0.4867 0.0406 0.0484
1 0.4266 0.5750 0.0406 0.0500
1 0.4008 0.4188 0.0422 0.0469
1 0.6781 0.2297 0.0906 0.0875
1 0.6547 0.1469 0.0375 0.0281
1 0.6172 0.1547 0.0219 0.0187
1 0.5969 0.1797 0.0250 0.0219
1 0.5891 0.1547 0.0250 0.0219
1 0.5734 0.1250 0.0375 0.0312
1 0.6078 0.1031 0.0375 0.0312
1 0.4875 0.0203 0.0219 0.0187
1 0.5062 0.0063 0.0250 0.0125
1 0.5062 0.0266 0.0281 0.0250
1 0.5375 0.0117 0.0219 0.0203
