1 0.0641 0.3234 0.0875 0.0906
1 0.1469 0.3469 0.0281 0.0375
1 0.1391 0.3828 0.0187 0.0219
1 0.1156 0.4047 0.0219 0.0250
1 0.1391 0.4125 0.0219 0.0250
1 0.1688 0.4266 0.0312 0.0375
1 0.1906 0.3922 0.0312 0.0375
1 0.2734 0.5125 0.0187 0.0219
1 0.2938 0.4953 0.0219 0.0250
1 0.2672 0.4938 0.0250 0.0281
1 0.2836 0.4625 0.0203 0.0219
1 0.3078 0.4664 0.0250 0.0328
1 0.3602 0.5250 0.0422 0.0500
1 0.4000 0.5586 0.0344 0.0359
1 0.4531 0.5617 0.0250 0.0266
1 0.4758 0.6156 0.0297 0.0375
1 0.5016 0.6164 0.0219 0.0297
1 0.5031 0.6430 0.0219 0.0297
1 0.5234 0.6047 0.0219 0.0250
1 0.5656 0.6406 0.0406 0.0469
1 0.7078 0.7359 0.0406 0.0531
1 0.7937 0.7734 0.0750 0.0906
