1 0.7711 0.4266 0.0484 0.0531
1 0.8344 0.4375 0.0437 0.0594
1 0.8938 0.4602 0.0469 0.0609
1 0.9539 0.4984 0.0453 0.0594
1 0.9703 0.3141 0.0469 0.0500
1 0.8953 0.2828 0.0656 0.0500
1 0.9109 0.2156 0.0594 0.0469
1 0.9375 0.1594 0.0563 0.0469
1 0.6828 0.9727 0.0500 0.0484
1 0.7453 0.8594 0.0437 0.0625
1 0.8156 0.8359 0.0625 0.0750
1 0.8750 0.7180 0.0656 0.0484
1 0.8234 0.6703 0.0594 0.0563
1 0.5133 0.8359 0.0578 0.0469
1 0.5266 0.7734 0.0563 0.0375
1 0.5367 0.6078 0.0484 0.0469
1 0.3750 0.5961 0.0625 0.0578
1 0.0906 0.7344 0.0656 0.0625
1 0.1766 0.5953 0.0500 0.0344
1 0.2203 0.5312 0.0656 0.0469
1 0.2562 0.4625 0.0719 0.0500
