1 0.3547 0.0672 0.0875 0.1062
1 0.2750 0.8266 0.0688 0.0813
1 0.5078 0.1437 0.0281 0.0344
1 0.4773 0.1062 0.0391 0.0312
1 0.4617 0.0633 0.0391 0.0359
1 0.9367 0.4266 0.0484 0.0531
1 0.8734 0.4375 0.0437 0.0594
1 0.8141 0.4602 0.0469 0.0609
1 0.7539 0.4984 0.0453 0.0594
1 0.6578 0.4344 0.0531 0.0500
1 0.6344 0.3625 0.0781 0.0531
1 0.6844 0.3258 0.0625 0.0484
1 0.7375 0.3141 0.0469 0.0500
1 0.8125 0.2828 0.0656 0.0500
1 0.7969 0.2156 0.0594 0.0469
1 0.7688 0.1594 0.0563 0.0469
1 0.9625 0.8594 0.0437 0.0625
1 0.8922 0.8359 0.0625 0.0750
1 0.8328 0.7180 0.0656 0.0484
1 0.8844 0.6703 0.0594 0.0563
