1 0.1703 0.2094 0.0844 0.0875
1 0.3547 0.7734 0.0875 0.1062
1 0.5078 0.8500 0.0281 0.0344
1 0.4773 0.8125 0.0391 0.0312
1 0.4617 0.7695 0.0391 0.0359
1 0.3672 0.5469 0.0312 0.0375
1 0.3984 0.4789 0.0406 0.0297
1 0.4250 0.5219 0.0312 0.0375
1 0.3773 0.4078 0.0922 0.0844
1 0.4031 0.3367 0.0750 0.0547
1 0.4531 0.2984 0.0469 0.0563
1 0.3281 0.1102 0.0938 0.0828
1 0.6750 0.6062 0.0656 0.0563
1 0.6375 0.5352 0.0656 0.0516
1 0.6016 0.4688 0.0625 0.0531
1 0.5719 0.3922 0.0844 0.0750
1 0.5859 0.0805 0.0844 0.0797
1 0.9000 0.6195 0.0500 0.0484
1 0.9484 0.5805 0.0563 0.0484
1 0.9844 0.5391 0.0312 0.0469
1 0.9672 0.4500 0.0656 0.0813
1 0.9328 0.3570 0.1062 0.0797
1 0.8812 0.2703 0.1062 0.0813
1 0.8375 0.1797 0.0969 0.0813
1 0.7953 0.0859 0.0938 0.0750
1 0.9742 0.0742 0.0516 0.0828
1 0.7336 0.0180 0.0922 0.0359
1 0.8109 0.9812 0.0656 0.0375
1 0.7969 0.9219 0.0594 0.0469
1 0.7688 0.8656 0.0563 0.0469
