1 0.2098 0.1707 0.0883 0.0852
1 0.7734 0.3543 0.1062 0.0867
1 0.8500 0.5082 0.0344 0.0289
1 0.8121 0.4773 0.0305 0.0391
1 0.7695 0.4617 0.0359 0.0391
1 0.5457 0.3668 0.0383 0.0305
1 0.4789 0.3980 0.0297 0.0398
1 0.5215 0.4254 0.0367 0.0320
1 0.4066 0.3773 0.0852 0.0922
1 0.3367 0.4031 0.0547 0.0750
1 0.2988 0.4531 0.0570 0.0469
1 0.1102 0.3277 0.0828 0.0930
1 0.6066 0.6750 0.0570 0.0656
1 0.5352 0.6375 0.0516 0.0656
1 0.4684 0.6016 0.0523 0.0625
1 0.3910 0.5715 0.0758 0.0836
1 0.0805 0.5855 0.0797 0.0836
1 0.6195 0.9000 0.0484 0.0500
1 0.5801 0.9480 0.0477 0.0555
1 0.5391 0.9844 0.0469 0.0312
1 0.4500 0.9672 0.0813 0.0656
1 0.3570 0.9328 0.0797 0.1062
1 0.2703 0.8812 0.0813 0.1062
1 0.1797 0.8375 0.0813 0.0969
1 0.0848 0.7941 0.0758 0.0945
1 0.0742 0.9742 0.0828 0.0516
1 0.0180 0.7336 0.0359 0.0922
1 0.9812 0.8109 0.0375 0.0656
1 0.9215 0.7973 0.0461 0.0602
1 0.8656 0.7684 0.0469 0.0555
