1 0.6453 0.9344 0.0875 0.1062
1 0.7250 0.1750 0.0688 0.0813
1 0.4922 0.8562 0.0281 0.0344
1 0.5227 0.8953 0.0391 0.0312
1 0.5398 0.9383 0.0391 0.0359
1 0.0648 0.5734 0.0484 0.0531
1 0.1266 0.5641 0.0437 0.0594
1 0.1859 0.5414 0.0469 0.0609
1 0.2477 0.5016 0.0453 0.0594
1 0.3422 0.5672 0.0531 0.0500
1 0.3656 0.6391 0.0781 0.0531
1 0.3172 0.6758 0.0625 0.0484
1 0.2641 0.6859 0.0469 0.0500
1 0.1891 0.7188 0.0656 0.0500
1 0.2031 0.7852 0.0594 0.0453
1 0.2313 0.8406 0.0563 0.0469
1 0.0391 0.1422 0.0437 0.0625
1 0.1094 0.1641 0.0625 0.0750
1 0.1688 0.2820 0.0656 0.0484
1 0.1156 0.3297 0.0594 0.0563
