1 0.8777 0.8852 0.0648 0.0453
1 0.8387 0.8555 0.0430 0.0391
1 0.8098 0.8023 0.0570 0.0359
1 0.7777 0.7613 0.0617 0.0414
1 0.7309 0.7301 0.0430 0.0477
1 0.6930 0.6969 0.0453 0.0563
1 0.6535 0.6535 0.0477 0.0570
1 0.5973 0.6375 0.0414 0.0563
1 0.5414 0.6316 0.0453 0.0477
1 0.4719 0.6219 0.0437 0.0594
1 0.7422 0.5883 0.0531 0.0453
1 0.4000 0.4578 0.0500 0.0500
1 0.4641 0.4652 0.0469 0.0555
1 0.5156 0.4473 0.0469 0.0477
1 0.5777 0.4516 0.0461 0.0500
1 0.6402 0.4480 0.0430 0.0461
1 0.7043 0.4227 0.0523 0.0641
1 0.7543 0.3832 0.0398 0.0477
1 0.9270 0.4133 0.0445 0.0578
1 0.9613 0.3637 0.0477 0.0461
1 0.8074 0.2730 0.0523 0.0367
1 0.8324 0.2160 0.0617 0.0477
