1 0.1309 0.9898 0.0492 0.0203
1 0.2531 0.8141 0.0500 0.0344
1 0.2320 0.7734 0.0484 0.0312
1 0.2238 0.7281 0.0477 0.0344
1 0.2430 0.6879 0.0516 0.0320
1 0.2301 0.6379 0.0477 0.0383
1 0.1145 0.6094 0.0445 0.0312
1 0.2617 0.6031 0.0547 0.0344
1 0.2730 0.5664 0.0555 0.0297
1 0.2730 0.5277 0.0461 0.0430
1 0.2973 0.4941 0.0383 0.0383
1 0.3180 0.4566 0.0484 0.0320
1 0.3289 0.4094 0.0422 0.0281
1 0.3828 0.3477 0.0344 0.0484
1 0.4242 0.3289 0.0359 0.0422
1 0.4562 0.3066 0.0375 0.0445
1 0.4941 0.2898 0.0289 0.0453
1 0.5414 0.2781 0.0297 0.0469
1 0.5875 0.2676 0.0312 0.0445
1 0.6781 0.2609 0.0312 0.0437
1 0.7227 0.2504 0.0297 0.0414
1 0.6391 0.2004 0.0406 0.0383
1 0.3695 0.1668 0.0297 0.0398
1 0.3449 0.3000 0.0273 0.0469
1 0.3117 0.2992 0.0297 0.0422
1 0.2781 0.2945 0.0281 0.0422
1 0.2441 0.2895 0.0258 0.0414
1 0.2043 0.2945 0.0305 0.0359
1 0.1895 0.3258 0.0445 0.0297
1 0.1785 0.3617 0.0383 0.0266
1 0.2066 0.3926 0.0352 0.0320
1 0.2570 0.4008 0.0391 0.0266
