1 0.8852 0.8781 0.0453 0.0656
1 0.8555 0.8391 0.0391 0.0437
1 0.8023 0.8094 0.0359 0.0563
1 0.7625 0.7773 0.0406 0.0609
1 0.7297 0.7312 0.0469 0.0437
1 0.6969 0.6930 0.0563 0.0453
1 0.6531 0.6547 0.0563 0.0469
1 0.6375 0.5984 0.0563 0.0406
1 0.6328 0.5414 0.0469 0.0453
1 0.6219 0.4719 0.0594 0.0437
1 0.5883 0.7422 0.0453 0.0531
1 0.4578 0.4000 0.0500 0.0500
1 0.4656 0.4641 0.0563 0.0469
1 0.4469 0.5156 0.0469 0.0469
1 0.4516 0.5781 0.0500 0.0469
1 0.4484 0.6406 0.0469 0.0437
1 0.4227 0.7047 0.0641 0.0531
1 0.3828 0.7547 0.0469 0.0406
1 0.4133 0.9273 0.0578 0.0453
1 0.3641 0.9609 0.0469 0.0469
1 0.2734 0.8078 0.0375 0.0531
1 0.2156 0.8328 0.0469 0.0625
