1 0.3203 0.7016 0.0437 0.0531
1 0.3719 0.6891 0.0469 0.0531
1 0.4297 0.7016 0.0469 0.0531
1 0.4953 0.6891 0.0437 0.0531
1 0.5656 0.6969 0.0469 0.0563
1 0.6375 0.6906 0.0844 0.0875
1 0.7078 0.6953 0.0437 0.0531
1 0.7750 0.6813 0.0719 0.0813
1 0.8703 0.2891 0.0500 0.0312
1 0.8516 0.3359 0.0469 0.0312
1 0.8297 0.3789 0.0437 0.0359
1 0.7867 0.4094 0.0359 0.0437
1 0.3406 0.5828 0.0531 0.0312
1 0.3547 0.5437 0.0437 0.0344
1 0.3312 0.5000 0.0437 0.0312
1 0.3937 0.4313 0.0406 0.0437
1 0.4437 0.4219 0.0375 0.0437
1 0.4875 0.4250 0.0344 0.0437
1 0.5297 0.4203 0.0312 0.0344
1 0.6375 0.3344 0.0375 0.0344
1 0.6016 0.3633 0.0406 0.0328
1 0.5625 0.3844 0.0375 0.0406
1 0.7484 0.1062 0.0500 0.0344
1 0.7695 0.0672 0.0484 0.0312
1 0.7766 0.0219 0.0469 0.0344
