1 0.3996 0.1727 0.0586 0.0422
1 0.4082 0.2320 0.0539 0.0453
1 0.3934 0.3828 0.0586 0.0437
1 0.3922 0.4449 0.0625 0.0492
1 0.5672 0.4090 0.0344 0.0430
1 0.4031 0.6312 0.0625 0.0437
1 0.4008 0.6918 0.0578 0.0430
1 0.3996 0.7676 0.0617 0.0445
1 0.4035 0.8438 0.0602 0.0437
1 0.5672 0.5754 0.0531 0.0664
1 0.5641 0.7867 0.0656 0.0797
1 0.6633 0.6836 0.0641 0.0484
1 0.6598 0.7535 0.0633 0.0539
1 0.6547 0.0824 0.0656 0.0555
1 0.8008 0.0109 0.0672 0.0219
1 0.8125 0.3711 0.0563 0.0453
1 0.8047 0.5648 0.0656 0.0516
1 0.8949 0.6582 0.0492 0.0664
1 0.8938 0.7965 0.0531 0.0648
1 0.1672 0.9570 0.0656 0.0422
