1 0.8578 0.1102 0.0500 0.0516
1 0.9430 0.3039 0.0516 0.0578
1 0.8836 0.2984 0.0547 0.0625
1 0.7602 0.3016 0.0609 0.0656
1 0.6813 0.3000 0.0531 0.0625
1 0.6219 0.3016 0.0531 0.0656
1 0.5586 0.3000 0.0516 0.0625
1 0.8781 0.4711 0.0563 0.0609
1 0.8187 0.4766 0.0531 0.0625
1 0.6859 0.4750 0.0531 0.0563
1 0.6188 0.4781 0.0531 0.0625
1 0.5586 0.4719 0.0609 0.0594
1 0.9141 0.9719 0.0531 0.0563
1 0.8203 0.9711 0.0563 0.0578
1 0.6516 0.7523 0.0563 0.0547
1 0.7609 0.9719 0.0563 0.0563
1 0.6828 0.9703 0.0531 0.0594
1 0.6219 0.9727 0.0563 0.0547
1 0.5563 0.9695 0.0625 0.0609
1 0.4938 0.9688 0.0563 0.0625
1 0.4289 0.9711 0.0609 0.0578
1 0.3531 0.9711 0.0531 0.0578
1 0.2930 0.9719 0.0547 0.0563
