1 0.8500 0.1102 0.0500 0.0516
1 0.4570 0.0102 0.0297 0.0203
1 0.4375 0.3000 0.0500 0.0594
1 0.5578 0.3031 0.0563 0.0656
1 0.7648 0.3039 0.0516 0.0578
1 0.8242 0.2984 0.0547 0.0625
1 0.9477 0.3016 0.0609 0.0656
1 0.4883 0.4766 0.0547 0.0563
1 0.6188 0.5008 0.0531 0.0609
1 0.8297 0.4719 0.0563 0.0594
1 0.8875 0.4766 0.0531 0.0625
1 0.0305 0.9781 0.0297 0.0437
1 0.1234 0.9742 0.0563 0.0516
1 0.1820 0.9742 0.0547 0.0516
1 0.2727 0.9750 0.0516 0.0500
1 0.3359 0.9766 0.0531 0.0469
1 0.4008 0.9758 0.0547 0.0484
1 0.4781 0.9711 0.0531 0.0578
1 0.5422 0.9734 0.0563 0.0531
1 0.6047 0.9688 0.0531 0.0625
1 0.7937 0.9719 0.0531 0.0563
1 0.8859 0.9711 0.0563 0.0578
1 0.9469 0.9719 0.0563 0.0563
