1 0.9129 0.2687 0.0539 0.0625
1 0.8203 0.2699 0.0563 0.0680
1 0.6520 0.0445 0.0570 0.0547
1 0.7609 0.2699 0.0563 0.0680
1 0.6816 0.2687 0.0539 0.0688
1 0.6215 0.2719 0.0555 0.0656
1 0.5574 0.2703 0.0617 0.0719
1 0.4941 0.2664 0.0570 0.0703
1 0.4301 0.2707 0.0602 0.0695
1 0.3527 0.2684 0.0523 0.0648
1 0.2930 0.2672 0.0547 0.0625
1 0.9004 0.4828 0.0602 0.0813
1 0.7977 0.4914 0.0922 0.0922
1 0.6941 0.5012 0.0539 0.0617
1 0.6297 0.5000 0.0531 0.0656
1 0.5637 0.5031 0.0555 0.0625
1 0.4789 0.4934 0.0547 0.0555
1 0.4141 0.4953 0.0563 0.0625
1 0.3520 0.5016 0.0602 0.0625
1 0.2918 0.4977 0.0523 0.0547
