1 0.1266 0.0422 0.1250 0.0844
1 0.8633 0.0719 0.0672 0.0844
1 0.5437 0.0484 0.0688 0.0719
1 0.5684 0.3176 0.0992 0.1289
1 0.4203 0.1738 0.1250 0.1164
1 0.4047 0.3098 0.1125 0.1258
1 0.2844 0.3793 0.1000 0.1148
1 0.6758 0.5586 0.0703 0.0766
1 0.5180 0.5570 0.0703 0.0766
1 0.8277 0.7809 0.0523 0.0648
1 0.6652 0.7629 0.0617 0.0852
1 0.5836 0.7609 0.0703 0.0813
1 0.5082 0.7625 0.0570 0.0625
1 0.6461 0.9484 0.0734 0.0844
1 0.1238 0.5074 0.1039 0.1305
1 0.0297 0.5039 0.0594 0.0859
1 0.0164 0.7547 0.0328 0.0688
1 0.0355 0.9730 0.0711 0.0523
