1 0.8234 0.2844 0.0906 0.0813
1 0.8789 0.4500 0.1016 0.0844
1 0.9117 0.5336 0.0859 0.0797
1 0.6344 0.4047 0.0594 0.0531
1 0.6461 0.4539 0.0578 0.0453
1 0.6891 0.5602 0.0563 0.0453
1 0.6250 0.5891 0.0500 0.0500
1 0.4891 0.5156 0.0563 0.0469
1 0.5062 0.5656 0.0563 0.0437
1 0.5219 0.6242 0.0469 0.0516
1 0.8539 0.7273 0.0547 0.0609
1 0.8734 0.9313 0.0750 0.0844
1 0.7797 0.7695 0.0500 0.0516
1 0.6984 0.7977 0.0500 0.0547
1 0.7820 0.9609 0.0797 0.0781
1 0.7023 0.9750 0.0797 0.0500
1 0.6148 0.8094 0.0859 0.1031
1 0.5328 0.8469 0.0563 0.0656
1 0.4453 0.8734 0.0875 0.0969
1 0.3578 0.9156 0.0563 0.0656
1 0.2844 0.9352 0.0813 0.0859
1 0.0117 0.8242 0.0234 0.0891
1 0.7406 0.4758 0.0500 0.0609
1 0.0117 0.8227 0.0234 0.0859
1 0.3609 0.9125 0.0437 0.0531
1 0.4469 0.8719 0.0781 0.0938
1 0.7438 0.4750 0.0469 0.0594
1 0.6977 0.7992 0.0422 0.0547
1 0.7820 0.7703 0.0422 0.0500
1 0.8531 0.7281 0.0469 0.0563
1 0.7828 0.9625 0.0719 0.0750
1 0.6992 0.9758 0.0703 0.0484
1 0.8758 0.9359 0.0703 0.0781
1 0.8797 0.4531 0.0938 0.0750
1 0.9133 0.5359 0.0828 0.0719
1 0.8250 0.2875 0.0844 0.0719
1 0.4945 0.5172 0.0547 0.0437
1 0.5078 0.5672 0.0531 0.0375
1 0.5234 0.6266 0.0437 0.0469
1 0.6266 0.5922 0.0437 0.0469
1 0.6906 0.5609 0.0469 0.0437
1 0.6492 0.4562 0.0516 0.0406
1 0.6336 0.4078 0.0516 0.0437
1 0.6203 0.8141 0.0781 0.0969
1 0.5297 0.8484 0.0437 0.0594
1 0.2828 0.9344 0.0719 0.0844
1 0.7453 0.4758 0.0375 0.0547
