1 0.9750 0.2273 0.0500 0.0859
1 0.6090 0.0578 0.0836 0.1031
1 0.6949 0.1180 0.0711 0.0891
1 0.3461 0.1727 0.0766 0.0734
1 0.5000 0.2434 0.0750 0.0961
1 0.5828 0.2762 0.0656 0.0773
1 0.5449 0.4820 0.0523 0.0453
1 0.4535 0.6590 0.0602 0.0398
1 0.4293 0.7625 0.0430 0.0344
1 0.7715 0.4727 0.0930 0.0859
1 0.7297 0.5598 0.0875 0.0758
1 0.6520 0.7281 0.0883 0.0750
1 0.6094 0.8250 0.0625 0.0469
1 0.5730 0.8879 0.0836 0.0758
1 0.9812 0.9242 0.0375 0.0797
1 0.9234 0.6078 0.0844 0.0750
1 0.9117 0.7023 0.0922 0.0734
1 0.8078 0.8410 0.0531 0.0383
1 0.3477 0.1734 0.0703 0.0688
1 0.6102 0.0617 0.0797 0.1016
1 0.6965 0.1164 0.0680 0.0859
1 0.5004 0.2434 0.0727 0.0867
1 0.5844 0.2785 0.0656 0.0758
1 0.5453 0.4809 0.0500 0.0430
1 0.4574 0.6617 0.0492 0.0422
1 0.4313 0.7629 0.0375 0.0320
1 0.6496 0.7262 0.0805 0.0711
1 0.6129 0.8258 0.0477 0.0422
1 0.5723 0.8906 0.0758 0.0688
1 0.8094 0.8418 0.0469 0.0398
1 0.9117 0.7047 0.0891 0.0719
1 0.9258 0.6074 0.0797 0.0711
1 0.9836 0.9273 0.0328 0.0734
1 0.9766 0.2285 0.0469 0.0852
1 0.7316 0.5613 0.0789 0.0727
1 0.7723 0.4746 0.0883 0.0773
1 0.0875 0.5148 0.0250 0.0234
