1 0.7172 0.1781 0.0813 0.0906
1 0.5516 0.1227 0.0844 0.1016
1 0.4664 0.0883 0.0797 0.0859
1 0.5953 0.3672 0.0531 0.0594
1 0.5461 0.3555 0.0453 0.0578
1 0.4414 0.3109 0.0453 0.0563
1 0.4109 0.3750 0.0500 0.0500
1 0.4844 0.5109 0.0469 0.0563
1 0.4359 0.4953 0.0437 0.0563
1 0.3758 0.4797 0.0516 0.0469
1 0.2727 0.1477 0.0609 0.0547
1 0.0703 0.1281 0.0844 0.0750
1 0.2305 0.2203 0.0516 0.0500
1 0.2023 0.3031 0.0547 0.0500
1 0.0391 0.2180 0.0781 0.0797
1 0.0250 0.2992 0.0500 0.0797
1 0.1906 0.3867 0.1031 0.0859
1 0.1531 0.4688 0.0656 0.0563
1 0.1281 0.5547 0.0969 0.0875
1 0.0844 0.6438 0.0656 0.0563
1 0.0664 0.7172 0.0859 0.0813
1 0.1758 0.9883 0.0891 0.0234
1 0.5242 0.2594 0.0609 0.0500
1 0.1773 0.9883 0.0859 0.0234
1 0.0875 0.6406 0.0531 0.0437
1 0.1297 0.5547 0.0938 0.0781
1 0.5250 0.2562 0.0594 0.0469
1 0.2023 0.3039 0.0547 0.0422
1 0.2297 0.2195 0.0500 0.0422
1 0.2719 0.1484 0.0563 0.0469
1 0.0375 0.2172 0.0750 0.0719
1 0.0242 0.3008 0.0484 0.0703
1 0.0656 0.1258 0.0781 0.0703
1 0.5484 0.1203 0.0750 0.0938
1 0.4656 0.0867 0.0719 0.0828
1 0.7141 0.1766 0.0719 0.0844
1 0.4844 0.5070 0.0437 0.0547
1 0.4344 0.4922 0.0375 0.0531
1 0.3750 0.4781 0.0469 0.0437
1 0.4094 0.3750 0.0469 0.0437
1 0.4391 0.3094 0.0437 0.0469
1 0.5437 0.3523 0.0406 0.0516
1 0.5938 0.3680 0.0437 0.0516
1 0.1875 0.3812 0.0969 0.0781
1 0.1531 0.4703 0.0594 0.0437
1 0.0656 0.7172 0.0844 0.0719
1 0.5258 0.2562 0.0547 0.0375
