1 0.0664 0.2816 0.1297 0.1227
1 0.0594 0.4578 0.1187 0.1156
1 0.0578 0.6508 0.1156 0.1109
1 0.0531 0.8113 0.1031 0.1133
1 0.0672 0.9555 0.1344 0.0891
1 0.6977 0.2812 0.1203 0.1094
1 0.6980 0.4406 0.1242 0.1156
1 0.4070 0.4430 0.1391 0.1172
1 0.4164 0.6324 0.1203 0.1148
1 0.7117 0.6242 0.1359 0.1203
1 0.7004 0.7875 0.1289 0.1250
1 0.4152 0.8281 0.1211 0.1094
1 0.7039 0.9539 0.1234 0.0922
1 0.4062 0.9602 0.1094 0.0797
1 0.0637 0.2801 0.1273 0.1227
1 0.0570 0.4582 0.1141 0.1195
1 0.0574 0.6492 0.1117 0.1141
1 0.0496 0.8078 0.0992 0.1125
1 0.0633 0.9531 0.1266 0.0938
1 0.4090 0.9586 0.1117 0.0828
1 0.7008 0.9531 0.1234 0.0938
1 0.4148 0.8246 0.1203 0.1117
1 0.7012 0.7855 0.1336 0.1180
1 0.4164 0.6316 0.1203 0.1070
1 0.7105 0.6266 0.1367 0.1187
1 0.4020 0.4414 0.1414 0.1203
1 0.7016 0.4430 0.1250 0.1141
1 0.7000 0.2816 0.1219 0.1133
