1 0.9352 0.7188 0.1297 0.1219
1 0.9406 0.5422 0.1187 0.1156
1 0.9422 0.3508 0.1156 0.1109
1 0.9484 0.1891 0.1031 0.1125
1 0.9328 0.0445 0.1344 0.0891
1 0.3039 0.7203 0.1203 0.1094
1 0.3031 0.5594 0.1250 0.1156
1 0.5945 0.5570 0.1391 0.1172
1 0.5836 0.3688 0.1203 0.1156
1 0.2898 0.3773 0.1359 0.1203
1 0.3000 0.2141 0.1281 0.1250
1 0.5844 0.1719 0.1219 0.1094
1 0.2977 0.0461 0.1234 0.0922
1 0.5938 0.0398 0.1094 0.0797
1 0.9359 0.7203 0.1281 0.1219
1 0.9430 0.5422 0.1141 0.1187
1 0.9437 0.3523 0.1125 0.1141
1 0.9500 0.1922 0.1000 0.1125
1 0.9367 0.0469 0.1266 0.0938
1 0.5922 0.0414 0.1125 0.0828
1 0.2992 0.0469 0.1234 0.0938
1 0.5852 0.1750 0.1203 0.1125
1 0.2984 0.2141 0.1344 0.1187
1 0.5852 0.3688 0.1203 0.1062
1 0.2906 0.3750 0.1375 0.1187
1 0.5984 0.5586 0.1406 0.1203
1 0.3000 0.5586 0.1250 0.1141
1 0.3000 0.7188 0.1219 0.1125
