1 0.8969 0.9484 0.1125 0.1031
1 0.7359 0.9320 0.1187 0.1359
1 0.5945 0.9375 0.1172 0.1250
1 0.4594 0.9430 0.1156 0.1141
1 0.3266 0.9516 0.0656 0.0688
1 0.9203 0.3000 0.1250 0.1281
1 0.8797 0.5844 0.1094 0.1219
1 0.7414 0.2977 0.1141 0.1234
1 0.7328 0.5938 0.1094 0.1094
1 0.6000 0.5891 0.1125 0.1187
1 0.4641 0.5883 0.0656 0.0828
1 0.5961 0.2906 0.1172 0.1219
1 0.3359 0.2953 0.0906 0.1000
1 0.9000 0.9500 0.1125 0.1000
1 0.7398 0.9359 0.1203 0.1281
1 0.5953 0.9359 0.1187 0.1281
1 0.4609 0.9430 0.1125 0.1141
1 0.3266 0.9523 0.0688 0.0734
1 0.4680 0.5891 0.0672 0.0844
1 0.3328 0.2953 0.0906 0.1031
1 0.6000 0.5906 0.1125 0.1219
1 0.5953 0.2906 0.1125 0.1219
1 0.7344 0.5922 0.1094 0.1125
1 0.7430 0.2992 0.1141 0.1234
1 0.8812 0.5852 0.1125 0.1203
1 0.9219 0.2984 0.1187 0.1344
