1 0.1281 0.6703 0.0656 0.0750
1 0.2836 0.6305 0.0391 0.0484
1 0.4758 0.5781 0.0703 0.0906
1 0.3906 0.5969 0.0719 0.0969
1 0.6781 0.4445 0.0844 0.0828
1 0.5437 0.2734 0.0688 0.0719
1 0.2156 0.5391 0.0750 0.0719
1 0.2078 0.4633 0.0563 0.0516
1 0.1656 0.3023 0.0844 0.0766
1 0.3250 0.1656 0.0844 0.0813
1 0.8680 0.3898 0.0703 0.0703
1 0.9516 0.4625 0.0469 0.0500
1 0.8430 0.3016 0.0703 0.0688
1 0.8242 0.2180 0.0828 0.0766
1 0.8031 0.1313 0.0906 0.0750
1 0.5898 0.1016 0.0891 0.0781
1 0.6344 0.5328 0.0312 0.0406
1 0.9656 0.7898 0.0406 0.0391
1 0.9719 0.0453 0.0500 0.0906
