1 0.9742 0.3406 0.0516 0.0719
1 0.9594 0.4828 0.0500 0.0406
1 0.8016 0.2930 0.0813 0.0703
1 0.7734 0.4391 0.0500 0.0375
1 0.6734 0.4844 0.0406 0.0500
1 0.6000 0.2453 0.0969 0.0906
1 0.5922 0.4672 0.0719 0.0781
1 0.6703 0.8344 0.0750 0.0656
1 0.6305 0.9852 0.0484 0.0297
1 0.5391 0.9219 0.0719 0.0750
1 0.4633 0.9141 0.0516 0.0563
1 0.4516 0.6250 0.0750 0.0781
1 0.5062 0.4422 0.0406 0.0469
1 0.4219 0.4203 0.0750 0.0875
1 0.3359 0.4062 0.0594 0.0719
1 0.2836 0.5813 0.0734 0.0750
1 0.3031 0.8734 0.0750 0.0844
