1 0.1277 0.3312 0.0648 0.0750
1 0.2836 0.3695 0.0391 0.0484
1 0.4758 0.4219 0.0703 0.0906
1 0.3895 0.4027 0.0727 0.0961
1 0.6781 0.5570 0.0844 0.0828
1 0.5426 0.7270 0.0695 0.0727
1 0.2156 0.4605 0.0750 0.0711
1 0.2074 0.5383 0.0555 0.0516
1 0.1656 0.6973 0.0844 0.0758
1 0.3250 0.8348 0.0844 0.0820
1 0.8680 0.6117 0.0703 0.0703
1 0.9516 0.5387 0.0469 0.0492
1 0.8430 0.6996 0.0703 0.0680
1 0.8242 0.7816 0.0828 0.0758
1 0.8031 0.8688 0.0906 0.0750
1 0.5895 0.9000 0.0883 0.0781
1 0.6344 0.4688 0.0312 0.0406
1 0.9652 0.2113 0.0398 0.0383
1 0.9723 0.9543 0.0508 0.0898
