1 0.6594 0.0258 0.0719 0.0516
1 0.5172 0.0422 0.0406 0.0500
1 0.7070 0.2000 0.0703 0.0813
1 0.5625 0.2281 0.0375 0.0500
1 0.5172 0.3281 0.0500 0.0406
1 0.7547 0.4000 0.0906 0.0969
1 0.5344 0.4078 0.0781 0.0719
1 0.1672 0.3312 0.0656 0.0750
1 0.0148 0.3695 0.0297 0.0484
1 0.0797 0.4609 0.0750 0.0719
1 0.0875 0.5383 0.0563 0.0516
1 0.3750 0.5484 0.0781 0.0750
1 0.5594 0.4938 0.0469 0.0406
1 0.5813 0.5781 0.0875 0.0750
1 0.5938 0.6641 0.0719 0.0594
1 0.4203 0.7180 0.0750 0.0734
1 0.1281 0.6977 0.0844 0.0766
