1 0.3402 0.0258 0.0711 0.0516
1 0.4824 0.0418 0.0398 0.0492
1 0.2930 0.2000 0.0703 0.0813
1 0.4391 0.2281 0.0375 0.0500
1 0.4832 0.3277 0.0508 0.0398
1 0.2449 0.4004 0.0898 0.0977
1 0.4660 0.4078 0.0789 0.0719
1 0.8340 0.3312 0.0648 0.0750
1 0.9852 0.3695 0.0297 0.0484
1 0.9219 0.4605 0.0750 0.0711
1 0.9137 0.5383 0.0555 0.0516
1 0.6254 0.5484 0.0789 0.0750
1 0.4418 0.4934 0.0461 0.0398
1 0.4191 0.5781 0.0883 0.0750
1 0.4062 0.6641 0.0719 0.0594
1 0.5813 0.7180 0.0750 0.0734
1 0.8734 0.6973 0.0844 0.0758
