1 0.0594 0.7328 0.1187 0.1375
1 0.1945 0.7883 0.0984 0.1266
1 0.3375 0.8406 0.1156 0.1406
1 0.4633 0.8859 0.1047 0.1156
1 0.5813 0.9320 0.1031 0.1234
1 0.2289 0.4750 0.0734 0.0875
1 0.1203 0.3172 0.0750 0.0625
1 0.0539 0.1586 0.0547 0.0734
1 0.1211 0.1883 0.0641 0.0797
1 0.1891 0.2016 0.0625 0.0719
1 0.4000 0.4672 0.0594 0.0938
1 0.3703 0.2891 0.0656 0.0906
1 0.4461 0.3102 0.0672 0.0734
1 0.5656 0.4266 0.0875 0.0688
1 0.6000 0.5219 0.1250 0.1187
1 0.6516 0.6391 0.1125 0.1094
1 0.7109 0.7273 0.0875 0.0672
1 0.7609 0.8242 0.0875 0.0672
1 0.9062 0.7469 0.1281 0.1094
1 0.8719 0.6539 0.0844 0.0641
1 0.8328 0.5500 0.1531 0.1156
1 0.7781 0.4383 0.1344 0.1141
1 0.9719 0.9328 0.0531 0.1000
1 0.2594 0.2391 0.0625 0.0844
