1 0.1422 0.8313 0.0844 0.0750
1 0.0516 0.7711 0.0719 0.0891
1 0.2383 0.7797 0.0703 0.0656
1 0.0266 0.6328 0.0531 0.0688
1 0.2969 0.6937 0.0875 0.0750
1 0.3273 0.5930 0.1203 0.1078
1 0.3719 0.5016 0.0781 0.0656
1 0.0906 0.5164 0.1344 0.1172
1 0.4109 0.4023 0.1219 0.1109
1 0.5297 0.5734 0.0844 0.0656
1 0.5719 0.4805 0.0875 0.0672
1 0.7469 0.6008 0.1156 0.1266
1 0.8578 0.5492 0.1219 0.1453
1 0.9641 0.4859 0.0719 0.1156
1 0.9156 0.1625 0.0688 0.0813
1 0.7250 0.1859 0.1250 0.1187
1 0.4984 0.2055 0.1375 0.1203
1 0.5461 0.0930 0.1297 0.1172
1 0.8156 0.0141 0.0750 0.0281
1 0.3203 0.3187 0.0656 0.0813
1 0.1828 0.1906 0.1344 0.1187
