1 0.9453 0.2953 0.0594 0.0688
1 0.8238 0.2945 0.0570 0.0578
1 0.6219 0.2938 0.0531 0.0656
1 0.5566 0.2969 0.0602 0.0625
1 0.9434 0.4996 0.0523 0.0617
1 0.8801 0.4656 0.0570 0.0656
1 0.8176 0.4695 0.0477 0.0609
1 0.2953 0.9660 0.0531 0.0664
1 0.3527 0.9664 0.0523 0.0672
1 0.9141 0.9707 0.0531 0.0570
1 0.8227 0.9727 0.0516 0.0547
1 0.7617 0.9734 0.0547 0.0531
1 0.6840 0.9711 0.0523 0.0578
1 0.6211 0.9695 0.0516 0.0609
1 0.5570 0.9672 0.0578 0.0656
1 0.4980 0.9648 0.0523 0.0703
1 0.4316 0.9676 0.0570 0.0633
