1 0.7391 0.2953 0.0688 0.0531
1 0.7375 0.3531 0.0750 0.0531
1 0.7312 0.9141 0.0656 0.0531
1 0.7281 0.8227 0.0656 0.0516
1 0.7297 0.7617 0.0625 0.0547
1 0.7312 0.6844 0.0688 0.0531
1 0.7320 0.6219 0.0703 0.0531
1 0.7344 0.5570 0.0750 0.0578
1 0.7406 0.4984 0.0750 0.0531
1 0.7328 0.4313 0.0750 0.0563
1 0.5172 0.7953 0.0969 0.0906
1 0.3922 0.8945 0.0844 0.0672
1 0.5023 0.6937 0.0703 0.0531
1 0.5023 0.5648 0.0641 0.0516
1 0.5102 0.4781 0.0609 0.0531
1 0.5109 0.4141 0.0594 0.0563
1 0.5078 0.3516 0.0656 0.0563
1 0.5047 0.2953 0.0563 0.0594
