1 0.2078 0.2687 0.0531 0.0656
1 0.1164 0.2723 0.0516 0.0664
1 0.0539 0.2699 0.0547 0.0617
1 0.9707 0.2734 0.0289 0.0500
1 0.9293 0.2734 0.0273 0.0437
1 0.8770 0.2770 0.0477 0.0695
1 0.8184 0.2766 0.0492 0.0656
1 0.7281 0.2762 0.0500 0.0586
1 0.6629 0.2758 0.0508 0.0641
1 0.5988 0.2766 0.0602 0.0656
1 0.5203 0.2734 0.0531 0.0688
1 0.4613 0.2711 0.0570 0.0766
1 0.3984 0.2719 0.0625 0.0813
1 0.9754 0.5066 0.0352 0.0414
1 0.9270 0.5082 0.0352 0.0477
1 0.8785 0.5078 0.0414 0.0469
1 0.8246 0.5043 0.0398 0.0430
1 0.9098 0.8457 0.0664 0.0383
1 0.7293 0.5070 0.0492 0.0609
1 0.6676 0.5086 0.0477 0.0703
1 0.5879 0.5109 0.0602 0.0813
1 0.5125 0.4934 0.0563 0.0836
1 0.4160 0.4957 0.0945 0.0945
1 0.0891 0.4844 0.0906 0.0969
1 0.3660 0.6035 0.0727 0.0570
1 0.1883 0.6074 0.0672 0.0836
1 0.5738 0.0719 0.0477 0.0344
