1 0.7047 0.7391 0.0531 0.0688
1 0.6469 0.7375 0.0531 0.0750
1 0.0875 0.7312 0.0531 0.0656
1 0.1773 0.7281 0.0516 0.0656
1 0.2398 0.7297 0.0547 0.0625
1 0.3156 0.7312 0.0531 0.0688
1 0.3789 0.7320 0.0516 0.0703
1 0.4430 0.7344 0.0578 0.0750
1 0.5031 0.7406 0.0531 0.0750
1 0.5687 0.7328 0.0563 0.0750
1 0.2047 0.5172 0.0906 0.0969
1 0.1055 0.3922 0.0672 0.0844
1 0.3063 0.5023 0.0531 0.0703
1 0.4367 0.5023 0.0516 0.0641
1 0.5219 0.5102 0.0531 0.0609
1 0.5859 0.5109 0.0563 0.0594
1 0.6484 0.5078 0.0563 0.0656
1 0.7047 0.5047 0.0594 0.0563
