1 0.1227 0.1734 0.0609 0.0688
1 0.0281 0.2719 0.0344 0.0469
1 0.0727 0.2734 0.0359 0.0469
1 0.1820 0.2797 0.0391 0.0469
1 0.2719 0.2766 0.0437 0.0531
1 0.3969 0.2727 0.0563 0.0672
1 0.4781 0.2750 0.0563 0.0656
1 0.6000 0.2727 0.0563 0.0641
1 0.7906 0.2703 0.0500 0.0625
1 0.8828 0.2734 0.0500 0.0594
1 0.9453 0.2687 0.0594 0.0656
1 0.9094 0.4914 0.0938 0.0859
1 0.8055 0.4859 0.0609 0.0781
1 0.4875 0.4953 0.0531 0.0594
1 0.4156 0.6219 0.0625 0.0875
1 0.1758 0.5031 0.0453 0.0500
1 0.0281 0.5094 0.0375 0.0531
1 0.6234 0.9766 0.0688 0.0437
