1 0.9602 0.3043 0.0797 0.1180
1 0.7848 0.3816 0.1133 0.1070
1 0.7488 0.5184 0.1227 0.1117
1 0.1125 0.7145 0.1156 0.1102
1 0.1625 0.6016 0.1250 0.1125
1 0.3414 0.4902 0.0578 0.0680
1 0.2434 0.4043 0.1055 0.0992
1 0.0891 0.3262 0.0750 0.0555
1 0.1281 0.2328 0.0719 0.0594
1 0.2863 0.3055 0.0633 0.0609
1 0.5676 0.2875 0.1195 0.1062
1 0.6402 0.1742 0.0680 0.0609
1 0.3312 0.2133 0.1062 0.1016
1 0.3641 0.1133 0.0750 0.0578
1 0.4199 0.0266 0.0555 0.0531
1 0.6055 0.0391 0.0578 0.0781
1 0.4547 0.9766 0.0594 0.0469
1 0.3777 0.9875 0.0398 0.0250
1 0.4773 0.6188 0.1203 0.1031
