1 0.3578 0.4938 0.0781 0.0969
1 0.4562 0.4578 0.0625 0.0719
1 0.9219 0.2531 0.0594 0.0656
1 0.8375 0.1055 0.0594 0.0641
1 0.3656 0.2062 0.0844 0.1000
1 0.4938 0.1562 0.1000 0.1156
1 0.5922 0.1148 0.0969 0.1016
1 0.6562 0.0477 0.1281 0.0953
1 0.2656 0.0148 0.0969 0.0297
1 0.2687 0.0148 0.0969 0.0297
1 0.6586 0.0445 0.1297 0.0891
1 0.5898 0.1125 0.0984 0.0969
1 0.4945 0.1562 0.0984 0.1125
1 0.3664 0.2047 0.0828 0.1000
1 0.3555 0.4930 0.0797 0.0922
1 0.4562 0.4578 0.0594 0.0688
1 0.9227 0.2516 0.0609 0.0656
1 0.8367 0.1031 0.0578 0.0656
