3 0.8500 0.5262 0.0187 0.0150
3 0.9916 0.4528 0.0175 0.0150
3 0.8881 0.4787 0.0200 0.0138
3 0.8906 0.4931 0.0250 0.0175
3 0.9000 0.5106 0.0187 0.0150
3 0.9041 0.5231 0.0175 0.0150
3 0.8519 0.5403 0.0225 0.0150
3 0.9062 0.5481 0.0187 0.0150
3 0.8562 0.5513 0.0187 0.0150
3 0.8309 0.5581 0.0212 0.0163
3 0.8412 0.5153 0.0200 0.0150
3 0.9719 0.5037 0.0187 0.0138
3 0.2619 0.1309 0.0425 0.0713
3 0.9213 0.8125 0.0238 0.0187
3 0.9959 0.7581 0.0075 0.0100
3 0.9947 0.7422 0.0112 0.0125
3 0.9234 0.7594 0.0250 0.0187
3 0.9331 0.7828 0.0225 0.0125
3 0.9131 0.7884 0.0200 0.0112
3 0.9403 0.7919 0.0212 0.0150
3 0.9444 0.8044 0.0200 0.0150
3 0.9450 0.8153 0.0212 0.0150
3 0.9463 0.8253 0.0238 0.0163
3 0.9159 0.8003 0.0225 0.0163
3 0.9313 0.8475 0.0187 0.0138
3 0.9881 0.7800 0.0200 0.0163
3 0.8322 0.5447 0.0238 0.0175
3 0.2019 0.3425 0.0163 0.0225
3 0.2434 0.1028 0.0150 0.0212
3 0.0688 0.6303 0.0187 0.0263
3 0.0181 0.8209 0.0112 0.0200
3 0.1081 0.9291 0.0100 0.0238
3 0.1469 0.6497 0.0187 0.0275
3 0.8569 0.7775 0.0200 0.0175
3 0.7522 0.9131 0.0200 0.0138
3 0.9938 0.8247 0.0125 0.0150
3 0.9544 0.8419 0.0212 0.0150
3 0.5894 0.7003 0.0350 0.0225
3 0.7444 0.9028 0.0200 0.0150
