3 0.1000 0.5262 0.0187 0.0150
3 0.3325 0.4981 0.0212 0.0150
3 0.3194 0.5469 0.0200 0.0125
3 0.2428 0.4519 0.0200 0.0163
3 0.1381 0.4787 0.0200 0.0138
3 0.1406 0.4931 0.0250 0.0175
3 0.1500 0.5106 0.0187 0.0150
3 0.1541 0.5231 0.0175 0.0150
3 0.1019 0.5403 0.0225 0.0150
3 0.1562 0.5481 0.0187 0.0150
3 0.1062 0.5513 0.0187 0.0150
3 0.0809 0.5581 0.0212 0.0163
3 0.3078 0.6687 0.0250 0.0187
3 0.0912 0.5166 0.0200 0.0175
3 0.3603 0.5934 0.0238 0.0150
3 0.3225 0.7181 0.0200 0.0175
3 0.3812 0.5006 0.0312 0.0200
3 0.3812 0.7522 0.0187 0.0138
3 0.4050 0.7581 0.0225 0.0163
3 0.3859 0.7641 0.0187 0.0125
3 0.4131 0.7662 0.0200 0.0138
3 0.3934 0.7731 0.0212 0.0150
3 0.4456 0.7034 0.0225 0.0163
3 0.4147 0.7916 0.0200 0.0112
3 0.4175 0.8031 0.0225 0.0125
3 0.3950 0.7956 0.0212 0.0163
3 0.3956 0.8088 0.0225 0.0175
3 0.2219 0.5037 0.0187 0.0138
3 0.3575 0.5787 0.0212 0.0138
3 0.4031 0.8194 0.0187 0.0138
3 0.4153 0.6138 0.0212 0.0150
3 0.3334 0.3272 0.0200 0.0138
3 0.3603 0.4178 0.0175 0.0138
3 0.3638 0.4400 0.0150 0.0112
3 0.3681 0.4537 0.0175 0.0138
3 0.3763 0.4731 0.0212 0.0150
3 0.3972 0.5450 0.0225 0.0150
3 0.4006 0.5669 0.0200 0.0150
3 0.4109 0.5931 0.0187 0.0112
3 0.4150 0.6025 0.0175 0.0112
3 0.4209 0.8147 0.0200 0.0138
3 0.4081 0.8306 0.0225 0.0175
3 0.1712 0.8125 0.0238 0.0187
3 0.3063 0.7825 0.0187 0.0150
3 0.2584 0.7684 0.0200 0.0150
3 0.2528 0.7572 0.0212 0.0112
3 0.2491 0.7412 0.0200 0.0138
3 0.1734 0.7594 0.0250 0.0187
3 0.1831 0.7828 0.0225 0.0125
3 0.1631 0.7884 0.0200 0.0112
3 0.1903 0.7919 0.0212 0.0150
3 0.1944 0.8044 0.0200 0.0150
3 0.1950 0.8153 0.0212 0.0150
3 0.2000 0.8253 0.0187 0.0163
3 0.1659 0.8003 0.0225 0.0163
3 0.1812 0.8475 0.0187 0.0138
3 0.3866 0.5138 0.0200 0.0150
3 0.2716 0.8178 0.0150 0.0138
3 0.2675 0.8044 0.0163 0.0150
3 0.2647 0.7913 0.0200 0.0138
3 0.2381 0.7800 0.0200 0.0163
3 0.3634 0.8669 0.0238 0.0150
3 0.3700 0.8856 0.0212 0.0150
3 0.3759 0.9022 0.0175 0.0138
3 0.3772 0.9153 0.0200 0.0150
3 0.3831 0.9294 0.0163 0.0150
3 0.3869 0.9422 0.0238 0.0187
3 0.3909 0.9537 0.0163 0.0138
3 0.3397 0.7787 0.0138 0.0138
3 0.3131 0.8044 0.0200 0.0150
3 0.4178 0.5250 0.0200 0.0187
3 0.4325 0.8231 0.0212 0.0150
3 0.4322 0.8356 0.0175 0.0150
3 0.4134 0.8406 0.0175 0.0125
3 0.4378 0.8550 0.0225 0.0163
3 0.4150 0.8506 0.0175 0.0138
3 0.4181 0.8616 0.0175 0.0138
3 0.4444 0.8800 0.0200 0.0163
3 0.4200 0.8731 0.0212 0.0150
3 0.4216 0.8872 0.0212 0.0150
3 0.5091 0.9191 0.0212 0.0163
3 0.5131 0.9313 0.0200 0.0125
3 0.5162 0.9412 0.0200 0.0138
3 0.5209 0.9544 0.0200 0.0150
3 0.4763 0.9912 0.0212 0.0138
3 0.4700 0.9669 0.0212 0.0150
3 0.4569 0.9244 0.0200 0.0175
3 0.4356 0.9309 0.0212 0.0150
3 0.4603 0.9347 0.0175 0.0163
3 0.4397 0.9425 0.0200 0.0163
3 0.0822 0.5447 0.0238 0.0175
3 0.7700 0.7097 0.0212 0.0163
3 0.4284 0.5575 0.0225 0.0212
3 0.7700 0.7213 0.0212 0.0112
3 0.7794 0.7662 0.0275 0.0200
3 0.4434 0.9544 0.0212 0.0150
3 0.4619 0.9456 0.0175 0.0163
3 0.3944 0.9662 0.0200 0.0138
3 0.4672 0.9581 0.0187 0.0163
3 0.4513 0.9872 0.0212 0.0150
3 0.4506 0.9756 0.0200 0.0138
3 0.4547 0.9956 0.0187 0.0100
3 0.1069 0.7775 0.0200 0.0175
3 0.0084 0.9131 0.0138 0.0138
3 0.2487 0.8244 0.0225 0.0175
3 0.2044 0.8419 0.0212 0.0150
3 0.4138 0.7787 0.0212 0.0138
3 0.4034 0.7434 0.0225 0.0150
3 0.9834 0.5262 0.0325 0.0275
3 0.8128 0.7981 0.0287 0.0212
3 0.3619 0.8588 0.0238 0.0112
3 0.4003 0.9778 0.0225 0.0150
3 0.4006 0.9906 0.0200 0.0125
