3 0.9500 0.2431 0.0187 0.0238
3 0.9881 0.3563 0.0200 0.0250
3 0.9072 0.4728 0.0112 0.0238
3 0.9247 0.1828 0.0212 0.0250
3 0.9369 0.2194 0.0175 0.0200
3 0.9144 0.1569 0.0163 0.0263
3 0.9544 0.1931 0.0150 0.0238
3 0.9444 0.1675 0.0200 0.0287
3 0.8450 0.6628 0.0212 0.0225
3 0.8825 0.8109 0.0212 0.0187
3 0.8909 0.8022 0.0225 0.0138
3 0.8997 0.7925 0.0212 0.0163
3 0.9256 0.8006 0.0200 0.0200
3 0.9350 0.7919 0.0263 0.0275
3 0.9137 0.7728 0.0212 0.0238
3 0.4866 0.7906 0.0200 0.0125
3 0.2731 0.7716 0.0212 0.0150
3 0.1391 0.9956 0.0187 0.0100
3 0.2894 0.8906 0.0663 0.0250
3 0.3769 0.9756 0.0600 0.0263
3 0.1059 0.3206 0.0150 0.0225
3 0.8637 0.2275 0.0150 0.0238
3 0.9369 0.1478 0.0112 0.0238
