3 0.9359 0.8725 0.0187 0.0138
3 0.9131 0.8772 0.0263 0.0138
3 0.9625 0.5384 0.0187 0.0238
3 0.0916 0.9509 0.0550 0.0238
3 0.4906 0.9816 0.0437 0.0225
3 0.5059 0.9431 0.0275 0.0175
3 0.8541 0.5909 0.0238 0.0225
3 0.7950 0.5569 0.0150 0.0200
3 0.9216 0.7816 0.0212 0.0225
3 0.8838 0.2638 0.0300 0.0462
3 0.8444 0.9622 0.0200 0.0150
3 0.9131 0.8672 0.0200 0.0125
3 0.9869 0.9012 0.0175 0.0087
3 0.9078 0.8906 0.0187 0.0125
3 0.5578 0.2328 0.0187 0.0125
3 0.5769 0.1581 0.0163 0.0100
3 0.5756 0.1675 0.0200 0.0100
3 0.5706 0.1775 0.0225 0.0175
3 0.5541 0.2550 0.0175 0.0100
3 0.5381 0.3219 0.0200 0.0125
3 0.5891 0.3206 0.0125 0.0225
3 0.5887 0.2700 0.0212 0.0150
3 0.5687 0.1894 0.0187 0.0100
3 0.5831 0.1953 0.0100 0.0187
3 0.5656 0.2025 0.0187 0.0112
3 0.5619 0.2134 0.0175 0.0112
3 0.5609 0.2225 0.0187 0.0138
3 0.5556 0.2456 0.0175 0.0100
3 0.5794 0.1313 0.0212 0.0125
3 0.5506 0.2659 0.0200 0.0100
3 0.5484 0.2778 0.0250 0.0150
3 0.5469 0.2891 0.0187 0.0125
3 0.5428 0.3025 0.0200 0.0112
3 0.6150 0.3200 0.0112 0.0212
3 0.6034 0.3222 0.0100 0.0163
3 0.6034 0.2237 0.0225 0.0163
3 0.6013 0.2125 0.0212 0.0125
3 0.5991 0.9363 0.0138 0.0225
3 0.5131 0.9084 0.0200 0.0138
3 0.5125 0.8809 0.0187 0.0150
3 0.5794 0.1428 0.0212 0.0138
3 0.5813 0.1219 0.0187 0.0125
3 0.5369 0.8153 0.0175 0.0150
3 0.5847 0.1109 0.0163 0.0125
3 0.5941 0.0738 0.0163 0.0100
3 0.5956 0.0622 0.0163 0.0087
3 0.5906 0.0856 0.0187 0.0150
3 0.5887 0.1006 0.0212 0.0138
3 0.5188 0.8666 0.0187 0.0175
3 0.7238 0.9281 0.0163 0.0250
3 0.9947 0.8325 0.0112 0.0212
3 0.7575 0.9609 0.0212 0.0125
3 0.7575 0.9488 0.0212 0.0100
3 0.7584 0.9369 0.0200 0.0112
3 0.7547 0.9838 0.0187 0.0112
3 0.7500 0.9950 0.0187 0.0087
3 0.5534 0.4184 0.0100 0.0212
3 0.2825 0.3597 0.0212 0.0163
3 0.5209 0.8475 0.0200 0.0138
3 0.5316 0.8031 0.0163 0.0125
