3 0.0169 0.4034 0.0150 0.0287
3 0.0303 0.3416 0.0138 0.0238
3 0.1366 0.0984 0.0138 0.0250
3 0.1638 0.2319 0.0212 0.0138
3 0.0041 0.2047 0.0050 0.0125
3 0.0706 0.2219 0.0225 0.0125
3 0.9859 0.4037 0.0250 0.0138
3 0.2925 0.9113 0.0163 0.0350
3 0.9316 0.3703 0.0287 0.0187
3 0.8634 0.3400 0.0238 0.0175
3 0.6903 0.2831 0.0275 0.0163
3 0.6600 0.2903 0.0263 0.0150
3 0.5569 0.2734 0.0263 0.0125
3 0.4844 0.2516 0.0250 0.0125
3 0.4472 0.2641 0.0225 0.0125
3 0.4178 0.2456 0.0200 0.0100
3 0.3625 0.2381 0.0250 0.0138
3 0.3681 0.2541 0.0238 0.0112
3 0.2794 0.2444 0.0275 0.0138
