3 0.0406 0.9916 0.0125 0.0175
3 0.0272 0.9928 0.0138 0.0138
3 0.3547 0.5150 0.0375 0.0300
3 0.7087 0.4784 0.0362 0.0350
3 0.6925 0.4825 0.0287 0.0338
3 0.6728 0.4869 0.0300 0.0300
3 0.3906 0.7684 0.0250 0.0400
3 0.5134 0.8691 0.0300 0.0225
3 0.1700 0.6506 0.0275 0.0263
3 0.3103 0.9481 0.0112 0.0275
3 0.1975 0.9644 0.0138 0.0225
3 0.1822 0.9625 0.0175 0.0250
3 0.1622 0.9578 0.0087 0.0250
3 0.1503 0.9575 0.0163 0.0212
3 0.0163 0.7059 0.0138 0.0212
3 0.0588 0.9028 0.0112 0.0212
3 0.0397 0.8962 0.0138 0.0238
3 0.0847 0.9069 0.0163 0.0200
3 0.0634 0.8381 0.0112 0.0200
3 0.1725 0.8606 0.0138 0.0212
3 0.1553 0.8594 0.0138 0.0187
3 0.1447 0.8541 0.0112 0.0175
3 0.1331 0.8516 0.0163 0.0250
3 0.1169 0.8488 0.0150 0.0225
3 0.1038 0.8512 0.0138 0.0275
3 0.0906 0.8444 0.0125 0.0200
3 0.0788 0.8419 0.0138 0.0212
3 0.0391 0.8359 0.0187 0.0250
3 0.0928 0.9094 0.0138 0.0187
3 0.0209 0.8325 0.0138 0.0212
3 0.2025 0.9334 0.0112 0.0200
3 0.1788 0.9241 0.0138 0.0200
3 0.1669 0.9203 0.0150 0.0250
3 0.1413 0.9159 0.0138 0.0225
3 0.1263 0.9125 0.0150 0.0250
3 0.1128 0.9137 0.0163 0.0212
3 0.8144 0.5725 0.0350 0.0638
3 0.8012 0.6719 0.0713 0.0375
3 0.7244 0.7594 0.0675 0.0312
3 0.5775 0.5572 0.0488 0.0675
3 0.4828 0.5297 0.0750 0.0437
3 0.8731 0.9231 0.0338 0.0525
3 0.2897 0.7103 0.0325 0.0425
3 0.1606 0.8891 0.0275 0.0250
3 0.0084 0.9884 0.0138 0.0238
3 0.1356 0.9506 0.0150 0.0263
3 0.4556 0.9194 0.0300 0.0200
3 0.4838 0.9353 0.0175 0.0175
3 0.4969 0.9341 0.0125 0.0212
3 0.5066 0.9319 0.0163 0.0263
3 0.5062 0.9572 0.0187 0.0238
3 0.5259 0.9528 0.0175 0.0212
3 0.4912 0.9647 0.0263 0.0387
3 0.5050 0.8159 0.0163 0.0225
3 0.4875 0.8187 0.0187 0.0250
3 0.4428 0.8981 0.0263 0.0212
3 0.4487 0.9088 0.0225 0.0175
3 0.4400 0.8847 0.0238 0.0163
3 0.6497 0.8031 0.0338 0.0250
3 0.7731 0.3822 0.0150 0.0238
3 0.6531 0.4172 0.0312 0.0187
3 0.1000 0.6072 0.0187 0.0175
3 0.2291 0.7275 0.0175 0.0238
3 0.3156 0.8831 0.0125 0.0225
3 0.3403 0.9272 0.0150 0.0200
3 0.3456 0.7281 0.0225 0.0250
3 0.5200 0.8128 0.0150 0.0225
3 0.5525 0.8400 0.0362 0.0238
3 0.1906 0.9316 0.0125 0.0225
