3 0.7897 0.2466 0.0138 0.0275
3 0.9534 0.2856 0.0163 0.0275
3 0.9431 0.2800 0.0112 0.0287
3 0.9200 0.2769 0.0087 0.0225
3 0.9059 0.2756 0.0150 0.0263
3 0.8938 0.2706 0.0125 0.0225
3 0.7772 0.2459 0.0138 0.0200
3 0.7206 0.2341 0.0100 0.0212
3 0.7362 0.2762 0.0100 0.0212
3 0.8544 0.3013 0.0150 0.0275
3 0.6912 0.1263 0.0138 0.0212
3 0.9475 0.2144 0.0138 0.0225
3 0.9322 0.2125 0.0175 0.0250
3 0.9122 0.2078 0.0087 0.0250
3 0.9003 0.2075 0.0163 0.0212
3 0.5537 0.0403 0.0200 0.0212
3 0.4519 0.0212 0.0163 0.0238
3 0.8088 0.1528 0.0112 0.0212
3 0.7897 0.1462 0.0138 0.0238
3 0.8347 0.1569 0.0163 0.0200
3 0.8134 0.0881 0.0112 0.0200
3 0.9225 0.1106 0.0138 0.0212
3 0.9053 0.1094 0.0138 0.0187
3 0.8947 0.1041 0.0112 0.0175
3 0.8831 0.1016 0.0163 0.0250
3 0.8669 0.0988 0.0150 0.0225
3 0.8538 0.1012 0.0138 0.0275
3 0.8406 0.0944 0.0125 0.0200
3 0.8287 0.0919 0.0138 0.0212
3 0.7891 0.0859 0.0187 0.0250
3 0.8428 0.1594 0.0138 0.0187
3 0.7709 0.0825 0.0138 0.0212
3 0.7475 0.0744 0.0138 0.0238
3 0.7281 0.0688 0.0125 0.0250
3 0.7112 0.0703 0.0163 0.0250
3 0.9525 0.1834 0.0112 0.0200
3 0.9287 0.1741 0.0138 0.0200
3 0.9169 0.1703 0.0150 0.0250
3 0.5906 0.0494 0.0187 0.0300
3 0.7006 0.1087 0.0200 0.0112
3 0.8912 0.1659 0.0138 0.0225
3 0.8762 0.1625 0.0150 0.0250
3 0.8628 0.1638 0.0163 0.0212
3 0.4275 0.5559 0.0362 0.0338
3 0.4200 0.5706 0.0212 0.0163
3 0.3494 0.4412 0.0238 0.0263
3 0.3834 0.4075 0.0325 0.0275
3 0.2834 0.5912 0.0263 0.0200
3 0.3019 0.4375 0.0287 0.0250
3 0.4125 0.0244 0.0125 0.0238
3 0.3494 0.1209 0.0238 0.0200
3 0.5606 0.1031 0.0150 0.0250
3 0.3984 0.3381 0.0187 0.0200
3 0.3044 0.4975 0.0275 0.0263
3 0.3100 0.4844 0.0263 0.0250
3 0.2700 0.5409 0.0338 0.0350
3 0.2700 0.6506 0.0212 0.0200
3 0.0934 0.6734 0.0212 0.0187
3 0.1591 0.7388 0.0212 0.0212
3 0.1091 0.7053 0.0212 0.0200
3 0.1725 0.7188 0.0200 0.0187
3 0.0925 0.5284 0.0287 0.0225
3 0.2087 0.5956 0.0238 0.0225
3 0.1897 0.6972 0.0263 0.0225
3 0.1988 0.6887 0.0225 0.0150
3 0.2062 0.6769 0.0250 0.0225
3 0.2156 0.6672 0.0250 0.0250
3 0.2250 0.6606 0.0187 0.0212
3 0.2378 0.6491 0.0225 0.0200
3 0.3159 0.5825 0.0225 0.0212
3 0.3356 0.5722 0.0212 0.0225
3 0.3250 0.6728 0.0187 0.0238
3 0.3141 0.6941 0.0250 0.0225
3 0.3212 0.7150 0.0238 0.0238
3 0.2806 0.7253 0.0238 0.0225
3 0.2553 0.7522 0.0263 0.0263
3 0.2275 0.7809 0.0238 0.0212
3 0.2666 0.7794 0.0175 0.0212
3 0.2744 0.7684 0.0175 0.0150
3 0.2216 0.8897 0.0275 0.0263
3 0.2581 0.9341 0.0225 0.0212
3 0.2747 0.9947 0.0150 0.0112
3 0.1325 0.0609 0.0212 0.0187
3 0.1409 0.0522 0.0225 0.0138
3 0.1497 0.0425 0.0212 0.0163
3 0.1756 0.0506 0.0200 0.0200
3 0.1850 0.0419 0.0263 0.0275
3 0.1638 0.0228 0.0212 0.0238
3 0.9069 0.4681 0.0138 0.0238
3 0.6200 0.4256 0.0212 0.0138
3 0.6841 0.4216 0.0150 0.0212
3 0.7016 0.4406 0.0187 0.0125
3 0.7075 0.4241 0.0150 0.0263
3 0.7528 0.4369 0.0150 0.0238
3 0.7978 0.4441 0.0175 0.0287
3 0.8219 0.4525 0.0125 0.0238
3 0.8447 0.4544 0.0112 0.0212
3 0.8547 0.4588 0.0125 0.0238
3 0.8669 0.4588 0.0150 0.0238
3 0.8787 0.4644 0.0138 0.0225
3 0.8872 0.4688 0.0150 0.0250
3 0.9066 0.4891 0.0100 0.0187
3 0.6806 0.3716 0.0175 0.0275
3 0.8969 0.4903 0.0125 0.0212
3 0.8738 0.4847 0.0163 0.0225
3 0.8516 0.4828 0.0125 0.0250
3 0.7925 0.4706 0.0163 0.0225
3 0.7787 0.4650 0.0138 0.0238
3 0.7588 0.4622 0.0112 0.0212
3 0.8741 0.5363 0.0138 0.0225
3 0.8631 0.5356 0.0138 0.0212
3 0.8528 0.5331 0.0150 0.0225
3 0.8394 0.5287 0.0163 0.0263
3 0.7934 0.5197 0.0150 0.0238
3 0.7825 0.5169 0.0150 0.0275
3 0.6262 0.4053 0.0150 0.0263
3 0.8678 0.3878 0.0263 0.0163
3 0.7566 0.5359 0.0163 0.0250
3 0.8550 0.3641 0.0163 0.0250
3 0.2950 0.7394 0.0212 0.0225
3 0.9106 0.1391 0.0275 0.0250
3 0.7987 0.2866 0.0163 0.0263
3 0.8219 0.2953 0.0187 0.0250
3 0.8800 0.3031 0.0163 0.0250
3 0.9163 0.3100 0.0138 0.0263
3 0.9306 0.3153 0.0175 0.0275
3 0.9488 0.3209 0.0163 0.0263
3 0.9222 0.3737 0.0163 0.0287
3 0.8956 0.3709 0.0163 0.0263
3 0.8309 0.3572 0.0150 0.0238
3 0.8469 0.4069 0.0125 0.0263
3 0.7566 0.2384 0.0163 0.0238
3 0.7600 0.3400 0.0138 0.0238
3 0.7756 0.3406 0.0138 0.0250
3 0.8169 0.3553 0.0150 0.0200
3 0.6550 0.3191 0.0163 0.0225
3 0.8856 0.2006 0.0150 0.0263
3 0.8800 0.3688 0.0163 0.0187
3 0.9122 0.4159 0.0150 0.0287
3 0.8997 0.4122 0.0150 0.0275
3 0.8881 0.4119 0.0138 0.0300
3 0.8713 0.4103 0.0112 0.0238
3 0.7606 0.5144 0.0150 0.0225
3 0.7806 0.5406 0.0175 0.0250
3 0.4400 0.7069 0.0175 0.0263
3 0.7147 0.6809 0.0138 0.0275
3 0.7156 0.6566 0.0125 0.0225
3 0.7550 0.6644 0.0163 0.0225
3 0.7362 0.6847 0.0163 0.0225
3 0.7981 0.6734 0.0150 0.0250
3 0.8175 0.7009 0.0163 0.0238
3 0.8287 0.7031 0.0138 0.0250
3 0.8425 0.7069 0.0163 0.0263
3 0.8538 0.7081 0.0200 0.0287
3 0.8794 0.7128 0.0150 0.0287
3 0.5272 0.6434 0.0200 0.0275
3 0.4588 0.6813 0.0175 0.0250
3 0.5000 0.7162 0.0187 0.0263
3 0.6781 0.6725 0.0187 0.0325
3 0.5319 0.7219 0.0138 0.0250
3 0.5787 0.7309 0.0138 0.0212
3 0.6659 0.7253 0.0163 0.0287
3 0.7228 0.7606 0.0175 0.0275
3 0.6969 0.7562 0.0187 0.0250
3 0.7169 0.7347 0.0150 0.0287
3 0.7503 0.7409 0.0163 0.0287
3 0.7622 0.7434 0.0150 0.0275
3 0.7956 0.7484 0.0163 0.0250
3 0.8072 0.7497 0.0175 0.0275
3 0.8187 0.7550 0.0187 0.0287
3 0.8441 0.7594 0.0163 0.0250
3 0.7006 0.6775 0.0138 0.0238
3 0.6953 0.6516 0.0187 0.0250
3 0.7987 0.5500 0.0163 0.0250
3 0.8722 0.6125 0.0163 0.0312
3 0.8356 0.5537 0.0150 0.0263
3 0.8700 0.5597 0.0150 0.0287
3 0.8962 0.5644 0.0112 0.0225
3 0.6041 0.5591 0.0112 0.0212
3 0.6166 0.5622 0.0175 0.0275
3 0.6519 0.5669 0.0163 0.0275
3 0.7350 0.5859 0.0138 0.0250
3 0.6691 0.6003 0.0163 0.0287
3 0.7256 0.6100 0.0138 0.0200
3 0.8131 0.6041 0.0138 0.0238
3 0.8372 0.6081 0.0150 0.0225
3 0.8613 0.6106 0.0163 0.0275
3 0.8941 0.6169 0.0163 0.0275
3 0.6594 0.6447 0.0187 0.0238
3 0.8331 0.6316 0.0163 0.0225
3 0.8469 0.6306 0.0187 0.0238
3 0.8569 0.6331 0.0138 0.0225
3 0.7744 0.6197 0.0175 0.0238
3 0.8472 0.6813 0.0163 0.0250
3 0.8600 0.6850 0.0138 0.0263
3 0.8706 0.6859 0.0163 0.0250
3 0.9256 0.7200 0.0138 0.0212
3 0.5787 0.6284 0.0138 0.0225
3 0.5959 0.6578 0.0200 0.0250
3 0.6081 0.6622 0.0163 0.0212
3 0.6544 0.6687 0.0150 0.0250
3 0.8556 0.7616 0.0175 0.0263
3 0.8662 0.7625 0.0138 0.0187
3 0.8809 0.7647 0.0150 0.0263
3 0.5625 0.9325 0.0187 0.0275
3 0.3909 0.8969 0.0163 0.0250
3 0.3878 0.9238 0.0163 0.0287
3 0.4234 0.9034 0.0125 0.0225
3 0.4359 0.9072 0.0125 0.0238
3 0.4475 0.9088 0.0138 0.0238
3 0.4709 0.9178 0.0138 0.0263
3 0.4841 0.9187 0.0150 0.0250
3 0.5037 0.9216 0.0138 0.0212
3 0.5162 0.9247 0.0138 0.0212
3 0.5269 0.9269 0.0163 0.0225
3 0.5394 0.9281 0.0163 0.0250
3 0.5525 0.9300 0.0175 0.0287
3 0.5859 0.9397 0.0187 0.0263
3 0.3950 0.8772 0.0212 0.0138
3 0.5991 0.9384 0.0138 0.0238
3 0.6047 0.9113 0.0250 0.0163
3 0.6150 0.9256 0.0238 0.0138
3 0.6097 0.9412 0.0163 0.0263
3 0.6213 0.9453 0.0175 0.0250
3 0.6331 0.9456 0.0163 0.0225
3 0.6466 0.9512 0.0150 0.0212
3 0.6700 0.9531 0.0150 0.0250
3 0.6919 0.9572 0.0150 0.0238
3 0.7050 0.9584 0.0163 0.0263
3 0.7162 0.9587 0.0138 0.0238
3 0.7281 0.9644 0.0125 0.0225
3 0.3744 0.9222 0.0175 0.0287
3 0.9209 0.9525 0.0138 0.0238
3 0.7491 0.9662 0.0138 0.0263
3 0.7391 0.9144 0.0125 0.0225
3 0.5981 0.8887 0.0150 0.0275
3 0.6088 0.8906 0.0112 0.0250
3 0.6200 0.8950 0.0150 0.0212
3 0.6312 0.8962 0.0187 0.0238
3 0.6422 0.8962 0.0187 0.0238
3 0.6550 0.9022 0.0163 0.0263
3 0.6681 0.8997 0.0175 0.0212
3 0.6806 0.9019 0.0175 0.0225
3 0.6900 0.9066 0.0238 0.0287
3 0.7031 0.9088 0.0125 0.0238
3 0.7153 0.9094 0.0150 0.0250
3 0.7278 0.9134 0.0150 0.0238
3 0.7488 0.9178 0.0163 0.0263
3 0.8988 0.9488 0.0163 0.0287
3 0.7606 0.9209 0.0150 0.0263
3 0.7741 0.9238 0.0200 0.0287
3 0.7863 0.9269 0.0163 0.0287
3 0.7934 0.9284 0.0150 0.0225
3 0.8050 0.9300 0.0163 0.0287
3 0.8197 0.9334 0.0112 0.0263
3 0.8287 0.9356 0.0138 0.0275
3 0.8406 0.9363 0.0125 0.0287
3 0.8538 0.9378 0.0138 0.0287
3 0.8641 0.9419 0.0125 0.0275
3 0.8753 0.9412 0.0163 0.0263
3 0.8878 0.9475 0.0163 0.0263
3 0.7400 0.9666 0.0112 0.0238
3 0.7606 0.9694 0.0150 0.0263
3 0.8919 0.7656 0.0150 0.0250
3 0.4562 0.9875 0.0125 0.0250
3 0.7481 0.9897 0.0150 0.0200
3 0.7584 0.9916 0.0138 0.0175
3 0.7684 0.9919 0.0150 0.0150
3 0.7787 0.9928 0.0138 0.0138
3 0.7928 0.9956 0.0138 0.0100
3 0.8037 0.9956 0.0138 0.0100
3 0.8156 0.9978 0.0125 0.0050
3 0.8394 0.9988 0.0100 0.0037
3 0.3875 0.9747 0.0187 0.0275
3 0.4225 0.9825 0.0138 0.0275
3 0.4688 0.9887 0.0125 0.0212
3 0.7222 0.9875 0.0163 0.0250
3 0.4794 0.9916 0.0150 0.0175
3 0.5028 0.9938 0.0150 0.0125
3 0.5256 0.9956 0.0138 0.0100
3 0.5369 0.9969 0.0112 0.0063
3 0.5475 0.9978 0.0138 0.0050
3 0.5603 0.9988 0.0112 0.0037
3 0.7350 0.9884 0.0138 0.0238
3 0.7112 0.9850 0.0163 0.0263
3 0.7725 0.9703 0.0138 0.0250
3 0.4894 0.9441 0.0163 0.0287
3 0.7834 0.9753 0.0138 0.0225
3 0.7934 0.9756 0.0150 0.0263
3 0.8069 0.9784 0.0138 0.0287
3 0.8169 0.9819 0.0150 0.0263
3 0.8287 0.9850 0.0138 0.0263
3 0.8422 0.9859 0.0125 0.0250
3 0.8553 0.9884 0.0138 0.0238
3 0.8659 0.9884 0.0163 0.0238
3 0.8778 0.9897 0.0150 0.0200
3 0.4441 0.9341 0.0163 0.0275
3 0.4559 0.9378 0.0150 0.0287
3 0.4769 0.9406 0.0163 0.0250
3 0.5022 0.9450 0.0138 0.0275
3 0.6994 0.9825 0.0175 0.0212
3 0.5456 0.9559 0.0100 0.0212
3 0.5575 0.9566 0.0150 0.0225
3 0.5681 0.9606 0.0175 0.0275
3 0.5797 0.9606 0.0187 0.0275
3 0.6034 0.9656 0.0163 0.0250
3 0.6169 0.9681 0.0150 0.0238
3 0.6266 0.9725 0.0187 0.0263
3 0.6422 0.9741 0.0187 0.0263
3 0.6528 0.9738 0.0150 0.0225
3 0.6625 0.9753 0.0187 0.0225
3 0.6750 0.9775 0.0187 0.0238
3 0.6875 0.9803 0.0187 0.0263
3 0.9034 0.9253 0.0163 0.0287
3 0.8919 0.9213 0.0150 0.0238
3 0.8809 0.9187 0.0150 0.0250
3 0.7116 0.8075 0.0138 0.0212
3 0.5312 0.7994 0.0187 0.0300
3 0.5887 0.8097 0.0212 0.0287
3 0.6213 0.8166 0.0175 0.0238
3 0.6450 0.8219 0.0150 0.0250
3 0.6412 0.7969 0.0138 0.0250
3 0.6512 0.7975 0.0150 0.0263
3 0.6747 0.8025 0.0150 0.0238
3 0.6981 0.8053 0.0150 0.0263
3 0.6566 0.8241 0.0163 0.0325
3 0.6706 0.8275 0.0163 0.0300
3 0.6934 0.8306 0.0150 0.0238
3 0.7050 0.8319 0.0163 0.0263
3 0.7244 0.8088 0.0175 0.0238
3 0.9344 0.7994 0.0125 0.0238
3 0.7369 0.8106 0.0175 0.0212
3 0.7466 0.8131 0.0150 0.0200
3 0.7597 0.8153 0.0163 0.0212
3 0.7816 0.8216 0.0163 0.0275
3 0.7919 0.8238 0.0150 0.0287
3 0.8047 0.8259 0.0187 0.0238
3 0.8144 0.8287 0.0163 0.0263
3 0.8269 0.8300 0.0163 0.0287
3 0.8391 0.8337 0.0187 0.0238
3 0.8631 0.8391 0.0138 0.0250
3 0.8741 0.8409 0.0200 0.0287
3 0.8875 0.8422 0.0187 0.0250
3 0.9450 0.7994 0.0150 0.0238
3 0.9194 0.7956 0.0138 0.0225
3 0.8688 0.9166 0.0187 0.0238
3 0.4313 0.7547 0.0125 0.0250
3 0.9256 0.7753 0.0138 0.0225
3 0.9703 0.7162 0.0187 0.0200
3 0.9803 0.7397 0.0138 0.0200
3 0.9878 0.7909 0.0163 0.0225
3 0.9887 0.8153 0.0150 0.0212
3 0.9919 0.8387 0.0150 0.0212
3 0.9916 0.8613 0.0175 0.0225
3 0.9938 0.8863 0.0125 0.0225
3 0.9922 0.9134 0.0125 0.0238
3 0.9919 0.9412 0.0150 0.0263
3 0.9897 0.9666 0.0138 0.0238
3 0.9856 0.9897 0.0150 0.0200
3 0.4378 0.7762 0.0163 0.0212
3 0.9078 0.7944 0.0125 0.0263
3 0.4731 0.7878 0.0150 0.0225
3 0.8034 0.7744 0.0163 0.0238
3 0.8153 0.7769 0.0150 0.0225
3 0.8281 0.7797 0.0187 0.0250
3 0.8488 0.7841 0.0163 0.0275
3 0.8619 0.7884 0.0175 0.0238
3 0.8725 0.7903 0.0138 0.0275
3 0.8891 0.7934 0.0125 0.0212
3 0.8984 0.8469 0.0187 0.0250
3 0.9184 0.8475 0.0150 0.0263
3 0.9309 0.8509 0.0150 0.0300
3 0.7106 0.8838 0.0150 0.0238
3 0.5534 0.8572 0.0163 0.0238
3 0.5778 0.8613 0.0150 0.0225
3 0.5606 0.8822 0.0150 0.0238
3 0.5731 0.8881 0.0150 0.0263
3 0.5831 0.8906 0.0163 0.0250
3 0.5887 0.8644 0.0150 0.0225
3 0.5991 0.8656 0.0138 0.0250
3 0.6247 0.8675 0.0150 0.0287
3 0.6381 0.8719 0.0138 0.0250
3 0.6737 0.8787 0.0163 0.0263
3 0.6872 0.8756 0.0150 0.0263
3 0.6969 0.8822 0.0125 0.0238
3 0.7209 0.8838 0.0138 0.0238
3 0.9738 0.8553 0.0100 0.0263
3 0.7334 0.8872 0.0138 0.0275
3 0.7456 0.8906 0.0100 0.0250
3 0.7559 0.8922 0.0150 0.0250
3 0.7675 0.8953 0.0163 0.0250
3 0.7781 0.8962 0.0125 0.0238
3 0.7878 0.8991 0.0163 0.0263
3 0.8003 0.9009 0.0163 0.0238
3 0.8134 0.9056 0.0175 0.0300
3 0.8244 0.9088 0.0112 0.0238
3 0.8344 0.9088 0.0125 0.0238
3 0.8469 0.9100 0.0125 0.0263
3 0.8572 0.9122 0.0175 0.0275
3 0.5491 0.8809 0.0138 0.0212
3 0.5363 0.8787 0.0163 0.0263
3 0.9428 0.9584 0.0138 0.0263
3 0.9506 0.8828 0.0138 0.0250
3 0.5178 0.8509 0.0138 0.0238
3 0.3888 0.8444 0.0150 0.0263
3 0.4037 0.8475 0.0138 0.0263
3 0.4147 0.8516 0.0138 0.0250
3 0.4353 0.8541 0.0175 0.0238
3 0.4594 0.8616 0.0125 0.0263
3 0.4706 0.8644 0.0163 0.0287
3 0.4891 0.8713 0.0125 0.0238
3 0.5022 0.8706 0.0138 0.0225
3 0.5138 0.8750 0.0150 0.0250
3 0.7169 0.8347 0.0150 0.0287
3 0.7312 0.8359 0.0187 0.0250
3 0.7428 0.8372 0.0138 0.0275
3 0.7650 0.8441 0.0175 0.0287
3 0.7872 0.8500 0.0150 0.0250
3 0.7991 0.8528 0.0138 0.0275
3 0.8100 0.8538 0.0138 0.0263
3 0.8228 0.8559 0.0175 0.0275
3 0.8337 0.8569 0.0175 0.0263
3 0.8481 0.8591 0.0150 0.0275
3 0.8575 0.8616 0.0150 0.0263
3 0.8694 0.8647 0.0200 0.0263
3 0.8800 0.8659 0.0163 0.0225
3 0.8938 0.8706 0.0187 0.0225
3 0.9253 0.8803 0.0163 0.0263
