3 0.9359 0.1225 0.0187 0.0138
3 0.9131 0.1272 0.0263 0.0138
3 0.8625 0.5188 0.0250 0.0187
3 0.8750 0.4287 0.0187 0.0138
3 0.9706 0.2697 0.0225 0.0112
3 0.9919 0.2784 0.0150 0.0100
3 0.9925 0.2888 0.0163 0.0087
3 0.0916 0.2009 0.0550 0.0238
3 0.4906 0.2316 0.0437 0.0225
3 0.5059 0.1931 0.0275 0.0175
3 0.9216 0.0316 0.0212 0.0225
3 0.8444 0.2122 0.0200 0.0150
3 0.9981 0.6325 0.0025 0.0087
3 0.9534 0.6253 0.0225 0.0100
3 0.9988 0.6559 0.0037 0.0087
3 0.9978 0.6644 0.0050 0.0100
3 0.9969 0.6769 0.0063 0.0100
3 0.9959 0.6900 0.0075 0.0112
3 0.9497 0.6481 0.0212 0.0150
3 0.9512 0.6353 0.0212 0.0112
3 0.9566 0.6144 0.0163 0.0100
3 0.9491 0.4838 0.0200 0.0112
3 0.9137 0.1200 0.0212 0.0087
3 0.9869 0.1512 0.0175 0.0087
3 0.9666 0.5097 0.0175 0.0100
3 0.9325 0.6222 0.0212 0.0100
3 0.9450 0.5291 0.0212 0.0112
3 0.9187 0.5425 0.0125 0.0225
3 0.8812 0.5350 0.0250 0.0138
3 0.8806 0.5469 0.0238 0.0125
3 0.8809 0.5581 0.0212 0.0100
3 0.9606 0.5553 0.0212 0.0138
3 0.9406 0.5625 0.0187 0.0125
3 0.9631 0.5691 0.0200 0.0100
3 0.9387 0.5750 0.0212 0.0125
3 0.9369 0.5875 0.0175 0.0125
3 0.9341 0.5994 0.0212 0.0112
3 0.9344 0.6112 0.0250 0.0100
3 0.9078 0.1406 0.0187 0.0125
3 0.5991 0.1862 0.0138 0.0225
3 0.5131 0.1584 0.0200 0.0138
3 0.5125 0.1309 0.0187 0.0150
3 0.5369 0.0653 0.0175 0.0150
3 0.5188 0.1166 0.0187 0.0175
3 0.7238 0.1781 0.0163 0.0250
3 0.9897 0.3287 0.0200 0.0138
3 0.9387 0.7238 0.0212 0.0225
3 0.9484 0.7312 0.0187 0.0187
3 0.9569 0.7394 0.0200 0.0225
3 0.9678 0.7488 0.0200 0.0225
3 0.9747 0.7562 0.0212 0.0187
3 0.9828 0.7638 0.0187 0.0212
3 0.9916 0.7706 0.0175 0.0225
3 0.9897 0.3047 0.0200 0.0125
3 0.9887 0.3394 0.0212 0.0100
3 0.9947 0.0825 0.0112 0.0212
3 0.9234 0.7094 0.0187 0.0187
3 0.9306 0.7162 0.0175 0.0200
3 0.9056 0.6941 0.0238 0.0225
3 0.7575 0.2109 0.0212 0.0125
3 0.7756 0.4787 0.0200 0.0138
3 0.7575 0.1988 0.0212 0.0100
3 0.7584 0.1869 0.0200 0.0112
3 0.7547 0.2337 0.0187 0.0112
3 0.7500 0.2462 0.0187 0.0112
3 0.7500 0.2587 0.0187 0.0112
3 0.7497 0.2712 0.0212 0.0112
3 0.7484 0.2825 0.0187 0.0087
3 0.7491 0.2938 0.0200 0.0125
3 0.7622 0.4338 0.0212 0.0175
3 0.7638 0.4475 0.0212 0.0138
3 0.7675 0.4597 0.0225 0.0163
3 0.7700 0.4697 0.0212 0.0175
3 0.7778 0.4906 0.0212 0.0187
3 0.8997 0.6819 0.0212 0.0200
3 0.7831 0.5025 0.0225 0.0175
3 0.7950 0.5363 0.0212 0.0163
3 0.8056 0.5616 0.0238 0.0200
3 0.8178 0.4103 0.0200 0.0112
3 0.8197 0.3978 0.0238 0.0112
3 0.8209 0.3866 0.0200 0.0138
3 0.8447 0.6206 0.0238 0.0225
3 0.8516 0.6312 0.0187 0.0187
3 0.8662 0.6475 0.0200 0.0200
3 0.8734 0.6553 0.0187 0.0200
3 0.8806 0.6650 0.0238 0.0238
3 0.8887 0.6744 0.0212 0.0175
3 0.9625 0.5809 0.0187 0.0150
3 0.9072 0.3287 0.0238 0.0138
3 0.9656 0.3222 0.0250 0.0163
