3 0.0906 0.1478 0.0063 0.0112
3 0.0897 0.2056 0.0138 0.0112
3 0.1222 0.2503 0.0163 0.0100
3 0.1447 0.2775 0.0112 0.0112
3 0.1700 0.2331 0.0087 0.0163
3 0.1584 0.2300 0.0075 0.0163
3 0.1506 0.2300 0.0075 0.0163
3 0.1100 0.1531 0.0075 0.0125
3 0.1234 0.1531 0.0063 0.0125
3 0.1303 0.1547 0.0075 0.0125
3 0.1747 0.1631 0.0087 0.0138
3 0.2413 0.1756 0.0075 0.0138
3 0.2000 0.2803 0.0063 0.0138
3 0.2234 0.2853 0.0063 0.0112
3 0.1022 0.2228 0.0138 0.0112
3 0.0941 0.2150 0.0163 0.0112
3 0.1278 0.1850 0.0087 0.0138
3 0.1084 0.1819 0.0075 0.0138
3 0.1806 0.2775 0.0050 0.0112
3 0.1922 0.2797 0.0063 0.0125
3 0.2116 0.2828 0.0075 0.0125
3 0.2156 0.2963 0.0063 0.0112
3 0.2047 0.2938 0.0063 0.0125
3 0.1619 0.3003 0.0112 0.0100
3 0.1678 0.3106 0.0138 0.0087
3 0.1712 0.3153 0.0112 0.0087
3 0.1775 0.3219 0.0112 0.0125
3 0.1853 0.3316 0.0112 0.0100
3 0.1869 0.3378 0.0112 0.0100
3 0.2413 0.3513 0.0138 0.0087
3 0.3078 0.1384 0.0125 0.0175
3 0.4344 0.0169 0.0187 0.0150
3 0.4569 0.0403 0.0075 0.0150
3 0.4756 0.0428 0.0075 0.0138
3 0.4825 0.0428 0.0087 0.0138
3 0.4647 0.0694 0.0075 0.0138
3 0.4506 0.0822 0.0075 0.0112
3 0.4578 0.0703 0.0063 0.0125
3 0.4713 0.0716 0.0050 0.0150
3 0.4787 0.0738 0.0075 0.0163
3 0.5153 0.0522 0.0087 0.0138
3 0.5050 0.0781 0.0100 0.0125
3 0.5131 0.0772 0.0075 0.0138
3 0.5194 0.0788 0.0075 0.0138
3 0.5312 0.0828 0.0063 0.0125
3 0.5375 0.0831 0.0063 0.0163
3 0.5453 0.0850 0.0063 0.0138
3 0.4569 0.0828 0.0075 0.0125
3 0.5016 0.0900 0.0063 0.0112
3 0.5281 0.0963 0.0063 0.0112
3 0.5366 0.0975 0.0075 0.0138
3 0.4250 0.1106 0.0063 0.0150
3 0.4575 0.1137 0.0087 0.0150
3 0.5588 0.1575 0.0112 0.0212
3 0.3500 0.0663 0.0063 0.0138
3 0.5044 0.1237 0.0087 0.0163
3 0.5375 0.1278 0.0063 0.0150
3 0.5312 0.1284 0.0063 0.0163
3 0.5181 0.1247 0.0050 0.0150
3 0.4906 0.1194 0.0063 0.0138
3 0.5747 0.2250 0.0087 0.0187
3 0.4950 0.2131 0.0087 0.0138
3 0.7241 0.4156 0.0075 0.0125
3 0.7562 0.4209 0.0063 0.0138
3 0.7625 0.4219 0.0063 0.0125
3 0.7703 0.4231 0.0063 0.0150
3 0.7897 0.4272 0.0075 0.0138
3 0.7969 0.4272 0.0063 0.0138
3 0.6719 0.4381 0.0063 0.0138
3 0.6856 0.4844 0.0087 0.0125
3 0.6528 0.4741 0.0087 0.0138
3 0.7006 0.4406 0.0075 0.0125
3 0.7125 0.4450 0.0063 0.0150
3 0.7188 0.4466 0.0063 0.0150
3 0.6975 0.4562 0.0075 0.0125
3 0.6691 0.4550 0.0100 0.0163
3 0.7147 0.4594 0.0075 0.0125
3 0.7506 0.4531 0.0075 0.0125
3 0.7500 0.4662 0.0063 0.0138
3 0.8116 0.4647 0.0075 0.0138
3 0.8256 0.4647 0.0075 0.0138
3 0.6797 0.4391 0.0063 0.0125
3 0.6787 0.4537 0.0075 0.0138
3 0.7369 0.4634 0.0050 0.0112
3 0.7234 0.4603 0.0063 0.0112
3 0.7312 0.4475 0.0063 0.0138
3 0.7250 0.4469 0.0063 0.0125
3 0.7562 0.4662 0.0063 0.0138
3 0.7688 0.4681 0.0063 0.0112
3 0.7719 0.4537 0.0063 0.0138
3 0.7850 0.4584 0.0075 0.0138
3 0.7922 0.4584 0.0063 0.0138
3 0.7984 0.4581 0.0063 0.0100
3 0.8584 0.4716 0.0075 0.0150
3 0.8037 0.4313 0.0075 0.0125
3 0.8178 0.4334 0.0075 0.0138
3 0.8428 0.4366 0.0075 0.0138
3 0.8506 0.4397 0.0075 0.0138
3 0.7444 0.5375 0.0075 0.0125
3 0.5291 0.4478 0.0112 0.0112
3 0.4584 0.4356 0.0138 0.0087
3 0.8256 0.7466 0.0138 0.0087
3 0.8662 0.7547 0.0138 0.0063
3 0.5731 0.7372 0.0087 0.0150
3 0.8944 0.4878 0.0075 0.0163
3 0.8881 0.5266 0.0075 0.0125
3 0.9406 0.0859 0.0125 0.0063
3 0.9387 0.0984 0.0150 0.0063
3 0.9356 0.1272 0.0150 0.0075
3 0.9319 0.1319 0.0138 0.0075
3 0.9303 0.1516 0.0138 0.0063
3 0.9287 0.1578 0.0138 0.0063
3 0.9272 0.1656 0.0138 0.0063
3 0.9256 0.1719 0.0138 0.0063
3 0.9156 0.2388 0.0125 0.0087
3 0.8319 0.4659 0.0075 0.0163
3 0.8172 0.4781 0.0063 0.0125
