3 0.4897 0.0569 0.0138 0.0075
3 0.4919 0.0475 0.0150 0.0075
3 0.4934 0.0209 0.0150 0.0075
3 0.4959 0.0125 0.0138 0.0063
3 0.4959 0.0041 0.0138 0.0050
3 0.4581 0.0588 0.0100 0.0175
3 0.6294 0.0772 0.0150 0.0075
3 0.6356 0.0819 0.0150 0.0075
3 0.6162 0.2084 0.0138 0.0075
3 0.0194 0.1512 0.0138 0.0087
3 0.0762 0.1750 0.0150 0.0063
3 0.0906 0.1703 0.0125 0.0063
3 0.0953 0.1781 0.0125 0.0063
3 0.1231 0.1828 0.0150 0.0063
3 0.2372 0.1859 0.0150 0.0063
3 0.2838 0.1875 0.0112 0.0063
3 0.2744 0.2087 0.0238 0.0112
3 0.3309 0.2172 0.0150 0.0063
3 0.4606 0.2375 0.0150 0.0063
3 0.0116 0.2662 0.0075 0.0138
3 0.0428 0.2194 0.0075 0.0138
3 0.0397 0.2328 0.0075 0.0125
3 0.0225 0.3350 0.0075 0.0138
3 0.1041 0.1969 0.0112 0.0125
3 0.1419 0.2025 0.0087 0.0112
3 0.1503 0.2019 0.0100 0.0100
3 0.1572 0.2041 0.0112 0.0112
3 0.1644 0.2041 0.0100 0.0112
3 0.1719 0.2072 0.0125 0.0112
3 0.1881 0.2078 0.0138 0.0125
3 0.3200 0.2503 0.0087 0.0100
3 0.3172 0.2538 0.0125 0.0138
3 0.3153 0.2634 0.0087 0.0112
3 0.3109 0.2856 0.0125 0.0087
3 0.3094 0.2897 0.0125 0.0075
3 0.3087 0.3087 0.0112 0.0112
3 0.2787 0.2903 0.0138 0.0087
3 0.2538 0.3141 0.0075 0.0125
3 0.2672 0.3172 0.0063 0.0125
3 0.2741 0.3184 0.0075 0.0150
3 0.2803 0.3219 0.0075 0.0125
3 0.2869 0.3228 0.0050 0.0112
3 0.0944 0.2825 0.0075 0.0150
3 0.1428 0.2872 0.0075 0.0150
3 0.1947 0.2838 0.0050 0.0112
3 0.2603 0.2356 0.0112 0.0087
3 0.2006 0.2856 0.0075 0.0150
3 0.0603 0.3953 0.0112 0.0063
3 0.0541 0.4062 0.0112 0.0063
3 0.0850 0.4006 0.0138 0.0075
3 0.0819 0.4116 0.0138 0.0075
3 0.1006 0.4022 0.0138 0.0075
3 0.1131 0.4475 0.0075 0.0138
3 0.1344 0.4200 0.0125 0.0087
3 0.1550 0.4188 0.0100 0.0063
3 0.1491 0.4247 0.0138 0.0087
3 0.1750 0.4141 0.0125 0.0063
3 0.2875 0.4272 0.0125 0.0075
3 0.3734 0.4978 0.0063 0.0112
3 0.3647 0.5447 0.0075 0.0112
3 0.3631 0.5631 0.0075 0.0138
3 0.1559 0.5125 0.0087 0.0125
3 0.2616 0.6116 0.0075 0.0138
3 0.2153 0.6050 0.0087 0.0163
3 0.3725 0.5781 0.0075 0.0125
3 0.1913 0.8100 0.0138 0.0075
3 0.3350 0.8006 0.0075 0.0138
3 0.3100 0.8725 0.0075 0.0138
3 0.1516 0.8881 0.0125 0.0075
3 0.2741 0.9303 0.0075 0.0138
3 0.5547 0.8322 0.0063 0.0112
3 0.5866 0.7122 0.0075 0.0150
3 0.3928 0.2828 0.0075 0.0125
3 0.4156 0.3109 0.0063 0.0125
3 0.4069 0.3600 0.0075 0.0138
3 0.5262 0.2388 0.0150 0.0087
3 0.5809 0.2584 0.0150 0.0075
3 0.6134 0.2434 0.0175 0.0087
3 0.6169 0.2528 0.0150 0.0087
3 0.6378 0.3169 0.0100 0.0150
3 0.6441 0.3484 0.0100 0.0125
3 0.6613 0.2528 0.0163 0.0087
3 0.7087 0.2625 0.0112 0.0063
3 0.6997 0.2500 0.0087 0.0063
3 0.7475 0.2709 0.0138 0.0075
3 0.7906 0.2787 0.0125 0.0075
3 0.8313 0.2866 0.0125 0.0075
3 0.8528 0.3034 0.0150 0.0100
3 0.6428 0.3719 0.0075 0.0125
3 0.6297 0.3725 0.0063 0.0138
3 0.7803 0.9059 0.0075 0.0150
3 0.7750 0.8281 0.0063 0.0125
3 0.7650 0.8366 0.0050 0.0138
3 0.7750 0.8403 0.0063 0.0087
3 0.8287 0.8109 0.0138 0.0063
3 0.8275 0.8259 0.0112 0.0112
3 0.8100 0.7284 0.0075 0.0100
3 0.7737 0.6497 0.0163 0.0087
3 0.8575 0.6588 0.0087 0.0112
3 0.8772 0.2944 0.0138 0.0075
3 0.8975 0.2828 0.0138 0.0063
3 0.8941 0.2897 0.0163 0.0075
3 0.9778 0.3100 0.0150 0.0075
3 0.9947 0.3272 0.0112 0.0075
3 0.8450 0.5150 0.0087 0.0175
