3 0.0516 0.0125 0.0125 0.0063
3 0.0494 0.0309 0.0112 0.0087
3 0.0447 0.0516 0.0112 0.0063
3 0.0412 0.0828 0.0138 0.0063
3 0.0362 0.1022 0.0100 0.0075
3 0.0341 0.1253 0.0150 0.0163
3 0.0725 0.1288 0.0138 0.0075
3 0.0747 0.1241 0.0150 0.0075
3 0.0728 0.1163 0.0112 0.0075
3 0.0256 0.1734 0.0138 0.0063
3 0.0225 0.2003 0.0138 0.0100
3 0.0569 0.2191 0.0138 0.0100
3 0.0175 0.2153 0.0163 0.0087
3 0.0563 0.2250 0.0125 0.0063
3 0.0669 0.2344 0.0150 0.0063
3 0.0653 0.2403 0.0150 0.0087
3 0.0516 0.2538 0.0125 0.0075
3 0.0494 0.2594 0.0112 0.0063
3 0.0138 0.2575 0.0150 0.0087
3 0.0100 0.2741 0.0138 0.0075
3 0.0481 0.2787 0.0150 0.0075
3 0.0297 0.3287 0.0063 0.0138
3 0.0481 0.2875 0.0150 0.0063
3 0.0256 0.3569 0.0075 0.0138
3 0.0200 0.3788 0.0087 0.0138
3 0.0234 0.4197 0.0063 0.0112
3 0.0303 0.4975 0.0075 0.0138
3 0.0381 0.4981 0.0075 0.0150
3 0.0500 0.4991 0.0063 0.0138
3 0.0563 0.5022 0.0063 0.0138
3 0.0709 0.5012 0.0075 0.0150
3 0.0775 0.9531 0.0050 0.0125
3 0.0844 0.9544 0.0063 0.0150
3 0.0906 0.9547 0.0063 0.0125
3 0.0975 0.9563 0.0075 0.0125
3 0.1094 0.9569 0.0063 0.0138
3 0.1209 0.9600 0.0075 0.0138
3 0.1272 0.9616 0.0075 0.0138
3 0.1047 0.4600 0.0063 0.0138
3 0.1319 0.4747 0.0075 0.0150
3 0.1156 0.5091 0.0063 0.0150
3 0.1234 0.5100 0.0063 0.0138
3 0.1313 0.5103 0.0063 0.0112
3 0.1437 0.5147 0.0063 0.0138
3 0.1500 0.5162 0.0063 0.0138
3 0.1569 0.5172 0.0075 0.0125
3 0.1619 0.5188 0.0050 0.0125
3 0.1975 0.5241 0.0075 0.0138
3 0.1375 0.4756 0.0063 0.0138
3 0.1447 0.4778 0.0050 0.0150
3 0.1756 0.4806 0.0075 0.0175
3 0.2041 0.4888 0.0112 0.0150
3 0.2369 0.5287 0.0050 0.0138
3 0.2437 0.5312 0.0063 0.0125
3 0.2625 0.4959 0.0063 0.0138
3 0.3325 0.5256 0.0150 0.0075
3 0.2672 0.5413 0.0063 0.0138
3 0.2725 0.5475 0.0075 0.0138
3 0.2781 0.5528 0.0063 0.0150
3 0.2844 0.5537 0.0063 0.0138
3 0.2903 0.5544 0.0087 0.0150
3 0.3244 0.4897 0.0112 0.0075
3 0.1163 0.1156 0.0075 0.0125
3 0.1428 0.1203 0.0075 0.0125
3 0.1484 0.1209 0.0063 0.0138
3 0.1547 0.1237 0.0063 0.0163
3 0.1741 0.1272 0.0075 0.0138
3 0.2319 0.1350 0.0075 0.0138
3 0.2200 0.1337 0.0087 0.0112
3 0.2444 0.1381 0.0075 0.0138
3 0.2553 0.1106 0.0075 0.0150
3 0.2687 0.1156 0.0063 0.0125
3 0.2569 0.1403 0.0075 0.0150
3 0.2631 0.1413 0.0075 0.0138
3 0.2687 0.1428 0.0063 0.0138
3 0.2750 0.1453 0.0063 0.0125
3 0.2819 0.1456 0.0075 0.0163
3 0.3006 0.1475 0.0075 0.0138
3 0.3078 0.1497 0.0063 0.0150
3 0.3119 0.1231 0.0050 0.0150
3 0.2803 0.1169 0.0075 0.0150
3 0.3491 0.0778 0.0138 0.0087
3 0.4000 0.0056 0.0125 0.0050
3 0.3916 0.0606 0.0112 0.0087
3 0.3891 0.0781 0.0125 0.0063
3 0.3850 0.0897 0.0138 0.0075
3 0.3391 0.1537 0.0125 0.0075
3 0.3381 0.1631 0.0138 0.0075
3 0.3716 0.1716 0.0150 0.0087
3 0.3703 0.1819 0.0125 0.0075
3 0.3703 0.2038 0.0125 0.0075
3 0.3663 0.2116 0.0138 0.0075
3 0.3300 0.2013 0.0163 0.0087
3 0.3625 0.2403 0.0125 0.0087
3 0.3609 0.2469 0.0125 0.0063
3 0.3612 0.2538 0.0163 0.0075
3 0.3237 0.2459 0.0163 0.0075
3 0.3200 0.2562 0.0150 0.0063
3 0.3453 0.3444 0.0125 0.0075
3 0.3428 0.3531 0.0138 0.0063
3 0.3116 0.3753 0.0075 0.0163
3 0.3406 0.3694 0.0125 0.0075
3 0.3359 0.3875 0.0125 0.0063
3 0.3500 0.3912 0.0125 0.0075
3 0.3469 0.4000 0.0125 0.0063
3 0.3109 0.3906 0.0063 0.0125
3 0.2997 0.3925 0.0087 0.0163
3 0.3006 0.4450 0.0075 0.0150
3 0.3294 0.4591 0.0150 0.0087
3 0.3241 0.4672 0.0138 0.0063
3 0.3253 0.4725 0.0163 0.0075
3 0.3241 0.4797 0.0138 0.0063
3 0.3506 0.6094 0.0075 0.0125
3 0.3428 0.6078 0.0075 0.0125
3 0.3728 0.6678 0.0050 0.0138
3 0.3903 0.7122 0.0087 0.0150
3 0.4028 0.7119 0.0087 0.0175
3 0.4250 0.7075 0.0063 0.0150
3 0.4375 0.7084 0.0063 0.0138
3 0.4506 0.7100 0.0075 0.0138
3 0.4578 0.6006 0.0125 0.0075
3 0.3756 0.5906 0.0075 0.0125
3 0.3397 0.5463 0.0138 0.0050
3 0.4694 0.7150 0.0075 0.0112
3 0.4772 0.7172 0.0075 0.0125
3 0.4766 0.7309 0.0063 0.0150
3 0.4881 0.7328 0.0075 0.0125
3 0.4859 0.7162 0.0063 0.0138
3 0.5094 0.7213 0.0063 0.0112
3 0.5209 0.7234 0.0075 0.0125
3 0.5250 0.7375 0.0063 0.0125
3 0.5319 0.7397 0.0075 0.0138
3 0.5375 0.7412 0.0063 0.0138
3 0.5437 0.7406 0.0063 0.0125
3 0.5506 0.7422 0.0075 0.0125
3 0.5569 0.7412 0.0075 0.0138
3 0.5584 0.7303 0.0075 0.0138
3 0.5647 0.7312 0.0075 0.0125
3 0.5678 0.7438 0.0075 0.0125
3 0.5744 0.7469 0.0050 0.0125
3 0.5766 0.7338 0.0063 0.0112
3 0.5844 0.7322 0.0063 0.0112
3 0.5813 0.7459 0.0063 0.0138
3 0.5881 0.7475 0.0075 0.0138
3 0.5938 0.7469 0.0063 0.0125
3 0.6006 0.7481 0.0075 0.0150
3 0.6062 0.7491 0.0063 0.0138
3 0.5672 0.7756 0.0063 0.0138
3 0.5728 0.7787 0.0050 0.0138
3 0.5862 0.7822 0.0100 0.0050
3 0.6144 0.7875 0.0100 0.0063
3 0.5844 0.7891 0.0125 0.0063
3 0.5844 0.7937 0.0125 0.0063
3 0.5844 0.8000 0.0125 0.0063
3 0.5850 0.8063 0.0138 0.0063
3 0.5819 0.8131 0.0138 0.0075
3 0.5803 0.8319 0.0138 0.0075
3 0.5791 0.8375 0.0112 0.0063
3 0.5775 0.8438 0.0112 0.0063
3 0.5766 0.8500 0.0125 0.0063
3 0.5741 0.8559 0.0138 0.0087
3 0.5694 0.8944 0.0138 0.0075
3 0.5681 0.9006 0.0112 0.0075
3 0.6141 0.7944 0.0125 0.0075
3 0.6134 0.8000 0.0112 0.0063
3 0.6125 0.8063 0.0125 0.0063
3 0.6109 0.8131 0.0125 0.0075
3 0.6094 0.8181 0.0125 0.0050
3 0.6084 0.8313 0.0138 0.0063
3 0.6075 0.8369 0.0150 0.0050
3 0.6069 0.8431 0.0138 0.0050
3 0.6609 0.8116 0.0063 0.0138
3 0.6053 0.8484 0.0138 0.0063
3 0.6053 0.8569 0.0138 0.0075
3 0.6044 0.8694 0.0150 0.0075
3 0.6028 0.8750 0.0150 0.0063
3 0.6013 0.8819 0.0150 0.0075
3 0.6003 0.8875 0.0163 0.0063
3 0.5991 0.8928 0.0138 0.0075
3 0.5975 0.9000 0.0138 0.0063
3 0.5956 0.9056 0.0163 0.0050
3 0.5944 0.9119 0.0138 0.0050
3 0.5912 0.9219 0.0138 0.0063
3 0.5922 0.9281 0.0125 0.0063
3 0.6575 0.8975 0.0087 0.0138
3 0.6834 0.7288 0.0075 0.0138
3 0.6875 0.7087 0.0063 0.0112
3 0.6891 0.6859 0.0063 0.0125
3 0.6350 0.6794 0.0075 0.0150
3 0.6481 0.6631 0.0150 0.0075
3 0.6509 0.6559 0.0175 0.0087
3 0.6537 0.6512 0.0138 0.0087
3 0.6531 0.6397 0.0125 0.0075
3 0.6544 0.6325 0.0150 0.0087
3 0.5772 0.6075 0.0138 0.0087
3 0.6566 0.6062 0.0163 0.0063
3 0.4631 0.5338 0.0075 0.0112
3 0.4709 0.5359 0.0075 0.0125
3 0.5006 0.5413 0.0075 0.0138
3 0.5078 0.5428 0.0063 0.0138
3 0.5850 0.5547 0.0075 0.0125
3 0.5984 0.5578 0.0063 0.0125
3 0.6469 0.5672 0.0063 0.0125
3 0.6541 0.5678 0.0050 0.0138
3 0.6609 0.5703 0.0063 0.0125
3 0.6203 0.5312 0.0063 0.0125
3 0.6272 0.5328 0.0075 0.0125
3 0.6328 0.5353 0.0063 0.0112
3 0.6384 0.5384 0.0050 0.0112
3 0.6453 0.5400 0.0063 0.0112
3 0.6516 0.5406 0.0063 0.0125
3 0.6572 0.5400 0.0050 0.0112
3 0.6647 0.5406 0.0075 0.0125
3 0.6847 0.4497 0.0163 0.0087
3 0.7031 0.4344 0.0063 0.0125
3 0.7325 0.1491 0.0087 0.0138
3 0.7469 0.1487 0.0063 0.0100
3 0.7178 0.0519 0.0075 0.0163
3 0.7303 0.0547 0.0075 0.0125
3 0.7647 0.0256 0.0075 0.0138
3 0.7678 0.0106 0.0075 0.0150
3 0.7725 0.2178 0.0138 0.0075
3 0.7241 0.3081 0.0075 0.0163
3 0.7444 0.3294 0.0075 0.0150
3 0.7381 0.3600 0.0075 0.0138
3 0.7359 0.3747 0.0063 0.0150
3 0.7344 0.3906 0.0063 0.0125
3 0.7312 0.4062 0.0063 0.0125
3 0.7297 0.4234 0.0063 0.0125
3 0.7272 0.4412 0.0075 0.0138
3 0.7250 0.4562 0.0063 0.0125
3 0.7225 0.4731 0.0075 0.0150
3 0.9287 0.0212 0.0075 0.0112
3 0.9531 0.0244 0.0063 0.0112
3 0.9609 0.0256 0.0063 0.0138
3 0.9672 0.0156 0.0063 0.0125
3 0.9744 0.0156 0.0050 0.0125
3 0.9797 0.0156 0.0063 0.0125
3 0.9875 0.0159 0.0063 0.0100
3 0.9922 0.0156 0.0063 0.0125
3 0.9778 0.0287 0.0087 0.0138
3 0.9850 0.0287 0.0075 0.0138
3 0.9969 0.0297 0.0063 0.0125
3 0.9006 0.0422 0.0075 0.0125
3 0.9369 0.0494 0.0050 0.0112
3 0.9437 0.0506 0.0063 0.0138
3 0.9500 0.0528 0.0063 0.0150
3 0.9744 0.0547 0.0050 0.0125
3 0.9547 0.0644 0.0063 0.0100
3 0.9609 0.0656 0.0063 0.0125
3 0.9662 0.0669 0.0075 0.0150
3 0.9797 0.0678 0.0063 0.0138
3 0.9844 0.0703 0.0063 0.0125
3 0.9922 0.0697 0.0063 0.0112
3 0.9928 0.0569 0.0075 0.0138
3 0.9812 0.0547 0.0063 0.0125
3 0.9187 0.0866 0.0063 0.0138
3 0.9356 0.1006 0.0087 0.0138
3 0.9437 0.1022 0.0063 0.0138
3 0.9491 0.1038 0.0075 0.0138
3 0.9741 0.0959 0.0075 0.0138
3 0.9812 0.0953 0.0063 0.0125
3 0.9875 0.0969 0.0063 0.0125
3 0.9803 0.1094 0.0075 0.0125
3 0.9988 0.0969 0.0037 0.0125
3 0.9969 0.1106 0.0063 0.0150
3 0.9313 0.1272 0.0063 0.0138
3 0.9247 0.1266 0.0087 0.0125
3 0.8881 0.1219 0.0075 0.0125
3 0.8750 0.1313 0.0063 0.0125
3 0.9544 0.1428 0.0087 0.0138
3 0.9625 0.1444 0.0063 0.0138
3 0.9678 0.1444 0.0075 0.0138
3 0.9741 0.1459 0.0075 0.0138
3 0.9797 0.1462 0.0063 0.0112
3 0.9859 0.1462 0.0063 0.0112
3 0.9916 0.1475 0.0050 0.0138
3 0.8938 0.1600 0.0063 0.0138
3 0.8812 0.1709 0.0063 0.0138
3 0.9053 0.1756 0.0075 0.0138
3 0.9194 0.1656 0.0075 0.0125
3 0.9194 0.1781 0.0075 0.0125
3 0.9016 0.1597 0.0063 0.0100
3 0.9322 0.1672 0.0050 0.0125
3 0.9313 0.1791 0.0063 0.0112
3 0.9453 0.1694 0.0063 0.0138
3 0.9369 0.1788 0.0050 0.0138
3 0.9444 0.1794 0.0075 0.0150
3 0.9563 0.1828 0.0063 0.0125
3 0.9631 0.1725 0.0075 0.0138
3 0.9625 0.1850 0.0063 0.0138
3 0.9681 0.1850 0.0050 0.0138
3 0.9750 0.1731 0.0063 0.0150
3 0.9741 0.1856 0.0075 0.0150
3 0.9922 0.1884 0.0063 0.0112
3 0.9881 0.1747 0.0075 0.0150
3 0.9859 0.1872 0.0063 0.0150
3 0.9125 0.2241 0.0125 0.0075
3 0.9250 0.2053 0.0063 0.0138
3 0.9672 0.1056 0.0063 0.0112
3 0.9069 0.2016 0.0075 0.0125
3 0.9403 0.1962 0.0087 0.0112
3 0.9437 0.2087 0.0063 0.0112
3 0.9500 0.2094 0.0063 0.0125
3 0.9563 0.2112 0.0063 0.0163
3 0.9631 0.2109 0.0075 0.0125
3 0.9681 0.2125 0.0050 0.0125
3 0.9744 0.2122 0.0050 0.0150
3 0.9819 0.2144 0.0075 0.0163
3 0.9875 0.2159 0.0063 0.0163
3 0.9938 0.2162 0.0063 0.0138
3 0.8125 0.2413 0.0063 0.0138
3 0.8063 0.2413 0.0063 0.0138
3 0.7897 0.2472 0.0138 0.0100
3 0.8484 0.2475 0.0063 0.0138
3 0.8741 0.2525 0.0075 0.0112
3 0.8869 0.2531 0.0050 0.0125
3 0.8984 0.2553 0.0063 0.0138
3 0.8812 0.2531 0.0063 0.0125
3 0.7881 0.2547 0.0138 0.0063
3 0.7875 0.2609 0.0125 0.0063
3 0.7875 0.2662 0.0125 0.0075
3 0.7853 0.2734 0.0112 0.0063
3 0.7844 0.2797 0.0125 0.0063
3 0.7834 0.2866 0.0138 0.0075
3 0.7844 0.2922 0.0125 0.0063
3 0.7822 0.2994 0.0112 0.0050
3 0.7822 0.3047 0.0112 0.0063
3 0.7812 0.3109 0.0125 0.0063
3 0.7806 0.3187 0.0112 0.0063
3 0.7866 0.3303 0.0138 0.0075
3 0.7772 0.3341 0.0138 0.0087
3 0.7759 0.3406 0.0112 0.0063
3 0.7725 0.3663 0.0138 0.0075
3 0.7678 0.3897 0.0138 0.0075
3 0.7672 0.4022 0.0125 0.0075
3 0.8272 0.2725 0.0075 0.0138
3 0.8137 0.2828 0.0087 0.0125
3 0.8688 0.2906 0.0063 0.0125
3 0.8834 0.2803 0.0075 0.0138
3 0.8812 0.2938 0.0063 0.0125
3 0.8750 0.2938 0.0063 0.0125
3 0.8637 0.2797 0.0087 0.0125
3 0.8928 0.2950 0.0075 0.0150
3 0.8991 0.2963 0.0075 0.0112
3 0.9178 0.2922 0.0075 0.0125
3 0.9434 0.2631 0.0087 0.0138
3 0.9556 0.2641 0.0050 0.0125
3 0.9625 0.2659 0.0063 0.0163
3 0.9669 0.2669 0.0087 0.0150
3 0.9734 0.2662 0.0063 0.0138
3 0.9812 0.2678 0.0063 0.0138
3 0.9903 0.2687 0.0087 0.0125
3 0.8509 0.3156 0.0050 0.0125
3 0.8434 0.3281 0.0087 0.0125
3 0.8450 0.3541 0.0087 0.0112
3 0.8694 0.3591 0.0075 0.0150
3 0.8569 0.3291 0.0075 0.0112
3 0.8584 0.3172 0.0075 0.0125
3 0.8650 0.3181 0.0050 0.0112
3 0.8759 0.3203 0.0050 0.0125
3 0.8828 0.3216 0.0063 0.0150
3 0.8875 0.3341 0.0063 0.0150
3 0.8944 0.3334 0.0075 0.0138
3 0.9275 0.3263 0.0050 0.0150
3 0.9328 0.2888 0.0063 0.0150
3 0.9306 0.3003 0.0050 0.0100
3 0.9375 0.3031 0.0063 0.0125
3 0.9453 0.2931 0.0063 0.0112
3 0.9484 0.3038 0.0063 0.0138
3 0.9563 0.3038 0.0063 0.0138
3 0.9625 0.2931 0.0063 0.0112
3 0.9609 0.3047 0.0063 0.0125
3 0.9672 0.3069 0.0063 0.0138
3 0.9750 0.3078 0.0063 0.0125
3 0.9750 0.2941 0.0063 0.0100
3 0.9812 0.2938 0.0063 0.0125
3 0.9788 0.3094 0.0075 0.0125
3 0.9828 0.3197 0.0063 0.0112
3 0.9881 0.2975 0.0075 0.0138
3 0.9919 0.3103 0.0087 0.0112
3 0.9953 0.2963 0.0063 0.0112
3 0.9516 0.3334 0.0063 0.0138
3 0.9594 0.3325 0.0063 0.0150
3 0.9641 0.3337 0.0063 0.0112
3 0.9709 0.3344 0.0075 0.0125
3 0.9875 0.3391 0.0063 0.0125
3 0.9247 0.3400 0.0087 0.0112
3 0.9325 0.3412 0.0087 0.0138
3 0.9369 0.3416 0.0050 0.0112
3 0.9437 0.3438 0.0063 0.0125
3 0.9272 0.3663 0.0075 0.0138
3 0.8881 0.3725 0.0075 0.0138
3 0.9381 0.3819 0.0075 0.0138
3 0.9319 0.3803 0.0075 0.0138
3 0.9194 0.3775 0.0075 0.0112
3 0.9250 0.3784 0.0063 0.0100
3 0.9281 0.4162 0.0063 0.0138
3 0.7600 0.4388 0.0138 0.0087
3 0.7609 0.4469 0.0125 0.0063
3 0.7606 0.4522 0.0150 0.0075
3 0.7584 0.4641 0.0138 0.0063
3 0.7578 0.4719 0.0125 0.0063
3 0.7537 0.4778 0.0138 0.0087
3 0.7537 0.4900 0.0138 0.0112
3 0.7503 0.5200 0.0163 0.0087
3 0.7491 0.5281 0.0138 0.0063
3 0.7850 0.5413 0.0325 0.0138
3 0.9094 0.5262 0.0125 0.0087
3 0.8675 0.6069 0.0163 0.0075
3 0.9209 0.5897 0.0075 0.0138
3 0.9022 0.5569 0.0138 0.0075
3 0.8819 0.3975 0.0075 0.0138
3 0.8762 0.3703 0.0087 0.0125
3 0.8328 0.3900 0.0063 0.0112
3 0.8694 0.4100 0.0075 0.0138
3 0.9147 0.4169 0.0075 0.0150
3 0.9209 0.4178 0.0075 0.0138
3 0.9369 0.4178 0.0050 0.0138
3 0.9116 0.4428 0.0075 0.0138
3 0.9231 0.4987 0.0087 0.0163
3 0.9334 0.5563 0.0138 0.0063
3 0.9334 0.5434 0.0138 0.0087
3 0.9719 0.5694 0.0125 0.0075
3 0.9747 0.5631 0.0150 0.0075
3 0.9756 0.5563 0.0138 0.0063
3 0.9781 0.5494 0.0125 0.0050
3 0.9775 0.5444 0.0112 0.0075
