3 0.1494 0.8962 0.0238 0.0238
3 0.5503 0.9916 0.0225 0.0175
3 0.5684 0.9788 0.0212 0.0200
3 0.6044 0.9850 0.0212 0.0200
3 0.1278 0.9387 0.0212 0.0150
3 0.1762 0.9531 0.0212 0.0187
3 0.1309 0.9272 0.0275 0.0200
3 0.1378 0.9169 0.0225 0.0212
3 0.1441 0.9062 0.0225 0.0187
3 0.1800 0.9441 0.0225 0.0225
3 0.9391 0.3425 0.0250 0.0225
3 0.9300 0.3513 0.0225 0.0212
3 0.9225 0.3678 0.0263 0.0200
3 0.9184 0.3837 0.0212 0.0112
3 0.9156 0.3972 0.0250 0.0100
3 0.9181 0.4069 0.0238 0.0138
3 0.9200 0.4313 0.0212 0.0125
3 0.9081 0.4437 0.0225 0.0125
3 0.9131 0.4581 0.0200 0.0100
3 0.9153 0.4713 0.0212 0.0112
3 0.9169 0.4838 0.0212 0.0112
3 0.9637 0.4350 0.0275 0.0138
3 0.9647 0.4259 0.0263 0.0112
3 0.8909 0.0238 0.0225 0.0287
3 0.8581 0.0072 0.0163 0.0112
3 0.8694 0.0116 0.0200 0.0200
3 0.8809 0.0150 0.0212 0.0238
3 0.9647 0.4028 0.0200 0.0150
3 0.9756 0.3859 0.0200 0.0187
3 0.9875 0.3937 0.0187 0.0250
3 0.9928 0.3984 0.0138 0.0250
3 0.6891 0.9131 0.0250 0.0138
3 0.8097 0.9356 0.0225 0.0150
