3 0.1400 0.0163 0.0050 0.0138
3 0.1562 0.0069 0.0125 0.0075
3 0.0131 0.1288 0.0075 0.0138
3 0.0762 0.3412 0.0087 0.0138
3 0.0103 0.4191 0.0050 0.0100
3 0.0838 0.4197 0.0112 0.0175
3 0.1450 0.4981 0.0087 0.0150
3 0.1784 0.4522 0.0100 0.0138
3 0.1944 0.4912 0.0075 0.0138
3 0.1975 0.4597 0.0138 0.0100
3 0.2797 0.4497 0.0063 0.0150
3 0.1688 0.4319 0.0063 0.0138
3 0.1778 0.5419 0.0087 0.0150
3 0.2100 0.6219 0.0075 0.0125
3 0.2013 0.6428 0.0087 0.0138
3 0.2331 0.6819 0.0100 0.0138
3 0.2669 0.6725 0.0087 0.0138
3 0.2569 0.7359 0.0138 0.0250
3 0.3013 0.8688 0.0087 0.0125
3 0.2825 0.8719 0.0087 0.0125
3 0.2969 0.9012 0.0125 0.0087
3 0.4862 0.8553 0.0100 0.0075
3 0.5469 0.8037 0.0125 0.0075
3 0.5803 0.7909 0.0138 0.0100
3 0.5963 0.8059 0.0112 0.0087
3 0.6138 0.6919 0.0087 0.0150
3 0.5381 0.3794 0.0075 0.0150
3 0.3944 0.3297 0.0075 0.0125
3 0.4213 0.3038 0.0112 0.0075
3 0.4819 0.3478 0.0075 0.0112
3 0.7703 0.3206 0.0063 0.0100
3 0.7744 0.3431 0.0050 0.0112
3 0.8350 0.6069 0.0138 0.0075
3 0.8953 0.7506 0.0125 0.0075
3 0.9225 0.4175 0.0075 0.0163
3 0.9375 0.4241 0.0125 0.0075
3 0.9544 0.3903 0.0150 0.0087
3 0.9178 0.3100 0.0075 0.0138
3 0.9819 0.0631 0.0075 0.0138
3 0.9834 0.0509 0.0075 0.0112
3 0.9491 0.1744 0.0075 0.0175
3 0.9547 0.1975 0.0125 0.0075
3 0.9537 0.1500 0.0075 0.0125
3 0.8475 0.1997 0.0075 0.0150
3 0.8584 0.1613 0.0075 0.0163
3 0.7569 0.1391 0.0075 0.0125
