3 0.2075 0.0103 0.0087 0.0112
3 0.2181 0.0119 0.0112 0.0112
3 0.2566 0.0181 0.0100 0.0112
3 0.2700 0.0203 0.0087 0.0125
3 0.2778 0.0212 0.0087 0.0112
3 0.2847 0.0219 0.0100 0.0125
3 0.2916 0.0234 0.0112 0.0125
3 0.2994 0.0250 0.0112 0.0125
3 0.3112 0.0287 0.0100 0.0138
3 0.3294 0.0072 0.0087 0.0112
3 0.3212 0.0303 0.0112 0.0138
3 0.3300 0.0297 0.0100 0.0125
3 0.3412 0.0066 0.0075 0.0100
3 0.3403 0.0312 0.0087 0.0125
3 0.3488 0.0338 0.0100 0.0112
3 0.3547 0.0344 0.0125 0.0125
3 0.3631 0.0347 0.0075 0.0100
3 0.3691 0.0369 0.0100 0.0112
3 0.3756 0.0384 0.0075 0.0112
3 0.3884 0.0406 0.0112 0.0125
3 0.4381 0.0500 0.0075 0.0125
3 0.3509 0.0072 0.0050 0.0112
3 0.3584 0.0091 0.0075 0.0150
3 0.3672 0.0106 0.0063 0.0150
3 0.3750 0.0122 0.0063 0.0150
3 0.1544 0.2516 0.0150 0.0063
3 0.1544 0.2575 0.0150 0.0087
3 0.0766 0.3281 0.0063 0.0125
3 0.0584 0.3337 0.0075 0.0112
3 0.0791 0.4188 0.0112 0.0063
3 0.0775 0.4250 0.0112 0.0063
3 0.0759 0.4313 0.0112 0.0063
3 0.0759 0.4381 0.0112 0.0075
3 0.0741 0.4444 0.0138 0.0075
3 0.0744 0.4509 0.0112 0.0050
3 0.0725 0.4569 0.0138 0.0075
3 0.0725 0.4631 0.0138 0.0075
3 0.0725 0.4700 0.0138 0.0087
3 0.0694 0.4756 0.0138 0.0075
3 0.0684 0.4872 0.0150 0.0087
3 0.0256 0.4888 0.0138 0.0087
3 0.0166 0.5006 0.0175 0.0075
3 0.0163 0.5062 0.0138 0.0063
3 0.0166 0.5162 0.0175 0.0075
3 0.0534 0.5216 0.0163 0.0087
3 0.0512 0.5000 0.0150 0.0063
3 0.0663 0.4938 0.0138 0.0063
3 0.0984 0.4928 0.0125 0.0075
3 0.0984 0.4859 0.0125 0.0063
3 0.1031 0.4750 0.0125 0.0063
3 0.1022 0.4678 0.0138 0.0075
3 0.1025 0.4625 0.0112 0.0063
3 0.1094 0.5047 0.0125 0.0125
3 0.1359 0.5094 0.0125 0.0125
3 0.1506 0.5088 0.0075 0.0112
3 0.0531 0.5506 0.0125 0.0075
3 0.0047 0.6044 0.0063 0.0087
3 0.1066 0.5850 0.0163 0.0075
3 0.1075 0.5731 0.0150 0.0087
3 0.1163 0.5597 0.0200 0.0100
3 0.1881 0.6044 0.0075 0.0150
3 0.2612 0.5631 0.0163 0.0075
3 0.2094 0.9662 0.0063 0.0138
3 0.2466 0.9597 0.0087 0.0163
3 0.2147 0.9216 0.0075 0.0150
3 0.2531 0.9225 0.0063 0.0138
3 0.3444 0.9766 0.0075 0.0125
3 0.3116 0.9419 0.0075 0.0150
3 0.2241 0.5391 0.0075 0.0125
3 0.2659 0.5422 0.0100 0.0063
3 0.3131 0.9713 0.0075 0.0112
3 0.3256 0.9719 0.0075 0.0125
3 0.3234 0.9219 0.0063 0.0125
3 0.3172 0.9225 0.0063 0.0138
3 0.3053 0.9209 0.0075 0.0138
3 0.2656 0.9059 0.0063 0.0150
3 0.2562 0.9053 0.0063 0.0138
3 0.2138 0.8616 0.0087 0.0138
3 0.2256 0.8250 0.0075 0.0125
3 0.2375 0.8272 0.0063 0.0138
3 0.2250 0.8631 0.0063 0.0138
3 0.2600 0.8694 0.0075 0.0138
3 0.3631 0.8569 0.0138 0.0075
3 0.3203 0.8672 0.0063 0.0125
3 0.3069 0.8928 0.0075 0.0138
3 0.3181 0.8216 0.0050 0.0150
3 0.3109 0.8231 0.0063 0.0150
3 0.2844 0.8559 0.0063 0.0150
3 0.2828 0.8709 0.0063 0.0138
3 0.2819 0.8828 0.0075 0.0125
3 0.2891 0.8162 0.0063 0.0138
3 0.2938 0.8044 0.0063 0.0150
3 0.2975 0.7866 0.0075 0.0138
3 0.2731 0.7956 0.0087 0.0163
3 0.3200 0.7737 0.0150 0.0100
3 0.3016 0.7569 0.0063 0.0138
3 0.2812 0.7544 0.0063 0.0150
3 0.2922 0.7388 0.0063 0.0150
3 0.3078 0.7522 0.0063 0.0138
3 0.3397 0.7519 0.0075 0.0163
3 0.3312 0.7516 0.0063 0.0125
3 0.3500 0.7544 0.0063 0.0150
3 0.3100 0.7075 0.0075 0.0150
3 0.3366 0.7203 0.0075 0.0125
3 0.3156 0.6700 0.0063 0.0150
3 0.3469 0.6419 0.0063 0.0150
3 0.2812 0.5662 0.0125 0.0075
3 0.2969 0.5694 0.0125 0.0075
3 0.3622 0.5794 0.0150 0.0087
3 0.3912 0.5841 0.0138 0.0087
3 0.4366 0.5944 0.0138 0.0075
3 0.4506 0.5950 0.0138 0.0087
3 0.4794 0.6006 0.0150 0.0075
3 0.4969 0.6013 0.0125 0.0087
3 0.5413 0.6100 0.0138 0.0075
3 0.5537 0.6122 0.0138 0.0087
3 0.6034 0.6200 0.0163 0.0087
3 0.5484 0.6584 0.0063 0.0138
3 0.5569 0.6450 0.0075 0.0150
3 0.5659 0.6487 0.0100 0.0163
3 0.4719 0.6200 0.0125 0.0087
3 0.4963 0.6241 0.0112 0.0075
3 0.7319 0.6631 0.0138 0.0075
3 0.7469 0.6663 0.0125 0.0075
3 0.7609 0.6694 0.0125 0.0075
3 0.7766 0.6694 0.0125 0.0075
3 0.6838 0.7009 0.0112 0.0050
3 0.6816 0.7188 0.0100 0.0063
3 0.6769 0.7359 0.0100 0.0063
3 0.6775 0.7431 0.0112 0.0050
3 0.6734 0.7553 0.0125 0.0075
3 0.6725 0.7638 0.0138 0.0087
3 0.6725 0.7725 0.0138 0.0075
3 0.6725 0.7787 0.0138 0.0075
3 0.6703 0.7850 0.0125 0.0075
3 0.6669 0.8006 0.0150 0.0075
3 0.6941 0.8022 0.0100 0.0075
3 0.6956 0.7953 0.0100 0.0063
3 0.6972 0.7828 0.0100 0.0063
3 0.6978 0.7766 0.0112 0.0063
3 0.7003 0.7694 0.0100 0.0075
3 0.9100 0.7594 0.0075 0.0125
3 0.8106 0.8281 0.0150 0.0063
3 0.8125 0.8187 0.0125 0.0063
3 0.8119 0.8125 0.0112 0.0063
3 0.8144 0.8063 0.0100 0.0063
3 0.8147 0.8006 0.0138 0.0075
3 0.8150 0.7944 0.0112 0.0075
3 0.8166 0.7875 0.0112 0.0063
3 0.8166 0.7812 0.0112 0.0063
3 0.8197 0.7750 0.0112 0.0063
3 0.8197 0.7688 0.0112 0.0063
3 0.8219 0.7631 0.0125 0.0075
3 0.8222 0.7556 0.0100 0.0050
3 0.8222 0.7494 0.0100 0.0050
3 0.8256 0.7434 0.0138 0.0087
3 0.8272 0.6803 0.0138 0.0075
3 0.8287 0.6569 0.0138 0.0075
3 0.8428 0.6594 0.0138 0.0063
3 0.8588 0.6638 0.0112 0.0087
3 0.8647 0.6850 0.0138 0.0075
3 0.8975 0.6900 0.0138 0.0050
3 0.9134 0.6944 0.0112 0.0075
3 0.8491 0.6266 0.0138 0.0063
3 0.8984 0.5984 0.0125 0.0063
3 0.8859 0.5891 0.0125 0.0063
3 0.8544 0.6084 0.0150 0.0075
3 0.7031 0.6000 0.0125 0.0063
3 0.8559 0.5981 0.0150 0.0087
3 0.8594 0.5819 0.0125 0.0075
3 0.8606 0.5756 0.0150 0.0075
3 0.8625 0.5641 0.0125 0.0063
3 0.8628 0.5563 0.0163 0.0063
3 0.8647 0.5513 0.0138 0.0087
3 0.5956 0.0187 0.0163 0.0063
3 0.6869 0.0341 0.0175 0.0087
3 0.1781 0.2687 0.0125 0.0063
3 0.1812 0.2562 0.0125 0.0063
3 0.0906 0.3297 0.0063 0.0125
3 0.1038 0.3303 0.0075 0.0138
3 0.1109 0.3325 0.0063 0.0150
3 0.4653 0.0681 0.0087 0.0112
3 0.4569 0.0659 0.0075 0.0100
3 0.4497 0.0666 0.0087 0.0112
3 0.4506 0.0531 0.0075 0.0125
3 0.4631 0.0531 0.0075 0.0125
