3 0.1437 0.0047 0.0063 0.0063
3 0.1566 0.0516 0.0100 0.0063
3 0.1397 0.0609 0.0075 0.0125
3 0.0928 0.1225 0.0075 0.0138
3 0.0131 0.1741 0.0075 0.0138
3 0.0762 0.3844 0.0087 0.0125
3 0.0847 0.4653 0.0100 0.0150
3 0.0109 0.4612 0.0063 0.0100
3 0.1441 0.5409 0.0100 0.0163
3 0.1778 0.4969 0.0087 0.0125
3 0.1984 0.5019 0.0125 0.0100
3 0.1934 0.5341 0.0087 0.0150
3 0.1781 0.5850 0.0063 0.0138
3 0.2100 0.6656 0.0075 0.0125
3 0.2000 0.6866 0.0063 0.0138
3 0.2356 0.7256 0.0087 0.0138
3 0.2653 0.7162 0.0087 0.0138
3 0.2575 0.7787 0.0150 0.0263
3 0.2825 0.9172 0.0087 0.0125
3 0.3013 0.9116 0.0087 0.0138
3 0.3106 0.9150 0.0087 0.0112
3 0.2969 0.9450 0.0125 0.0087
3 0.3275 0.9459 0.0112 0.0075
3 0.3337 0.9506 0.0112 0.0075
3 0.4869 0.8984 0.0112 0.0063
3 0.5469 0.8466 0.0125 0.0087
3 0.5819 0.8325 0.0138 0.0087
3 0.5972 0.8506 0.0100 0.0075
3 0.6147 0.7359 0.0075 0.0125
3 0.3959 0.3741 0.0075 0.0138
3 0.4213 0.3475 0.0112 0.0075
3 0.4819 0.3912 0.0075 0.0138
3 0.5375 0.4244 0.0063 0.0112
3 0.8959 0.7950 0.0138 0.0087
3 0.9384 0.4688 0.0112 0.0063
3 0.9231 0.4631 0.0087 0.0138
3 0.9553 0.4350 0.0138 0.0075
3 0.9187 0.3547 0.0063 0.0125
3 0.9547 0.2406 0.0125 0.0063
3 0.9484 0.2194 0.0063 0.0138
3 0.9531 0.1953 0.0063 0.0125
3 0.8475 0.2444 0.0075 0.0138
3 0.8578 0.2038 0.0063 0.0138
3 0.9828 0.1078 0.0063 0.0125
3 0.9850 0.0953 0.0075 0.0125
3 0.7281 0.1047 0.0063 0.0125
3 0.8394 0.1178 0.0100 0.0075
3 0.2697 0.0641 0.0112 0.0063
3 0.4641 0.0891 0.0125 0.0063
3 0.4428 0.0934 0.0138 0.0087
3 0.9006 0.1616 0.0138 0.0075
3 0.9384 0.1856 0.0050 0.0150
