3 0.0394 0.0619 0.0100 0.0050
3 0.1575 0.0469 0.0087 0.0125
3 0.1678 0.0397 0.0075 0.0138
3 0.1638 0.0553 0.0087 0.0138
3 0.0709 0.1425 0.0075 0.0163
3 0.0319 0.1609 0.0075 0.0125
3 0.0506 0.1634 0.0075 0.0112
3 0.0881 0.1437 0.0075 0.0125
3 0.1159 0.1428 0.0100 0.0138
3 0.0194 0.1903 0.0075 0.0150
3 0.0500 0.1950 0.0063 0.0150
3 0.0863 0.1906 0.0100 0.0125
3 0.0650 0.2291 0.0112 0.0112
3 0.0556 0.2547 0.0112 0.0125
3 0.0200 0.2122 0.0087 0.0150
3 0.0272 0.2156 0.0075 0.0125
3 0.0319 0.1909 0.0075 0.0163
3 0.0163 0.3047 0.0138 0.0125
3 0.0600 0.2931 0.0200 0.0238
3 0.0322 0.3725 0.0112 0.0138
3 0.0212 0.3831 0.0112 0.0100
3 0.0097 0.3969 0.0100 0.0125
3 0.0387 0.3837 0.0087 0.0112
3 0.0291 0.3975 0.0112 0.0138
3 0.0469 0.4406 0.0063 0.0125
3 0.0397 0.4397 0.0075 0.0138
3 0.0116 0.5116 0.0138 0.0075
3 0.0462 0.5106 0.0112 0.0087
3 0.0656 0.5131 0.0125 0.0075
3 0.0966 0.5169 0.0150 0.0087
3 0.1000 0.5278 0.0187 0.0087
3 0.0700 0.5262 0.0150 0.0087
3 0.0531 0.5397 0.0125 0.0075
3 0.0906 0.8662 0.0063 0.0138
3 0.0844 0.8662 0.0063 0.0138
3 0.0334 0.8584 0.0075 0.0138
3 0.0084 0.8538 0.0075 0.0138
3 0.0047 0.9575 0.0063 0.0150
3 0.0125 0.9600 0.0063 0.0138
3 0.1094 0.7369 0.0063 0.0112
3 0.1141 0.7384 0.0063 0.0112
3 0.1197 0.7400 0.0050 0.0112
3 0.1306 0.7406 0.0050 0.0125
3 0.1547 0.5750 0.0125 0.0063
3 0.0825 0.5669 0.0087 0.0150
3 0.1366 0.5153 0.0138 0.0087
3 0.1663 0.5131 0.0138 0.0075
3 0.2941 0.0366 0.0100 0.0075
3 0.3266 0.0344 0.0125 0.0063
3 0.3175 0.0594 0.0100 0.0063
3 0.2138 0.1553 0.0087 0.0138
3 0.2197 0.1906 0.0050 0.0125
3 0.2266 0.1900 0.0063 0.0112
3 0.2491 0.1953 0.0075 0.0125
3 0.2069 0.5100 0.0075 0.0138
3 0.2225 0.5459 0.0138 0.0075
3 0.5372 0.0544 0.0087 0.0087
3 0.5494 0.0528 0.0112 0.0087
3 0.5525 0.0572 0.0112 0.0112
3 0.5881 0.0619 0.0075 0.0112
3 0.5997 0.0634 0.0087 0.0112
3 0.6075 0.0650 0.0087 0.0112
3 0.6144 0.0650 0.0100 0.0112
3 0.6206 0.0681 0.0100 0.0112
3 0.6275 0.0681 0.0112 0.0112
3 0.6709 0.0469 0.0075 0.0125
3 0.6816 0.0131 0.0163 0.0075
3 0.6609 0.0469 0.0063 0.0125
3 0.6400 0.0706 0.0112 0.0100
3 0.6525 0.0725 0.0112 0.0138
3 0.6603 0.0719 0.0112 0.0125
3 0.6706 0.0744 0.0100 0.0112
3 0.6784 0.0775 0.0100 0.0112
3 0.6831 0.0784 0.0100 0.0100
3 0.6912 0.0806 0.0075 0.0112
3 0.6972 0.0797 0.0100 0.0125
3 0.7044 0.0831 0.0087 0.0100
3 0.7175 0.0838 0.0100 0.0112
3 0.6819 0.0497 0.0075 0.0150
3 0.6897 0.0531 0.0075 0.0125
3 0.6959 0.0537 0.0075 0.0138
3 0.7031 0.0547 0.0063 0.0125
3 0.7669 0.0919 0.0087 0.0150
3 0.8922 0.0063 0.0125 0.0063
3 0.8069 0.0422 0.0138 0.0063
3 0.9256 0.0631 0.0138 0.0075
3 0.7809 0.0938 0.0087 0.0125
3 0.7797 0.1078 0.0125 0.0125
3 0.7872 0.1103 0.0087 0.0112
3 0.7956 0.1134 0.0100 0.0112
3 0.4847 0.2944 0.0163 0.0075
3 0.5119 0.2991 0.0112 0.0075
3 0.4856 0.3006 0.0150 0.0075
3 0.5103 0.3063 0.0112 0.0063
3 0.5094 0.3125 0.0125 0.0063
3 0.5081 0.3200 0.0100 0.0087
3 0.4397 0.3756 0.0075 0.0138
3 0.4341 0.3731 0.0087 0.0150
3 0.4200 0.3731 0.0087 0.0150
3 0.4069 0.3719 0.0075 0.0125
3 0.4003 0.3728 0.0100 0.0112
3 0.3881 0.3766 0.0075 0.0125
3 0.3966 0.3763 0.0087 0.0150
3 0.1353 0.4681 0.0112 0.0175
3 0.2388 0.5491 0.0150 0.0075
3 0.2453 0.5850 0.0125 0.0075
3 0.2447 0.5919 0.0112 0.0087
3 0.2787 0.5919 0.0138 0.0087
3 0.2656 0.6047 0.0063 0.0125
3 0.2578 0.6053 0.0063 0.0138
3 0.2600 0.5522 0.0138 0.0075
3 0.3109 0.5516 0.0125 0.0063
3 0.3469 0.5591 0.0125 0.0087
3 0.3466 0.5500 0.0150 0.0063
3 0.3466 0.5437 0.0150 0.0063
3 0.3563 0.5312 0.0125 0.0063
3 0.4094 0.4334 0.0063 0.0138
3 0.4094 0.4562 0.0125 0.0063
3 0.4094 0.4631 0.0125 0.0075
3 0.4075 0.4688 0.0087 0.0063
3 0.4056 0.4750 0.0112 0.0063
3 0.4056 0.4819 0.0112 0.0075
3 0.4041 0.4875 0.0112 0.0063
3 0.4025 0.4944 0.0112 0.0075
3 0.4019 0.5000 0.0100 0.0063
3 0.4019 0.5062 0.0100 0.0063
3 0.4016 0.5131 0.0125 0.0075
3 0.3994 0.5188 0.0112 0.0063
3 0.3969 0.5306 0.0125 0.0050
3 0.4275 0.5369 0.0112 0.0050
3 0.4313 0.5116 0.0125 0.0075
3 0.4331 0.5062 0.0100 0.0063
3 0.3828 0.5447 0.0125 0.0050
3 0.3844 0.5662 0.0125 0.0075
3 0.3944 0.5781 0.0138 0.0063
3 0.4416 0.5478 0.0112 0.0112
3 0.4666 0.5525 0.0112 0.0112
3 0.4819 0.5544 0.0075 0.0150
3 0.3331 0.6566 0.0163 0.0100
3 0.3350 0.6497 0.0138 0.0087
3 0.3350 0.6434 0.0138 0.0087
3 0.3844 0.5944 0.0125 0.0075
3 0.4000 0.6216 0.0063 0.0150
3 0.4344 0.6272 0.0125 0.0075
3 0.4375 0.6188 0.0125 0.0063
3 0.4447 0.6059 0.0175 0.0087
3 0.4581 0.6075 0.0100 0.0087
3 0.4766 0.6091 0.0125 0.0087
3 0.5212 0.5672 0.0050 0.0125
3 0.4912 0.6116 0.0138 0.0075
3 0.5178 0.6475 0.0075 0.0138
3 0.3219 0.7116 0.0125 0.0075
3 0.3225 0.7188 0.0138 0.0063
3 0.3163 0.7350 0.0138 0.0075
3 0.5553 0.5825 0.0075 0.0150
3 0.5972 0.5859 0.0100 0.0063
3 0.5956 0.5938 0.0100 0.0063
3 0.5916 0.6069 0.0175 0.0075
3 0.6109 0.6100 0.0125 0.0075
3 0.6275 0.6125 0.0112 0.0063
3 0.7216 0.6294 0.0150 0.0087
3 0.6931 0.6244 0.0112 0.0050
3 0.6519 0.6572 0.0100 0.0112
3 0.6450 0.7125 0.0087 0.0125
3 0.6397 0.7512 0.0075 0.0150
3 0.6756 0.6856 0.0075 0.0150
3 0.6834 0.6844 0.0075 0.0125
3 0.6172 0.7644 0.0063 0.0163
3 0.5931 0.7778 0.0175 0.0087
3 0.6219 0.7825 0.0063 0.0150
3 0.6663 0.7622 0.0075 0.0150
3 0.6813 0.7641 0.0063 0.0125
3 0.6459 0.7897 0.0075 0.0138
3 0.6516 0.8169 0.0125 0.0087
3 0.6381 0.7959 0.0075 0.0138
3 0.6312 0.8016 0.0063 0.0125
3 0.6687 0.7953 0.0063 0.0125
3 0.6813 0.7975 0.0063 0.0138
3 0.6038 0.8391 0.0075 0.0125
3 0.6256 0.8319 0.0075 0.0138
3 0.6241 0.8469 0.0075 0.0125
3 0.6216 0.8600 0.0087 0.0138
3 0.6475 0.8641 0.0075 0.0125
3 0.6416 0.8672 0.0050 0.0125
3 0.5694 0.8691 0.0075 0.0100
3 0.5563 0.8678 0.0063 0.0138
3 0.5625 0.8709 0.0063 0.0138
3 0.5431 0.9053 0.0050 0.0138
3 0.6922 0.9006 0.0125 0.0075
3 0.6963 0.8881 0.0112 0.0075
3 0.6844 0.8881 0.0125 0.0075
3 0.6744 0.8866 0.0112 0.0075
3 0.6141 0.8994 0.0063 0.0112
3 0.6131 0.9134 0.0075 0.0112
3 0.6100 0.9250 0.0075 0.0125
3 0.6500 0.9103 0.0063 0.0112
3 0.6375 0.9359 0.0063 0.0125
3 0.5637 0.9412 0.0087 0.0138
3 0.5450 0.9647 0.0087 0.0138
3 0.6412 0.9859 0.0075 0.0125
3 0.6531 0.9656 0.0063 0.0125
3 0.6462 0.9662 0.0050 0.0138
3 0.5834 0.9650 0.0075 0.0112
3 0.5956 0.9497 0.0100 0.0150
3 0.5856 0.9475 0.0087 0.0138
3 0.6344 0.9647 0.0063 0.0138
3 0.6400 0.9656 0.0050 0.0125
3 0.7678 0.6375 0.0138 0.0063
3 0.7828 0.6388 0.0125 0.0087
3 0.8106 0.6438 0.0150 0.0063
3 0.8266 0.6444 0.0125 0.0075
3 0.8703 0.6547 0.0125 0.0063
3 0.8844 0.6559 0.0125 0.0087
3 0.9322 0.6647 0.0112 0.0075
3 0.7750 0.6584 0.0125 0.0075
3 0.8031 0.6631 0.0125 0.0075
3 0.8281 0.6675 0.0125 0.0100
3 0.8772 0.7028 0.0075 0.0150
3 0.8412 0.6694 0.0138 0.0075
