3 0.1716 0.0469 0.0087 0.0125
3 0.3812 0.0234 0.0125 0.0063
3 0.4006 0.0994 0.0075 0.0238
3 0.3944 0.1363 0.0075 0.0163
3 0.3944 0.1506 0.0075 0.0138
3 0.3897 0.1728 0.0075 0.0112
3 0.3881 0.1866 0.0075 0.0138
3 0.3875 0.2084 0.0063 0.0138
3 0.3869 0.2234 0.0050 0.0125
3 0.3869 0.2409 0.0050 0.0100
3 0.3412 0.3044 0.0075 0.0150
3 0.3531 0.3100 0.0063 0.0138
3 0.3563 0.2934 0.0063 0.0150
3 0.4469 0.3725 0.0125 0.0075
3 0.3741 0.4303 0.0075 0.0138
3 0.3400 0.4362 0.0112 0.0100
3 0.7041 0.3319 0.0112 0.0075
3 0.6631 0.4609 0.0075 0.0125
3 0.7034 0.3387 0.0100 0.0087
3 0.6966 0.3750 0.0150 0.0063
3 0.6944 0.3819 0.0138 0.0075
3 0.6934 0.3881 0.0150 0.0075
3 0.6922 0.3937 0.0125 0.0063
3 0.7250 0.3969 0.0063 0.0125
3 0.7322 0.3975 0.0050 0.0138
3 0.7391 0.3997 0.0063 0.0150
3 0.7500 0.4012 0.0063 0.0150
3 0.7569 0.4022 0.0075 0.0138
3 0.7631 0.4037 0.0075 0.0138
3 0.7697 0.4044 0.0050 0.0150
3 0.7756 0.4059 0.0075 0.0150
3 0.7806 0.4088 0.0050 0.0112
3 0.7881 0.4084 0.0075 0.0138
3 0.8194 0.4094 0.0075 0.0125
3 0.6078 0.0047 0.0063 0.0063
3 0.6703 0.0069 0.0125 0.0075
3 0.6903 0.0125 0.0150 0.0063
3 0.6891 0.0256 0.0125 0.0075
3 0.6900 0.0328 0.0112 0.0063
3 0.7775 0.0231 0.0175 0.0087
3 0.7281 0.7131 0.0125 0.0075
3 0.7453 0.7169 0.0125 0.0087
3 0.8416 0.7194 0.0112 0.0075
3 0.8553 0.7203 0.0138 0.0063
3 0.9037 0.7412 0.0138 0.0075
3 0.8200 0.9644 0.0087 0.0100
3 0.2569 0.9516 0.0075 0.0125
3 0.2881 0.9637 0.0075 0.0150
3 0.3125 0.8088 0.0063 0.0175
3 0.3269 0.6456 0.0100 0.0163
3 0.3984 0.6450 0.0125 0.0087
3 0.2709 0.8359 0.0075 0.0125
3 0.2691 0.8488 0.0100 0.0100
3 0.4078 0.9650 0.0063 0.0112
3 0.5031 0.9450 0.0125 0.0087
3 0.6325 0.7522 0.0087 0.0138
