3 0.1581 0.0281 0.0225 0.0125
3 0.2325 0.0134 0.0275 0.0112
3 0.2313 0.0322 0.0250 0.0112
3 0.4128 0.9750 0.0100 0.0250
3 0.4850 0.9756 0.0138 0.0263
3 0.4972 0.9747 0.0100 0.0275
3 0.5094 0.9762 0.0125 0.0275
3 0.5338 0.9750 0.0112 0.0250
3 0.5456 0.9756 0.0100 0.0263
3 0.5556 0.9766 0.0112 0.0250
3 0.5706 0.9497 0.0225 0.0150
3 0.5687 0.9391 0.0250 0.0125
3 0.5469 0.9025 0.0125 0.0238
3 0.5331 0.9025 0.0100 0.0238
3 0.5234 0.9028 0.0125 0.0275
3 0.5119 0.9031 0.0112 0.0250
3 0.4881 0.9022 0.0138 0.0263
3 0.4781 0.9022 0.0125 0.0263
3 0.4644 0.9028 0.0100 0.0275
3 0.4416 0.9006 0.0112 0.0263
3 0.4150 0.9000 0.0112 0.0312
3 0.5144 0.5525 0.0225 0.0112
3 0.4778 0.5219 0.0087 0.0250
3 0.3150 0.9894 0.0112 0.0225
3 0.4650 0.5225 0.0112 0.0263
3 0.4516 0.5175 0.0125 0.0287
3 0.4406 0.5184 0.0125 0.0275
3 0.3287 0.1562 0.0138 0.0250
3 0.3275 0.0809 0.0175 0.0588
3 0.3519 0.0628 0.0287 0.0600
3 0.4272 0.5178 0.0138 0.0263
3 0.5834 0.2722 0.0138 0.0225
3 0.6031 0.2722 0.0125 0.0225
3 0.6281 0.2744 0.0125 0.0300
3 0.6594 0.2716 0.0125 0.0275
3 0.4719 0.2631 0.0125 0.0325
3 0.6781 0.2784 0.0125 0.0287
3 0.6900 0.2769 0.0112 0.0225
3 0.7019 0.2747 0.0100 0.0212
3 0.7131 0.2797 0.0138 0.0250
3 0.7266 0.2750 0.0125 0.0250
3 0.7519 0.2778 0.0100 0.0275
3 0.7656 0.2787 0.0125 0.0263
3 0.8172 0.2784 0.0125 0.0225
3 0.8019 0.2781 0.0100 0.0250
3 0.7900 0.2794 0.0112 0.0275
3 0.9319 0.2838 0.0138 0.0238
3 0.9441 0.2834 0.0100 0.0263
3 0.9572 0.2834 0.0112 0.0263
3 0.9716 0.2816 0.0150 0.0225
3 0.5578 0.2709 0.0125 0.0263
3 0.5397 0.2978 0.0263 0.0112
3 0.5312 0.3312 0.0125 0.0250
3 0.7606 0.5222 0.0150 0.0287
3 0.7913 0.5241 0.0138 0.0263
3 0.8044 0.5256 0.0150 0.0263
3 0.4547 0.4234 0.0125 0.0250
3 0.4525 0.4581 0.0112 0.0225
3 0.4644 0.4600 0.0100 0.0263
3 0.4784 0.4600 0.0163 0.0263
3 0.4919 0.4597 0.0087 0.0225
3 0.5044 0.4631 0.0150 0.0263
3 0.5166 0.4609 0.0112 0.0250
3 0.5525 0.4597 0.0112 0.0225
3 0.5650 0.4619 0.0112 0.0238
3 0.5787 0.4594 0.0138 0.0250
3 0.5963 0.4612 0.0112 0.0225
3 0.6081 0.4616 0.0100 0.0200
3 0.6213 0.4606 0.0112 0.0275
3 0.6347 0.4603 0.0100 0.0238
3 0.6456 0.4634 0.0100 0.0238
3 0.6594 0.4634 0.0125 0.0238
3 0.6725 0.4644 0.0138 0.0225
3 0.6834 0.4644 0.0138 0.0225
3 0.6963 0.4650 0.0112 0.0238
3 0.7109 0.4637 0.0125 0.0212
3 0.7200 0.4631 0.0150 0.0263
3 0.7338 0.4653 0.0112 0.0212
3 0.7478 0.4650 0.0112 0.0238
3 0.7612 0.4644 0.0100 0.0225
3 0.7728 0.4622 0.0112 0.0212
3 0.7781 0.5222 0.0125 0.0287
3 0.7475 0.5222 0.0138 0.0287
3 0.4775 0.4241 0.0112 0.0263
3 0.7338 0.5250 0.0112 0.0250
3 0.4147 0.5197 0.0138 0.0238
3 0.3881 0.4941 0.0325 0.0100
3 0.3894 0.4822 0.0287 0.0112
3 0.6141 0.6331 0.0250 0.0100
3 0.7878 0.5887 0.0287 0.0275
3 0.3897 0.4681 0.0263 0.0112
3 0.3894 0.4562 0.0287 0.0125
3 0.3878 0.4456 0.0287 0.0100
3 0.3869 0.4338 0.0300 0.0112
3 0.3906 0.4213 0.0250 0.0112
3 0.3900 0.4066 0.0238 0.0100
3 0.3875 0.3947 0.0250 0.0112
3 0.3891 0.3819 0.0250 0.0138
3 0.3894 0.3697 0.0225 0.0112
3 0.3894 0.3572 0.0225 0.0112
3 0.3900 0.3172 0.0238 0.0125
3 0.5744 0.5244 0.0112 0.0238
3 0.5859 0.5256 0.0125 0.0263
3 0.6006 0.5269 0.0138 0.0225
3 0.6141 0.5259 0.0125 0.0238
3 0.6259 0.5247 0.0112 0.0275
3 0.6391 0.5234 0.0125 0.0250
3 0.6506 0.5244 0.0138 0.0238
3 0.6616 0.5250 0.0138 0.0250
3 0.6756 0.5241 0.0138 0.0263
3 0.6897 0.5225 0.0138 0.0263
3 0.7022 0.5225 0.0138 0.0263
3 0.4681 0.4244 0.0112 0.0238
3 0.4900 0.4247 0.0112 0.0275
3 0.5563 0.3334 0.0125 0.0263
3 0.5797 0.3669 0.0125 0.0275
3 0.6128 0.3675 0.0100 0.0225
3 0.6259 0.3681 0.0112 0.0238
3 0.6384 0.3697 0.0112 0.0238
3 0.6512 0.3694 0.0150 0.0200
3 0.6631 0.3691 0.0138 0.0225
3 0.6759 0.3675 0.0112 0.0225
3 0.6875 0.3663 0.0125 0.0263
3 0.7016 0.3691 0.0125 0.0225
3 0.7137 0.3681 0.0087 0.0238
3 0.7256 0.3684 0.0138 0.0212
3 0.7491 0.3694 0.0138 0.0200
3 0.7619 0.3706 0.0112 0.0225
3 0.7750 0.3725 0.0125 0.0263
3 0.7775 0.3409 0.0112 0.0287
3 0.7656 0.3403 0.0125 0.0275
3 0.7531 0.3397 0.0125 0.0263
3 0.7397 0.3419 0.0138 0.0275
3 0.7275 0.3375 0.0112 0.0250
3 0.7134 0.3359 0.0112 0.0250
3 0.7031 0.3387 0.0125 0.0275
3 0.6897 0.3372 0.0138 0.0275
3 0.6641 0.3372 0.0125 0.0275
3 0.6525 0.3359 0.0112 0.0312
3 0.6400 0.3359 0.0112 0.0250
3 0.6256 0.3350 0.0138 0.0263
3 0.6031 0.3344 0.0125 0.0250
3 0.5828 0.3347 0.0125 0.0225
3 0.6000 0.3678 0.0125 0.0200
3 0.5687 0.3675 0.0125 0.0225
3 0.5037 0.4272 0.0138 0.0263
3 0.5566 0.3691 0.0100 0.0225
3 0.5191 0.4234 0.0100 0.0250
3 0.5287 0.4234 0.0138 0.0250
3 0.5525 0.4278 0.0112 0.0275
3 0.5666 0.4291 0.0112 0.0238
3 0.5794 0.4294 0.0150 0.0275
3 0.5984 0.4278 0.0125 0.0275
3 0.6128 0.4275 0.0100 0.0238
3 0.6238 0.4269 0.0100 0.0225
3 0.6372 0.4291 0.0150 0.0238
3 0.6509 0.4291 0.0112 0.0238
3 0.6603 0.4275 0.0112 0.0238
3 0.6750 0.4287 0.0125 0.0263
3 0.6850 0.4287 0.0138 0.0263
3 0.6969 0.4287 0.0125 0.0263
3 0.7091 0.4278 0.0150 0.0275
3 0.7225 0.4306 0.0138 0.0238
3 0.7359 0.4344 0.0125 0.0250
3 0.7491 0.4350 0.0138 0.0263
3 0.7631 0.4316 0.0138 0.0287
3 0.4562 0.3653 0.0125 0.0212
3 0.4688 0.3644 0.0125 0.0225
3 0.4816 0.3666 0.0100 0.0300
3 0.4953 0.3650 0.0125 0.0238
3 0.5062 0.3656 0.0125 0.0250
3 0.5172 0.3650 0.0125 0.0238
3 0.5309 0.3650 0.0150 0.0238
3 0.5437 0.3653 0.0125 0.0212
3 0.9659 0.3409 0.0100 0.0225
3 0.9794 0.3453 0.0087 0.0250
3 0.9906 0.3769 0.0125 0.0225
3 0.9800 0.3744 0.0100 0.0238
3 0.9666 0.3775 0.0112 0.0238
3 0.9637 0.4419 0.0087 0.0212
3 0.9781 0.4394 0.0125 0.0225
3 0.9906 0.4406 0.0125 0.0250
3 0.9991 0.4403 0.0013 0.0275
3 0.9947 0.3453 0.0112 0.0250
3 0.9800 0.4706 0.0100 0.0225
3 0.9650 0.4697 0.0112 0.0238
3 0.9900 0.4725 0.0112 0.0263
3 0.8519 0.0112 0.0225 0.0100
3 0.8341 0.8656 0.0275 0.0125
