3 0.9613 0.5928 0.0100 0.0263
3 0.9400 0.5919 0.0112 0.0275
3 0.9053 0.5906 0.0138 0.0250
3 0.8925 0.5894 0.0100 0.0287
3 0.9172 0.7453 0.0312 0.0125
3 0.9081 0.7781 0.0225 0.0125
3 0.9825 0.7634 0.0275 0.0112
3 0.9812 0.7822 0.0250 0.0112
3 0.4419 0.2475 0.0275 0.0138
3 0.8728 0.5275 0.0238 0.0112
3 0.4991 0.2222 0.0263 0.0100
3 0.5019 0.2331 0.0287 0.0100
3 0.8278 0.1997 0.0275 0.0087
3 0.9216 0.2062 0.0275 0.0312
3 0.8794 0.2906 0.0275 0.0125
3 0.8775 0.3206 0.0238 0.0100
3 0.8787 0.3469 0.0263 0.0125
3 0.8753 0.3681 0.0225 0.0112
3 0.8738 0.3837 0.0225 0.0112
3 0.8744 0.4072 0.0175 0.0112
3 0.8744 0.4531 0.0238 0.0125
3 0.4944 0.3659 0.0263 0.0100
3 0.4963 0.3778 0.0238 0.0087
3 0.4959 0.3894 0.0263 0.0100
3 0.4966 0.4009 0.0275 0.0112
3 0.4956 0.4119 0.0225 0.0112
3 0.4956 0.4234 0.0225 0.0063
3 0.4941 0.4325 0.0225 0.0087
3 0.4931 0.4494 0.0238 0.0112
3 0.4922 0.4597 0.0250 0.0100
3 0.4934 0.4731 0.0212 0.0087
3 0.4953 0.4838 0.0250 0.0112
3 0.4963 0.5066 0.0238 0.0100
3 0.4925 0.5200 0.0225 0.0087
3 0.4916 0.5316 0.0238 0.0100
3 0.4900 0.5416 0.0238 0.0112
3 0.4900 0.5541 0.0238 0.0112
3 0.5028 0.2081 0.0275 0.0100
3 0.4412 0.2316 0.0263 0.0100
3 0.4419 0.2181 0.0275 0.0112
3 0.3519 0.5237 0.0225 0.0100
3 0.3541 0.5469 0.0238 0.0125
3 0.3519 0.5584 0.0225 0.0138
3 0.3769 0.5825 0.0100 0.0212
3 0.3862 0.5797 0.0100 0.0250
3 0.3984 0.5844 0.0125 0.0250
3 0.4313 0.5828 0.0125 0.0250
3 0.4437 0.5809 0.0125 0.0275
3 0.4562 0.5853 0.0125 0.0238
3 0.4213 0.5828 0.0112 0.0250
3 0.4100 0.5797 0.0138 0.0250
3 0.4703 0.5837 0.0125 0.0238
3 0.3544 0.4853 0.0212 0.0112
3 0.3538 0.4612 0.0200 0.0100
3 0.3556 0.4331 0.0175 0.0100
3 0.3563 0.4081 0.0250 0.0100
3 0.3528 0.3947 0.0212 0.0112
3 0.3544 0.3747 0.0275 0.0087
3 0.3547 0.3528 0.0250 0.0087
3 0.3569 0.3400 0.0263 0.0112
3 0.2116 0.2672 0.0138 0.0250
3 0.2384 0.2666 0.0112 0.0238
3 0.2650 0.2669 0.0112 0.0275
3 0.2766 0.2656 0.0125 0.0250
3 0.2900 0.2656 0.0112 0.0250
3 0.3688 0.2475 0.0125 0.0325
3 0.4469 0.3156 0.0250 0.0125
3 0.4391 0.2066 0.0250 0.0100
3 0.3516 0.5338 0.0250 0.0112
3 0.3516 0.5094 0.0250 0.0125
3 0.3066 0.5203 0.0287 0.0125
3 0.0631 0.7484 0.0325 0.0125
3 0.0800 0.7272 0.0287 0.0138
3 0.1731 0.7312 0.0275 0.0125
3 0.2206 0.7644 0.0225 0.0100
3 0.0212 0.6666 0.0238 0.0112
3 0.2022 0.6553 0.0325 0.0138
3 0.4625 0.6775 0.0250 0.0112
3 0.4931 0.6588 0.0238 0.0112
3 0.0803 0.3384 0.0263 0.0112
3 0.0759 0.3656 0.0238 0.0125
3 0.0769 0.3884 0.0287 0.0112
3 0.0769 0.4006 0.0287 0.0138
3 0.0756 0.4384 0.0263 0.0112
3 0.0475 0.4491 0.0200 0.0138
3 0.0444 0.4978 0.0200 0.0112
3 0.0747 0.4619 0.0275 0.0112
3 0.0744 0.4769 0.0238 0.0100
3 0.0750 0.4900 0.0312 0.0112
3 0.1281 0.3916 0.0250 0.0112
3 0.1791 0.3969 0.0112 0.0250
3 0.6744 0.6956 0.0925 0.0225
3 0.4153 0.2553 0.0275 0.0138
