3 0.9644 0.3725 0.0225 0.0138
3 0.5344 0.6156 0.0250 0.0125
3 0.8109 0.3591 0.0250 0.0087
3 0.9019 0.3591 0.0225 0.0087
3 0.9009 0.3862 0.0238 0.0100
3 0.8978 0.3981 0.0238 0.0087
3 0.9647 0.5262 0.0200 0.0087
3 0.9603 0.5634 0.0238 0.0112
3 0.9616 0.5875 0.0263 0.0125
3 0.9363 0.7844 0.0287 0.0125
3 0.0975 0.8816 0.0263 0.0100
3 0.0103 0.6197 0.0175 0.0112
3 0.0969 0.6937 0.0250 0.0125
3 0.0950 0.6819 0.0275 0.0138
3 0.0678 0.6838 0.0263 0.0112
3 0.0663 0.6700 0.0263 0.0150
3 0.0947 0.6572 0.0238 0.0112
3 0.0978 0.6450 0.0300 0.0150
3 0.0681 0.6447 0.0300 0.0112
3 0.0694 0.6325 0.0263 0.0087
3 0.0091 0.6806 0.0150 0.0112
3 0.0097 0.6678 0.0163 0.0138
3 0.0097 0.6553 0.0163 0.0138
3 0.0097 0.6425 0.0163 0.0100
3 0.0097 0.6331 0.0163 0.0100
3 0.0972 0.6206 0.0225 0.0100
3 0.0688 0.6188 0.0250 0.0125
3 0.0675 0.6088 0.0287 0.0112
3 0.0956 0.6100 0.0225 0.0138
3 0.0956 0.5956 0.0225 0.0100
3 0.0694 0.5956 0.0263 0.0100
3 0.0697 0.5816 0.0238 0.0100
3 0.0709 0.5572 0.0263 0.0112
3 0.0103 0.5697 0.0175 0.0112
3 0.0091 0.5569 0.0150 0.0075
3 0.0109 0.5422 0.0187 0.0125
3 0.0097 0.5309 0.0163 0.0087
3 0.0103 0.5181 0.0175 0.0112
3 0.0109 0.5075 0.0187 0.0087
3 0.0656 0.6925 0.0250 0.0100
3 0.0669 0.7056 0.0275 0.0112
3 0.0959 0.7072 0.0263 0.0112
3 0.0675 0.7166 0.0287 0.0112
3 0.1544 0.8191 0.0275 0.0100
3 0.1575 0.8334 0.0338 0.0138
3 0.1512 0.8516 0.0338 0.0125
3 0.1900 0.8588 0.0300 0.0112
3 0.3572 0.8603 0.0300 0.0112
3 0.3594 0.8878 0.0312 0.0100
3 0.4191 0.9000 0.0287 0.0125
3 0.3588 0.9009 0.0238 0.0112
3 0.3616 0.9119 0.0263 0.0112
3 0.3328 0.9116 0.0312 0.0138
3 0.3588 0.9269 0.0238 0.0100
3 0.3569 0.9369 0.0263 0.0112
3 0.3569 0.9503 0.0263 0.0100
3 0.3581 0.9622 0.0225 0.0087
3 0.3553 0.9738 0.0263 0.0100
3 0.1550 0.7338 0.0287 0.0112
3 0.1819 0.7219 0.0325 0.0125
3 0.1825 0.7094 0.0338 0.0125
3 0.1547 0.6956 0.0250 0.0100
3 0.1862 0.6853 0.0287 0.0112
3 0.1875 0.6594 0.0312 0.0125
3 0.1572 0.6112 0.0300 0.0100
3 0.0934 0.7338 0.0275 0.0112
3 0.0966 0.7191 0.0275 0.0100
3 0.0663 0.7331 0.0263 0.0100
3 0.0091 0.7275 0.0150 0.0112
3 0.0116 0.4831 0.0200 0.0100
3 0.1009 0.5088 0.0300 0.0112
3 0.0997 0.5200 0.0275 0.0087
3 0.0719 0.5331 0.0250 0.0100
3 0.0972 0.5463 0.0287 0.0112
3 0.4531 0.5025 0.0250 0.0112
3 0.1831 0.8088 0.0225 0.0112
3 0.0919 0.8569 0.0275 0.0138
3 0.0966 0.8441 0.0275 0.0100
3 0.9613 0.4247 0.0287 0.0150
3 0.9594 0.5006 0.0312 0.0200
3 0.0084 0.9909 0.0138 0.0100
3 0.0078 0.9678 0.0125 0.0075
3 0.0078 0.9547 0.0125 0.0125
3 0.0066 0.9394 0.0100 0.0100
3 0.0066 0.9137 0.0100 0.0087
3 0.0059 0.8894 0.0087 0.0100
3 0.0072 0.8784 0.0112 0.0100
3 0.0078 0.8656 0.0125 0.0125
3 0.0059 0.8544 0.0087 0.0087
3 0.0084 0.8416 0.0138 0.0112
3 0.0066 0.8294 0.0100 0.0087
3 0.0097 0.8156 0.0163 0.0125
3 0.0109 0.8025 0.0187 0.0112
3 0.0897 0.9166 0.0325 0.0112
3 0.0628 0.8941 0.0287 0.0100
3 0.0628 0.8681 0.0287 0.0112
3 0.0650 0.8175 0.0238 0.0100
3 0.0700 0.8047 0.0212 0.0125
3 0.0963 0.8050 0.0238 0.0100
3 0.0944 0.8156 0.0263 0.0125
3 0.0944 0.8316 0.0263 0.0100
3 0.0663 0.8422 0.0263 0.0125
3 0.7825 0.6222 0.0150 0.0100
