3 0.5244 0.8169 0.0175 0.0462
3 0.8416 0.7063 0.0300 0.0125
3 0.3753 0.4197 0.0163 0.0425
3 0.3969 0.4147 0.0187 0.0325
3 0.5138 0.4344 0.0150 0.0375
3 0.7653 0.4384 0.0150 0.0300
3 0.4875 0.7422 0.0375 0.0125
3 0.7150 0.6631 0.0362 0.0138
3 0.8481 0.6013 0.0338 0.0150
3 0.7250 0.6184 0.0312 0.0150
3 0.7250 0.5897 0.0312 0.0138
3 0.8441 0.5681 0.0350 0.0175
3 0.8300 0.4775 0.0287 0.0112
3 0.8387 0.5103 0.0338 0.0112
3 0.7975 0.4403 0.0138 0.0338
3 0.0884 0.3503 0.0300 0.0163
3 0.0616 0.3087 0.0263 0.0112
3 0.0594 0.3212 0.0250 0.0112
3 0.0569 0.3359 0.0263 0.0125
3 0.0572 0.3475 0.0238 0.0138
3 0.0525 0.3612 0.0238 0.0100
3 0.0947 0.2547 0.0238 0.0125
3 0.0775 0.3656 0.0238 0.0125
3 0.0856 0.3375 0.0275 0.0125
3 0.0628 0.2822 0.0225 0.0112
3 0.0897 0.3228 0.0263 0.0112
3 0.0900 0.3100 0.0238 0.0138
3 0.0912 0.2975 0.0263 0.0138
3 0.0872 0.2850 0.0275 0.0138
3 0.0906 0.2716 0.0250 0.0150
3 0.0109 0.4059 0.0125 0.0275
3 0.0250 0.4075 0.0125 0.0275
3 0.0619 0.2975 0.0238 0.0138
3 0.0631 0.2691 0.0263 0.0163
3 0.0638 0.4131 0.0150 0.0263
3 0.0641 0.2562 0.0250 0.0125
3 0.0653 0.2419 0.0275 0.0150
3 0.0381 0.4069 0.0138 0.0263
3 0.0778 0.4116 0.0150 0.0263
3 0.1028 0.4169 0.0150 0.0275
3 0.1528 0.3131 0.0275 0.0138
3 0.1156 0.4197 0.0125 0.0238
3 0.1466 0.4237 0.0275 0.0287
3 0.1475 0.3991 0.0263 0.0138
3 0.1491 0.3859 0.0263 0.0125
3 0.1481 0.3703 0.0275 0.0125
3 0.1484 0.3412 0.0312 0.0138
3 0.1500 0.3269 0.0312 0.0163
3 0.1528 0.2991 0.0275 0.0138
3 0.1528 0.2831 0.0275 0.0163
3 0.1569 0.2687 0.0263 0.0125
3 0.1566 0.2531 0.0287 0.0125
3 0.1566 0.1994 0.0475 0.0175
3 0.6366 0.4278 0.0200 0.0588
