3 0.2700 0.4297 0.0212 0.0125
3 0.3212 0.7063 0.0238 0.0125
3 0.3234 0.6937 0.0250 0.0125
3 0.3247 0.6819 0.0275 0.0138
3 0.3250 0.6703 0.0250 0.0125
3 0.3225 0.6572 0.0263 0.0112
3 0.3241 0.6453 0.0263 0.0125
3 0.3247 0.6306 0.0275 0.0112
3 0.3231 0.6150 0.0275 0.0112
3 0.3219 0.6009 0.0250 0.0112
3 0.3228 0.5881 0.0238 0.0138
3 0.3269 0.5747 0.0225 0.0150
3 0.3253 0.5622 0.0225 0.0150
3 0.2659 0.4037 0.0287 0.0138
3 0.2672 0.4431 0.0250 0.0112
3 0.3513 0.4844 0.0212 0.0125
3 0.2697 0.4656 0.0238 0.0125
3 0.2450 0.4534 0.0212 0.0100
3 0.2441 0.4653 0.0225 0.0087
3 0.2419 0.4791 0.0212 0.0112
3 0.2700 0.4797 0.0212 0.0125
3 0.2672 0.4931 0.0250 0.0112
3 0.2656 0.5103 0.0250 0.0112
3 0.2394 0.5066 0.0225 0.0100
3 0.2656 0.5228 0.0250 0.0112
3 0.2697 0.5384 0.0238 0.0112
3 0.2409 0.5212 0.0225 0.0112
3 0.2428 0.5347 0.0263 0.0100
3 0.2394 0.5463 0.0287 0.0112
3 0.3212 0.7219 0.0238 0.0125
3 0.3478 0.7353 0.0238 0.0112
3 0.3481 0.7225 0.0275 0.0138
3 0.3472 0.7103 0.0225 0.0112
3 0.3287 0.5122 0.0263 0.0087
3 0.3531 0.5156 0.0250 0.0125
3 0.3525 0.5262 0.0238 0.0087
3 0.3287 0.5228 0.0263 0.0112
3 0.3259 0.5478 0.0238 0.0112
3 0.3531 0.5484 0.0250 0.0125
3 0.4150 0.4088 0.0238 0.0112
3 0.4116 0.4213 0.0263 0.0112
3 0.4119 0.4331 0.0238 0.0100
3 0.4113 0.4491 0.0225 0.0138
3 0.4144 0.4744 0.0225 0.0112
3 0.4128 0.4963 0.0225 0.0112
3 0.4097 0.5353 0.0225 0.0112
3 0.4094 0.5922 0.0250 0.0125
3 0.4084 0.6719 0.0263 0.0125
3 0.4088 0.7175 0.0238 0.0100
3 0.4075 0.7325 0.0212 0.0087
3 0.3491 0.5591 0.0200 0.0087
3 0.3500 0.5750 0.0250 0.0125
3 0.3506 0.5872 0.0200 0.0087
3 0.3509 0.5984 0.0238 0.0125
3 0.3488 0.6131 0.0225 0.0138
3 0.3519 0.6319 0.0225 0.0138
3 0.3522 0.6456 0.0200 0.0100
3 0.3519 0.6597 0.0225 0.0100
3 0.3519 0.6706 0.0225 0.0100
3 0.3475 0.6969 0.0263 0.0125
3 0.2425 0.5644 0.0225 0.0100
3 0.2434 0.5744 0.0212 0.0112
3 0.2687 0.5737 0.0187 0.0100
3 0.2678 0.5878 0.0200 0.0100
3 0.2434 0.5884 0.0212 0.0112
3 0.2409 0.6119 0.0225 0.0112
3 0.2700 0.6019 0.0275 0.0100
3 0.2644 0.6125 0.0225 0.0125
3 0.2419 0.6306 0.0212 0.0112
3 0.2650 0.6450 0.0238 0.0087
3 0.2413 0.6441 0.0200 0.0100
3 0.2394 0.6572 0.0225 0.0112
3 0.2647 0.6581 0.0200 0.0100
3 0.2362 0.6703 0.0225 0.0125
3 0.2638 0.6700 0.0212 0.0087
3 0.2631 0.6806 0.0263 0.0112
3 0.2606 0.6937 0.0275 0.0125
3 0.2341 0.6806 0.0212 0.0112
3 0.2341 0.6916 0.0212 0.0112
3 0.2362 0.7056 0.0287 0.0112
3 0.2612 0.7053 0.0225 0.0075
3 0.2362 0.7181 0.0225 0.0112
3 0.2650 0.7181 0.0238 0.0112
3 0.1322 0.8053 0.0238 0.0138
3 0.1453 0.9175 0.0250 0.0100
3 0.1469 0.9306 0.0250 0.0112
3 0.1472 0.9681 0.0287 0.0112
3 0.1431 0.9822 0.0238 0.0112
3 0.3253 0.4813 0.0225 0.0125
3 0.3519 0.4697 0.0225 0.0112
3 0.3269 0.4684 0.0225 0.0087
3 0.3031 0.1731 0.0125 0.0212
3 0.7656 0.0881 0.0125 0.0263
3 0.4353 0.1731 0.0112 0.0212
3 0.2122 0.2822 0.0150 0.0238
3 0.2388 0.2925 0.0150 0.0287
3 0.2538 0.3000 0.0138 0.0250
3 0.2662 0.3034 0.0138 0.0225
3 0.2794 0.3078 0.0150 0.0250
3 0.2916 0.3119 0.0175 0.0238
3 0.3044 0.3141 0.0150 0.0250
3 0.4531 0.3872 0.0125 0.0212
3 0.4437 0.3866 0.0125 0.0263
3 0.4666 0.3872 0.0112 0.0212
3 0.4813 0.3837 0.0125 0.0238
3 0.5037 0.3881 0.0138 0.0200
3 0.5275 0.3872 0.0112 0.0212
3 0.3294 0.3816 0.0212 0.0100
3 0.3550 0.3822 0.0225 0.0112
3 0.3522 0.3941 0.0200 0.0100
3 0.3256 0.3947 0.0200 0.0112
3 0.3269 0.4066 0.0225 0.0100
3 0.3275 0.4144 0.0175 0.0100
3 0.3488 0.4197 0.0225 0.0112
3 0.3531 0.4325 0.0250 0.0087
3 0.3253 0.4412 0.0225 0.0138
3 0.3525 0.4444 0.0238 0.0138
3 0.3500 0.4581 0.0187 0.0100
3 0.3266 0.4581 0.0250 0.0100
3 0.6022 0.1141 0.0200 0.0125
3 0.2447 0.1100 0.0175 0.0263
3 0.2550 0.1137 0.0163 0.0212
3 0.3906 0.1250 0.0250 0.0125
3 0.9094 0.8281 0.0312 0.0125
3 0.9100 0.7650 0.0263 0.0112
3 0.9116 0.7519 0.0263 0.0100
3 0.2200 0.8762 0.0212 0.0087
3 0.1369 0.3747 0.0175 0.0588
3 0.1225 0.7469 0.0138 0.0125
3 0.1225 0.7609 0.0138 0.0125
3 0.1256 0.7734 0.0200 0.0125
