3 0.2144 0.3725 0.0225 0.0138
3 0.0609 0.3591 0.0250 0.0087
3 0.1519 0.3591 0.0225 0.0087
3 0.1509 0.3862 0.0238 0.0100
3 0.1478 0.3981 0.0238 0.0087
3 0.2147 0.5262 0.0200 0.0087
3 0.2103 0.5634 0.0238 0.0112
3 0.2116 0.5875 0.0263 0.0125
3 0.1862 0.7844 0.0287 0.0125
3 0.3622 0.7203 0.0212 0.0125
3 0.4256 0.6334 0.0200 0.0138
3 0.3631 0.5956 0.0200 0.0100
3 0.3628 0.5578 0.0225 0.0125
3 0.3644 0.5206 0.0225 0.0100
3 0.3922 0.4884 0.0125 0.0238
3 0.4034 0.4894 0.0100 0.0225
3 0.4178 0.4888 0.0138 0.0275
3 0.4209 0.5325 0.0200 0.0087
3 0.6906 0.5959 0.0125 0.0263
3 0.6666 0.6425 0.0238 0.0100
3 0.6663 0.6641 0.0263 0.0125
3 0.6691 0.6297 0.0287 0.0125
3 0.6666 0.6900 0.0238 0.0112
3 0.6659 0.7025 0.0225 0.0112
3 0.6675 0.7144 0.0225 0.0100
3 0.7013 0.7438 0.0087 0.0250
3 0.4128 0.2250 0.0100 0.0250
3 0.4850 0.2256 0.0138 0.0263
3 0.4972 0.2247 0.0100 0.0275
3 0.5094 0.2263 0.0125 0.0275
3 0.5338 0.2250 0.0112 0.0250
3 0.5456 0.2256 0.0100 0.0263
3 0.5556 0.2266 0.0112 0.0250
3 0.5706 0.1997 0.0225 0.0150
3 0.5687 0.1891 0.0250 0.0125
3 0.5469 0.1525 0.0125 0.0238
3 0.5331 0.1525 0.0100 0.0238
3 0.5234 0.1528 0.0125 0.0275
3 0.5119 0.1531 0.0112 0.0250
3 0.4881 0.1522 0.0138 0.0263
3 0.4781 0.1522 0.0125 0.0263
3 0.4644 0.1528 0.0100 0.0275
3 0.4416 0.1506 0.0112 0.0263
3 0.4150 0.1500 0.0112 0.0312
3 0.6678 0.6162 0.0263 0.0138
3 0.3150 0.2406 0.0112 0.0250
3 0.4194 0.5400 0.0200 0.0112
3 0.5131 0.7359 0.0200 0.0125
3 0.4200 0.5550 0.0212 0.0100
3 0.4325 0.6069 0.0212 0.0138
3 0.4569 0.6078 0.0200 0.0125
3 0.4537 0.6588 0.0200 0.0112
3 0.4553 0.6713 0.0200 0.0112
3 0.4553 0.6828 0.0200 0.0125
3 0.4531 0.6963 0.0250 0.0112
3 0.4525 0.7078 0.0238 0.0125
3 0.4528 0.7216 0.0212 0.0087
3 0.4513 0.7344 0.0212 0.0125
3 0.4234 0.7341 0.0250 0.0087
3 0.5394 0.6234 0.0225 0.0125
3 0.5388 0.6362 0.0212 0.0100
3 0.5419 0.6475 0.0212 0.0138
3 0.5403 0.6609 0.0212 0.0125
3 0.5150 0.6581 0.0238 0.0100
3 0.5131 0.6716 0.0200 0.0087
3 0.5394 0.6737 0.0225 0.0100
3 0.5394 0.6863 0.0225 0.0100
3 0.5388 0.6981 0.0212 0.0087
3 0.5388 0.7087 0.0212 0.0112
3 0.5394 0.7231 0.0225 0.0087
3 0.5406 0.7362 0.0250 0.0100
3 0.5147 0.6825 0.0200 0.0087
3 0.5144 0.6963 0.0225 0.0112
3 0.5119 0.7087 0.0238 0.0112
3 0.5119 0.7219 0.0238 0.0125
3 0.7288 0.7869 0.0887 0.0362
3 0.4531 0.6362 0.0250 0.0163
3 0.5125 0.6388 0.0250 0.0150
3 0.5138 0.6097 0.0275 0.0163
3 0.2112 0.4247 0.0287 0.0150
3 0.2094 0.5006 0.0312 0.0200
3 0.3606 0.5700 0.0275 0.0150
3 0.0325 0.6222 0.0150 0.0100
3 0.6025 0.6013 0.0238 0.0087
3 0.6019 0.6172 0.0225 0.0125
3 0.7200 0.5916 0.0087 0.0238
3 0.7325 0.5900 0.0150 0.0238
3 0.7469 0.5894 0.0125 0.0225
3 0.7969 0.5928 0.0125 0.0263
3 0.8103 0.5884 0.0112 0.0238
3 0.8272 0.5912 0.0138 0.0263
3 0.8431 0.5928 0.0112 0.0263
3 0.8616 0.5916 0.0138 0.0238
3 0.7275 0.7412 0.0112 0.0263
3 0.7119 0.7453 0.0112 0.0250
3 0.8400 0.6578 0.0112 0.0250
3 0.8534 0.6519 0.0100 0.0225
3 0.8650 0.6531 0.0112 0.0250
3 0.8781 0.6547 0.0125 0.0250
3 0.8916 0.6584 0.0112 0.0263
3 0.9037 0.6569 0.0138 0.0263
3 0.9034 0.6891 0.0100 0.0312
3 0.8909 0.6800 0.0100 0.0225
3 0.8787 0.6816 0.0138 0.0225
3 0.8547 0.6828 0.0125 0.0250
3 0.8672 0.6828 0.0125 0.0250
3 0.8400 0.6863 0.0112 0.0287
3 0.9016 0.7422 0.0125 0.0250
3 0.8753 0.7416 0.0100 0.0238
3 0.8600 0.7438 0.0138 0.0250
3 0.9938 0.7888 0.0125 0.0150
3 0.9775 0.8344 0.0300 0.0250
3 0.9262 0.9122 0.0275 0.0087
3 0.9272 0.9241 0.0263 0.0075
3 0.9275 0.9369 0.0238 0.0112
3 0.9259 0.9491 0.0238 0.0075
3 0.9272 0.9616 0.0263 0.0138
3 0.8616 0.9450 0.0263 0.0087
3 0.8613 0.9581 0.0225 0.0100
3 0.8597 0.9691 0.0225 0.0100
3 0.8603 0.9825 0.0238 0.0087
3 0.8606 0.9950 0.0212 0.0087
3 0.2144 0.3600 0.0225 0.0138
3 0.8344 0.1153 0.0250 0.0150
3 0.4528 0.6456 0.0212 0.0100
