3 0.8213 0.0872 0.0112 0.0275
3 0.8372 0.0791 0.0150 0.0238
3 0.8384 0.0531 0.0112 0.0250
3 0.7550 0.0544 0.0163 0.0275
3 0.7422 0.0531 0.0125 0.0250
3 0.7281 0.0506 0.0125 0.0263
3 0.5884 0.0697 0.0175 0.0300
3 0.4938 0.0500 0.0250 0.0125
3 0.6578 0.0756 0.0125 0.0263
3 0.7134 0.0769 0.0112 0.0287
3 0.7256 0.0794 0.0138 0.0275
3 0.7406 0.0825 0.0125 0.0275
3 0.7544 0.0825 0.0150 0.0275
3 0.7688 0.0828 0.0125 0.0250
3 0.8787 0.0622 0.0138 0.0275
3 0.8944 0.0609 0.0138 0.0250
3 0.8650 0.0919 0.0112 0.0275
3 0.6859 0.0788 0.0125 0.0263
3 0.6984 0.0759 0.0125 0.0238
3 0.7953 0.0834 0.0125 0.0263
3 0.6731 0.0462 0.0150 0.0238
3 0.5881 0.0387 0.0138 0.0212
3 0.5750 0.0400 0.0125 0.0238
3 0.4994 0.0203 0.0238 0.0125
3 0.4966 0.0341 0.0212 0.0150
3 0.7388 0.0238 0.0338 0.0163
3 0.6172 0.0406 0.0125 0.0250
3 0.7484 0.1506 0.0125 0.0263
3 0.7831 0.0819 0.0100 0.0263
3 0.6928 0.1491 0.0138 0.0263
3 0.6706 0.1519 0.0163 0.0287
3 0.8325 0.1553 0.0150 0.0263
3 0.9416 0.1631 0.0112 0.0263
3 0.8522 0.0869 0.0138 0.0238
3 0.9072 0.0922 0.0112 0.0250
3 0.8072 0.0838 0.0112 0.0238
3 0.8775 0.0906 0.0112 0.0250
3 0.8938 0.0928 0.0125 0.0263
3 0.5025 0.0028 0.0362 0.0025
3 0.9278 0.1678 0.0150 0.0263
3 0.9131 0.1669 0.0138 0.0275
3 0.8181 0.1559 0.0112 0.0275
3 0.8037 0.1559 0.0138 0.0275
3 0.7766 0.1537 0.0125 0.0263
3 0.6997 0.0469 0.0150 0.0250
3 0.7153 0.0481 0.0150 0.0275
3 0.7719 0.0531 0.0125 0.0250
3 0.9875 0.0462 0.0250 0.0112
3 0.9887 0.0187 0.0212 0.0125
3 0.9853 0.0616 0.0300 0.0138
3 0.9884 0.0738 0.0238 0.0100
3 0.9875 0.0884 0.0250 0.0112
3 0.9875 0.1000 0.0250 0.0125
3 0.9853 0.1291 0.0238 0.0112
3 0.9834 0.1422 0.0263 0.0125
3 0.7850 0.0531 0.0138 0.0250
3 0.8681 0.0022 0.0112 0.0013
3 0.8806 0.0041 0.0112 0.0050
3 0.9088 0.0647 0.0112 0.0263
3 0.8662 0.0600 0.0138 0.0263
3 0.8081 0.0544 0.0100 0.0275
3 0.8259 0.0503 0.0112 0.0287
3 0.8522 0.0591 0.0138 0.0275
3 0.7981 0.0531 0.0150 0.0250
3 0.9103 0.0041 0.0112 0.0050
3 0.3900 0.0266 0.0300 0.0187
3 0.4522 0.0300 0.0263 0.0100
3 0.2994 0.0931 0.0300 0.0175
3 0.3919 0.1325 0.0150 0.0338
