3 0.9656 0.2281 0.0250 0.0250
3 0.9184 0.2678 0.0275 0.0263
3 0.9075 0.2850 0.0212 0.0263
3 0.8959 0.2969 0.0263 0.0250
3 0.8800 0.3359 0.0287 0.0125
3 0.8731 0.3781 0.0275 0.0125
3 0.8734 0.3475 0.0250 0.0138
3 0.9328 0.3881 0.0187 0.0138
3 0.9306 0.4050 0.0300 0.0100
3 0.9684 0.3900 0.0212 0.0112
3 0.9634 0.4025 0.0238 0.0112
3 0.9628 0.4269 0.0287 0.0163
3 0.9609 0.4656 0.0250 0.0125
3 0.9313 0.4506 0.0312 0.0138
3 0.9316 0.4291 0.0287 0.0112
3 0.9284 0.4156 0.0287 0.0125
3 0.7106 0.7406 0.0150 0.0250
