3 0.1044 0.8016 0.0275 0.0125
3 0.1012 0.8337 0.0275 0.0112
3 0.0997 0.8478 0.0275 0.0112
3 0.0963 0.8641 0.0300 0.0125
3 0.0966 0.9156 0.0275 0.0125
3 0.0947 0.9762 0.0300 0.0150
3 0.0912 0.9919 0.0263 0.0150
3 0.1738 0.8391 0.0287 0.0125
3 0.1028 0.7688 0.0275 0.0125
3 0.2025 0.8412 0.0300 0.0138
3 0.1962 0.8578 0.0238 0.0125
3 0.2006 0.8750 0.0263 0.0125
3 0.1972 0.8906 0.0287 0.0125
3 0.1962 0.9091 0.0300 0.0150
3 0.1944 0.9225 0.0263 0.0138
3 0.1928 0.9397 0.0263 0.0138
3 0.1034 0.7828 0.0287 0.0125
3 0.5144 0.6663 0.0225 0.0512
3 0.2209 0.9725 0.0138 0.0325
3 0.5725 0.4119 0.0325 0.0112
3 0.5044 0.3741 0.0338 0.0138
3 0.5031 0.4025 0.0250 0.0112
3 0.4997 0.4181 0.0275 0.0112
3 0.4981 0.4328 0.0275 0.0125
3 0.4987 0.4459 0.0287 0.0138
3 0.5022 0.4778 0.0387 0.0212
3 0.5759 0.3981 0.0300 0.0150
3 0.5728 0.4272 0.0300 0.0138
3 0.5422 0.6750 0.0187 0.0500
3 0.6687 0.1231 0.0187 0.0275
3 0.6987 0.1300 0.0163 0.0287
3 0.7278 0.2309 0.0150 0.0275
3 0.7456 0.2334 0.0163 0.0263
3 0.6691 0.6850 0.0412 0.0200
3 0.5747 0.6731 0.0150 0.0338
3 0.5006 0.6694 0.0138 0.0263
3 0.1913 0.9572 0.0263 0.0112
3 0.1903 0.9725 0.0275 0.0138
3 0.5141 0.3144 0.0312 0.0163
3 0.3184 0.9775 0.0275 0.0112
3 0.3175 0.9922 0.0287 0.0125
3 0.3219 0.9625 0.0250 0.0125
3 0.1888 0.9884 0.0275 0.0112
3 0.1588 0.9669 0.0300 0.0150
3 0.1681 0.8553 0.0300 0.0138
3 0.1706 0.8719 0.0287 0.0125
3 0.1691 0.8884 0.0287 0.0112
3 0.1672 0.9028 0.0250 0.0150
3 0.1653 0.9187 0.0275 0.0125
3 0.1647 0.9344 0.0263 0.0125
3 0.1622 0.9537 0.0275 0.0138
3 0.1581 0.9863 0.0287 0.0163
3 0.3225 0.9422 0.0263 0.0125
3 0.3212 0.9266 0.0238 0.0125
3 0.5066 0.3591 0.0287 0.0150
3 0.5131 0.3006 0.0325 0.0138
3 0.1263 0.1856 0.0150 0.0275
3 0.1103 0.1872 0.0175 0.0275
3 0.1406 0.1844 0.0125 0.0250
3 0.5119 0.2838 0.0300 0.0112
3 0.1875 0.4803 0.0250 0.0138
3 0.3278 0.5397 0.0275 0.0138
3 0.3278 0.5584 0.0275 0.0138
3 0.2194 0.3156 0.0325 0.0125
3 0.2162 0.3444 0.0263 0.0138
3 0.1975 0.4084 0.0263 0.0138
3 0.1981 0.4403 0.0275 0.0150
3 0.1903 0.4669 0.0275 0.0150
3 0.1888 0.4953 0.0338 0.0187
3 0.3297 0.5053 0.0312 0.0138
3 0.1931 0.5162 0.0362 0.0138
3 0.2153 0.2859 0.0338 0.0125
3 0.2178 0.2644 0.0325 0.0100
3 0.4419 0.1219 0.0150 0.0250
3 0.5469 0.1881 0.0312 0.0138
3 0.5841 0.2656 0.0150 0.0250
3 0.5547 0.2641 0.0125 0.0250
3 0.3287 0.5200 0.0263 0.0150
3 0.3325 0.4813 0.0275 0.0125
3 0.1537 0.1825 0.0138 0.0275
3 0.3419 0.3281 0.0275 0.0125
3 0.3559 0.1350 0.0275 0.0138
3 0.3475 0.2016 0.0263 0.0125
3 0.3513 0.2209 0.0275 0.0138
3 0.3488 0.2397 0.0287 0.0138
3 0.3513 0.2572 0.0275 0.0175
3 0.3431 0.2888 0.0300 0.0150
3 0.3438 0.3156 0.0250 0.0125
3 0.3381 0.3450 0.0325 0.0150
3 0.3331 0.4656 0.0287 0.0125
3 0.3412 0.3591 0.0263 0.0150
3 0.3394 0.3753 0.0287 0.0163
3 0.3341 0.3916 0.0338 0.0175
3 0.3334 0.4050 0.0387 0.0163
3 0.3375 0.4225 0.0312 0.0138
3 0.3322 0.4350 0.0300 0.0138
3 0.3353 0.4475 0.0238 0.0138
3 0.3144 0.2841 0.0225 0.0400
3 0.9391 0.2881 0.0125 0.0263
3 0.8997 0.2456 0.0150 0.0287
3 0.9266 0.2513 0.0125 0.0275
3 0.9684 0.2544 0.0150 0.0275
3 0.8809 0.2822 0.0150 0.0300
3 0.8950 0.2850 0.0150 0.0263
3 0.9106 0.2850 0.0150 0.0263
3 0.9809 0.2916 0.0150 0.0300
3 0.8350 0.2812 0.0138 0.0312
3 0.9956 0.2909 0.0100 0.0287
3 0.8675 0.2819 0.0163 0.0325
3 0.8197 0.2800 0.0112 0.0287
3 0.9044 0.1666 0.0150 0.0300
3 0.9194 0.1666 0.0138 0.0300
3 0.9453 0.1722 0.0125 0.0287
3 0.9600 0.1725 0.0138 0.0263
3 0.9725 0.1744 0.0138 0.0300
3 0.9866 0.1741 0.0138 0.0263
3 0.9969 0.1762 0.0063 0.0275
3 0.8063 0.2803 0.0125 0.0263
3 0.7725 0.2350 0.0138 0.0263
3 0.7884 0.2350 0.0112 0.0263
3 0.7913 0.2762 0.0138 0.0275
3 0.8619 0.1638 0.0175 0.0338
3 0.7850 0.3525 0.0138 0.0238
3 0.8153 0.3516 0.0150 0.0312
3 0.8459 0.3547 0.0138 0.0250
3 0.9334 0.3625 0.0138 0.0312
3 0.8903 0.1653 0.0150 0.0275
3 0.8350 0.1638 0.0138 0.0275
3 0.9659 0.3619 0.0163 0.0300
3 0.8203 0.1622 0.0125 0.0275
3 0.9906 0.1437 0.0125 0.0312
3 0.7931 0.1284 0.0112 0.0287
3 0.9981 0.1447 0.0025 0.0300
3 0.9738 0.1431 0.0163 0.0300
3 0.8006 0.6866 0.0325 0.0138
3 0.9600 0.1409 0.0138 0.0287
3 0.9328 0.1378 0.0125 0.0287
3 0.9187 0.1378 0.0125 0.0287
3 0.9053 0.1356 0.0138 0.0275
3 0.8925 0.1363 0.0163 0.0287
3 0.8806 0.1353 0.0175 0.0300
3 0.7906 0.1575 0.0125 0.0275
3 0.8100 0.1300 0.0138 0.0287
3 0.7778 0.6719 0.0338 0.0125
3 0.9034 0.3556 0.0163 0.0300
3 0.9919 0.3644 0.0150 0.0225
3 0.6078 0.1184 0.0125 0.0275
