3 0.4213 0.5553 0.0112 0.0200
3 0.4338 0.5537 0.0112 0.0200
3 0.9884 0.6537 0.0112 0.0200
3 0.9903 0.5944 0.0150 0.0200
3 0.9422 0.3684 0.0125 0.0212
3 0.9422 0.9706 0.0125 0.0100
3 0.5219 0.0656 0.0187 0.0125
3 0.9331 0.3500 0.0100 0.0187
3 0.9394 0.2875 0.0100 0.0187
3 0.5941 0.3028 0.0163 0.0275
3 0.5819 0.2700 0.0200 0.0150
3 0.3356 0.3219 0.0150 0.0125
3 0.3369 0.3306 0.0175 0.0112
3 0.3397 0.3406 0.0138 0.0125
3 0.5650 0.1400 0.0175 0.0112
3 0.5619 0.1313 0.0175 0.0125
3 0.5378 0.1337 0.0163 0.0112
