3 0.6547 0.4031 0.0187 0.0250
3 0.6541 0.4309 0.0175 0.0275
3 0.6628 0.7344 0.0163 0.0250
3 0.6613 0.5934 0.0163 0.0275
3 0.6625 0.7594 0.0187 0.0250
3 0.0934 0.9988 0.0150 0.0037
3 0.0600 0.9981 0.0138 0.0025
3 0.0384 0.9981 0.0175 0.0025
3 0.1031 0.9441 0.0125 0.0225
3 0.0813 0.9416 0.0125 0.0238
3 0.0691 0.9447 0.0163 0.0238
3 0.0531 0.9437 0.0125 0.0250
3 0.0384 0.9444 0.0112 0.0263
3 0.1628 0.8959 0.0163 0.0263
3 0.1384 0.8991 0.0175 0.0263
3 0.1150 0.8972 0.0175 0.0225
3 0.1022 0.9006 0.0138 0.0263
3 0.0578 0.8972 0.0125 0.0225
3 0.6209 0.9491 0.0200 0.0325
3 0.1072 0.9988 0.0112 0.0037
3 0.1638 0.9366 0.0150 0.0263
3 0.1503 0.9381 0.0163 0.0263
3 0.1253 0.9406 0.0163 0.0250
3 0.9959 0.5162 0.0075 0.0263
3 0.9869 0.5175 0.0112 0.0287
3 0.9750 0.5175 0.0125 0.0287
3 0.9600 0.5178 0.0138 0.0263
3 0.9959 0.5666 0.0075 0.0238
3 0.9850 0.5681 0.0138 0.0238
3 0.9706 0.5669 0.0163 0.0275
3 0.9947 0.4878 0.0112 0.0287
3 0.9741 0.4891 0.0138 0.0250
3 0.7759 0.4697 0.0300 0.0613
3 0.9572 0.6450 0.0175 0.0275
3 0.9287 0.6419 0.0138 0.0275
3 0.9159 0.6444 0.0100 0.0263
3 0.9031 0.6453 0.0125 0.0250
3 0.8906 0.6391 0.0125 0.0250
3 0.8766 0.6419 0.0187 0.0275
3 0.7863 0.6516 0.0287 0.0187
3 0.6550 0.4838 0.0163 0.0300
3 0.6241 0.5547 0.0263 0.0312
3 0.9606 0.4906 0.0150 0.0250
3 0.9062 0.4172 0.0250 0.0125
3 0.9103 0.4525 0.0238 0.0112
3 0.9356 0.4537 0.0212 0.0075
3 0.9863 0.4500 0.0287 0.0125
3 0.9884 0.4256 0.0238 0.0138
3 0.9866 0.4125 0.0263 0.0125
3 0.9338 0.4275 0.0238 0.0112
3 0.9316 0.4141 0.0225 0.0125
3 0.9062 0.4031 0.0250 0.0125
3 0.9078 0.3900 0.0250 0.0112
3 0.9078 0.3769 0.0250 0.0100
3 0.9056 0.3516 0.0238 0.0125
3 0.9062 0.3650 0.0250 0.0112
3 0.9041 0.3406 0.0238 0.0125
3 0.9062 0.3094 0.0250 0.0125
3 0.8428 0.3019 0.0263 0.0225
3 0.8272 0.2628 0.0263 0.0163
3 0.8997 0.2606 0.0275 0.0150
3 0.9066 0.2872 0.0287 0.0150
3 0.9628 0.3163 0.0163 0.0263
3 0.9047 0.3256 0.0250 0.0138
3 0.9956 0.1316 0.0100 0.0225
3 0.9338 0.3894 0.0238 0.0163
3 0.9347 0.3741 0.0225 0.0138
3 0.9341 0.3472 0.0212 0.0163
3 0.9875 0.3991 0.0250 0.0138
3 0.9856 0.3725 0.0275 0.0138
3 0.9856 0.3600 0.0275 0.0138
3 0.9847 0.3456 0.0287 0.0100
3 0.9834 0.3344 0.0263 0.0125
3 0.9850 0.3219 0.0263 0.0125
3 0.9847 0.3075 0.0225 0.0150
3 0.8497 0.4447 0.0212 0.0112
3 0.8516 0.4294 0.0250 0.0150
3 0.8450 0.4172 0.0212 0.0125
3 0.8469 0.4031 0.0187 0.0125
3 0.8459 0.3891 0.0200 0.0125
3 0.8453 0.3516 0.0312 0.0187
3 0.9353 0.4650 0.0238 0.0112
3 0.6525 0.3731 0.0175 0.0275
