3 0.1225 0.0022 0.0138 0.0013
3 0.6987 0.9919 0.0163 0.0150
3 0.7281 0.7188 0.0250 0.0187
3 0.6606 0.7562 0.0150 0.0250
3 0.6578 0.7284 0.0187 0.0287
3 0.6719 0.7328 0.0125 0.0250
3 0.9741 0.4984 0.0200 0.0250
3 0.9887 0.4984 0.0212 0.0250
3 0.9331 0.4987 0.0225 0.0287
3 0.9481 0.4981 0.0212 0.0275
3 0.8594 0.5078 0.0187 0.0250
3 0.8847 0.5044 0.0225 0.0275
3 0.8356 0.5094 0.0150 0.0250
3 0.7866 0.2900 0.0138 0.0238
3 0.8434 0.2612 0.0150 0.0287
3 0.8100 0.2594 0.0138 0.0250
3 0.7884 0.2606 0.0175 0.0275
3 0.7394 0.2575 0.0225 0.0275
3 0.8531 0.1941 0.0125 0.0225
3 0.8313 0.1916 0.0125 0.0238
3 0.8191 0.1947 0.0163 0.0238
3 0.8031 0.1938 0.0125 0.0250
3 0.7884 0.1944 0.0112 0.0263
3 0.6450 0.2119 0.0150 0.0300
3 0.6278 0.2112 0.0150 0.0225
3 0.6097 0.2178 0.0163 0.0263
3 0.5938 0.2169 0.0187 0.0275
3 0.9128 0.1459 0.0163 0.0263
3 0.8884 0.1491 0.0175 0.0263
3 0.8650 0.1472 0.0175 0.0225
3 0.8522 0.1506 0.0138 0.0263
3 0.8078 0.1472 0.0125 0.0225
3 0.8584 0.2606 0.0138 0.0275
3 0.8009 0.2897 0.0112 0.0200
3 0.7944 0.5075 0.0200 0.0275
3 0.8109 0.2875 0.0125 0.0250
3 0.7709 0.9225 0.0263 0.0138
3 0.7016 0.9047 0.0187 0.0250
3 0.6625 0.9159 0.0312 0.0225
3 0.6956 0.8213 0.0163 0.0238
3 0.7003 0.8447 0.0163 0.0238
3 0.7019 0.8725 0.0163 0.0263
3 0.9137 0.1866 0.0150 0.0263
3 0.9003 0.1881 0.0163 0.0263
3 0.8753 0.1906 0.0163 0.0250
3 0.9488 0.2875 0.0163 0.0312
3 0.9128 0.2913 0.0163 0.0263
3 0.8969 0.2913 0.0125 0.0263
3 0.8650 0.2881 0.0112 0.0263
3 0.8525 0.2866 0.0112 0.0263
3 0.8406 0.2869 0.0125 0.0238
3 0.8262 0.2875 0.0150 0.0250
3 0.7203 0.9262 0.0312 0.0150
3 0.6713 0.9409 0.0362 0.0287
3 0.8262 0.2594 0.0150 0.0250
3 0.8203 0.2159 0.0250 0.0163
