3 0.4844 0.5884 0.0250 0.0175
3 0.0206 0.7512 0.0225 0.0212
3 0.1428 0.6934 0.0200 0.0150
3 0.0422 0.6744 0.0250 0.0175
3 0.3756 0.6106 0.0200 0.0150
3 0.5066 0.5678 0.0163 0.0138
3 0.4866 0.5219 0.0263 0.0187
3 0.7934 0.0097 0.0150 0.0163
3 0.6388 0.0734 0.0212 0.0187
3 0.8469 0.1406 0.0125 0.0187
3 0.4772 0.2462 0.0138 0.0175
3 0.8422 0.2528 0.0125 0.0150
3 0.4675 0.3559 0.0163 0.0212
3 0.7209 0.4356 0.0325 0.0212
3 0.7444 0.5081 0.0575 0.0287
3 0.5675 0.5628 0.0600 0.0287
3 0.5259 0.4978 0.0550 0.0300
3 0.5131 0.3969 0.0200 0.0125
3 0.8494 0.3931 0.0238 0.0175
3 0.7756 0.4441 0.0200 0.0163
3 0.9469 0.4322 0.0187 0.0112
3 0.4919 0.6616 0.0150 0.0138
3 0.6309 0.6322 0.0150 0.0175
3 0.6250 0.6353 0.0125 0.0175
3 0.6159 0.6372 0.0100 0.0150
3 0.6038 0.6431 0.0138 0.0175
3 0.5425 0.6422 0.0163 0.0125
3 0.5069 0.6456 0.0138 0.0100
3 0.4459 0.6706 0.0138 0.0100
3 0.5012 0.6828 0.0150 0.0125
3 0.9919 0.5547 0.0150 0.0125
3 0.9947 0.5678 0.0112 0.0138
3 0.4634 0.6781 0.0175 0.0125
3 0.4666 0.6859 0.0175 0.0125
3 0.4722 0.6941 0.0163 0.0100
3 0.6394 0.6300 0.0100 0.0163
3 0.6447 0.6272 0.0112 0.0138
3 0.6525 0.6225 0.0112 0.0138
3 0.6581 0.6206 0.0100 0.0163
3 0.6659 0.6169 0.0100 0.0150
3 0.6719 0.6147 0.0125 0.0138
3 0.6794 0.6112 0.0087 0.0163
3 0.6922 0.6059 0.0125 0.0150
3 0.7081 0.6044 0.0100 0.0150
3 0.4966 0.6781 0.0150 0.0125
3 0.4169 0.6884 0.0150 0.0112
3 0.5731 0.9081 0.0150 0.0100
3 0.5687 0.8934 0.0187 0.0150
3 0.5631 0.8797 0.0200 0.0125
3 0.5563 0.8453 0.0187 0.0125
3 0.5059 0.8641 0.0150 0.0125
3 0.4234 0.7091 0.0125 0.0087
3 0.5766 0.9169 0.0187 0.0150
3 0.6022 0.8634 0.0138 0.0112
3 0.6013 0.8578 0.0150 0.0125
3 0.6091 0.8791 0.0150 0.0112
3 0.6175 0.9025 0.0163 0.0112
3 0.6375 0.9797 0.0187 0.0125
3 0.3256 0.8119 0.0138 0.0175
3 0.3378 0.8425 0.0100 0.0163
3 0.3506 0.8378 0.0138 0.0163
3 0.3806 0.8850 0.0175 0.0138
3 0.3775 0.8775 0.0175 0.0112
3 0.3856 0.9000 0.0150 0.0125
3 0.9794 0.7072 0.0087 0.0175
3 0.9894 0.7044 0.0100 0.0212
3 0.3200 0.7150 0.0150 0.0112
3 0.4037 0.7084 0.0138 0.0138
3 0.4025 0.7019 0.0175 0.0100
3 0.3744 0.1688 0.0175 0.0125
3 0.5781 0.0916 0.0125 0.0112
3 0.1841 0.3750 0.0150 0.0125
3 0.1406 0.4009 0.0125 0.0112
3 0.1609 0.6275 0.0125 0.0112
3 0.1919 0.6325 0.0150 0.0087
3 0.2300 0.6503 0.0163 0.0100
3 0.1806 0.7753 0.0175 0.0100
3 0.3281 0.5728 0.0125 0.0112
3 0.3112 0.5925 0.0163 0.0100
3 0.8256 0.4703 0.0200 0.0125
3 0.6156 0.8928 0.0125 0.0075
3 0.5641 0.8878 0.0125 0.0100
3 0.6194 0.8591 0.0138 0.0087
3 0.5981 0.8484 0.0150 0.0063
3 0.4025 0.8531 0.0112 0.0125
3 0.1822 0.8959 0.0112 0.0200
3 0.2234 0.8828 0.0125 0.0187
3 0.4553 0.6997 0.0138 0.0087
3 0.4534 0.6903 0.0163 0.0087
3 0.4491 0.6825 0.0138 0.0087
3 0.5203 0.8581 0.0125 0.0100
3 0.5369 0.8519 0.0175 0.0100
