3 0.0247 0.2831 0.0087 0.0163
3 0.0469 0.2969 0.0125 0.0187
3 0.0462 0.2778 0.0112 0.0212
3 0.5556 0.7581 0.0488 0.0350
3 0.5722 0.7975 0.0475 0.0325
3 0.5644 0.7872 0.0350 0.0275
3 0.7381 0.5975 0.0512 0.0325
3 0.7350 0.6144 0.0325 0.0225
3 0.5344 0.7206 0.0500 0.0350
3 0.5262 0.7091 0.0525 0.0338
3 0.5200 0.6950 0.0525 0.0338
3 0.4794 0.7825 0.0338 0.0212
3 0.4919 0.8037 0.0338 0.0263
3 0.5081 0.8350 0.0350 0.0263
3 0.8853 0.8588 0.0238 0.0300
3 0.8969 0.8541 0.0250 0.0300
3 0.9069 0.8453 0.0200 0.0250
3 0.1475 0.8887 0.0138 0.0212
3 0.1400 0.8931 0.0112 0.0175
3 0.3712 0.6362 0.0300 0.0225
3 0.5675 0.4534 0.0100 0.0163
3 0.5491 0.4575 0.0138 0.0212
3 0.2928 0.2669 0.0075 0.0150
3 0.2822 0.3138 0.0175 0.0087
3 0.2800 0.3456 0.0163 0.0100
3 0.3556 0.3975 0.0175 0.0075
3 0.5194 0.3653 0.0200 0.0087
3 0.4825 0.3169 0.0150 0.0087
3 0.3844 0.3069 0.0187 0.0075
3 0.4194 0.5147 0.0263 0.0325
3 0.4444 0.4300 0.0575 0.0163
3 0.0234 0.6259 0.0125 0.0238
3 0.0578 0.6506 0.0250 0.0138
3 0.1194 0.6331 0.0200 0.0287
3 0.0172 0.9350 0.0250 0.0138
3 0.0391 0.9884 0.0187 0.0238
3 0.0087 0.4409 0.0112 0.0225
3 0.8309 0.8506 0.0212 0.0200
3 0.8234 0.8441 0.0250 0.0225
3 0.6369 0.4378 0.0050 0.0163
3 0.6262 0.4403 0.0087 0.0150
3 0.6219 0.4419 0.0063 0.0150
3 0.6131 0.4412 0.0075 0.0138
3 0.6047 0.4437 0.0063 0.0125
3 0.5975 0.4456 0.0075 0.0100
3 0.5912 0.4484 0.0075 0.0125
3 0.5303 0.1384 0.0075 0.0112
3 0.0575 0.3059 0.0087 0.0150
3 0.2656 0.2694 0.0063 0.0138
3 0.2756 0.2669 0.0075 0.0150
3 0.2762 0.2838 0.0087 0.0175
3 0.2538 0.3212 0.0075 0.0175
3 0.2309 0.4294 0.0087 0.0150
3 0.1631 0.4381 0.0075 0.0138
3 0.1450 0.4388 0.0087 0.0150
3 0.1309 0.4403 0.0087 0.0150
3 0.1163 0.4419 0.0075 0.0150
3 0.0831 0.4431 0.0100 0.0175
3 0.1212 0.5028 0.0112 0.0150
3 0.1113 0.5169 0.0100 0.0150
3 0.1056 0.5306 0.0112 0.0112
3 0.1053 0.5434 0.0075 0.0150
3 0.1059 0.5600 0.0087 0.0138
3 0.1050 0.5731 0.0100 0.0150
3 0.1081 0.5919 0.0100 0.0150
3 0.1134 0.6075 0.0112 0.0150
3 0.1594 0.6394 0.0125 0.0100
3 0.1481 0.6519 0.0150 0.0100
3 0.1516 0.7016 0.0187 0.0250
3 0.1656 0.7244 0.0187 0.0238
3 0.2406 0.7919 0.0125 0.0150
3 0.0678 0.9066 0.0075 0.0163
3 0.2781 0.9431 0.0125 0.0175
3 0.3978 0.7550 0.0112 0.0100
3 0.4691 0.7603 0.0163 0.0112
3 0.5988 0.7503 0.0163 0.0100
3 0.2787 0.3341 0.0138 0.0087
3 0.3475 0.2691 0.0138 0.0100
3 0.3488 0.2825 0.0163 0.0087
3 0.3816 0.2722 0.0100 0.0163
3 0.3519 0.3247 0.0163 0.0087
3 0.3519 0.3419 0.0163 0.0087
3 0.3541 0.3725 0.0175 0.0075
3 0.4800 0.3013 0.0163 0.0087
3 0.3550 0.3819 0.0163 0.0075
3 0.5150 0.2684 0.0175 0.0087
3 0.5134 0.2750 0.0175 0.0063
3 0.5147 0.2841 0.0138 0.0087
3 0.5162 0.2928 0.0138 0.0075
3 0.5153 0.3006 0.0150 0.0075
3 0.4716 0.4459 0.0150 0.0075
3 0.3128 0.4416 0.0163 0.0112
3 0.3325 0.4400 0.0150 0.0112
3 0.4400 0.4784 0.0112 0.0163
3 0.4325 0.4831 0.0212 0.0287
3 0.4628 0.4881 0.0225 0.0325
3 0.4706 0.4819 0.0163 0.0263
3 0.4787 0.4784 0.0138 0.0225
3 0.6419 0.4356 0.0087 0.0150
3 0.6650 0.4825 0.0112 0.0150
3 0.6512 0.4372 0.0087 0.0150
3 0.6759 0.4572 0.0112 0.0112
3 0.6825 0.4644 0.0150 0.0100
3 0.6859 0.4706 0.0125 0.0100
3 0.6912 0.4769 0.0138 0.0100
3 0.6950 0.4844 0.0150 0.0125
3 0.6963 0.5403 0.0112 0.0150
3 0.6431 0.7559 0.0112 0.0150
3 0.7737 0.6541 0.0100 0.0175
3 0.7831 0.6309 0.0100 0.0150
3 0.7909 0.6287 0.0100 0.0138
3 0.7619 0.6606 0.0112 0.0150
3 0.6316 0.7203 0.0100 0.0125
3 0.7600 0.7456 0.0138 0.0100
3 0.7662 0.7525 0.0138 0.0112
3 0.7709 0.7594 0.0138 0.0125
3 0.7997 0.7475 0.0150 0.0138
3 0.8169 0.7281 0.0150 0.0125
3 0.8197 0.7369 0.0175 0.0112
3 0.8287 0.7475 0.0138 0.0138
3 0.8125 0.7594 0.0187 0.0125
3 0.8247 0.7822 0.0150 0.0112
3 0.8444 0.7712 0.0138 0.0112
3 0.8787 0.7659 0.0138 0.0100
3 0.8647 0.8031 0.0138 0.0125
3 0.8431 0.8056 0.0175 0.0112
3 0.8512 0.7838 0.0150 0.0112
3 0.8281 0.7894 0.0125 0.0100
3 0.9441 0.9278 0.0100 0.0150
3 0.0125 0.7066 0.0187 0.0100
3 0.0453 0.6219 0.0187 0.0125
