3 0.8191 0.6731 0.0100 0.0150
3 0.5991 0.5606 0.0200 0.0150
3 0.8259 0.6638 0.0112 0.0212
3 0.8319 0.6584 0.0075 0.0200
3 0.9569 0.4306 0.0575 0.0300
3 0.9081 0.6544 0.0163 0.0150
3 0.8906 0.6613 0.0187 0.0163
3 0.9400 0.5953 0.0112 0.0187
3 0.8956 0.6222 0.0100 0.0163
3 0.8575 0.6444 0.0087 0.0200
3 0.8469 0.6500 0.0063 0.0187
3 0.9919 0.8781 0.0150 0.0187
3 0.9947 0.8725 0.0112 0.0138
3 0.9834 0.8887 0.0200 0.0212
3 0.9722 0.8988 0.0163 0.0163
3 0.9553 0.9131 0.0200 0.0200
3 0.9506 0.9197 0.0200 0.0175
3 0.9144 0.9728 0.0163 0.0175
3 0.9075 0.9662 0.0275 0.0263
3 0.9262 0.9834 0.0150 0.0200
3 0.1972 0.1975 0.0163 0.0138
3 0.3719 0.6156 0.0187 0.0125
3 0.4356 0.6075 0.0212 0.0150
3 0.9122 0.4531 0.0150 0.0125
3 0.8962 0.4550 0.0175 0.0100
3 0.8972 0.4713 0.0163 0.0112
3 0.7256 0.5594 0.0200 0.0125
3 0.0634 0.6934 0.0175 0.0150
3 0.2272 0.9450 0.0138 0.0150
3 0.1812 0.6713 0.0187 0.0112
3 0.1484 0.6681 0.0187 0.0112
3 0.0469 0.7263 0.0187 0.0150
3 0.5466 0.8331 0.0150 0.0163
3 0.4991 0.8316 0.0138 0.0163
3 0.5094 0.8294 0.0125 0.0150
3 0.5403 0.8175 0.0150 0.0163
3 0.5331 0.8197 0.0100 0.0175
3 0.5241 0.8228 0.0138 0.0175
3 0.5169 0.8244 0.0150 0.0175
3 0.5344 0.8372 0.0125 0.0150
3 0.5244 0.8387 0.0112 0.0150
3 0.4994 0.8494 0.0112 0.0175
3 0.5447 0.8691 0.0112 0.0163
3 0.5366 0.8731 0.0138 0.0150
3 0.5156 0.8775 0.0125 0.0175
3 0.5103 0.8809 0.0112 0.0150
3 0.4588 0.8656 0.0112 0.0187
3 0.4516 0.8684 0.0125 0.0150
3 0.2969 0.9209 0.0125 0.0200
3 0.4925 0.8369 0.0100 0.0175
3 0.4784 0.8412 0.0100 0.0138
3 0.4850 0.8544 0.0138 0.0150
3 0.4716 0.8581 0.0087 0.0163
3 0.4656 0.8434 0.0125 0.0150
3 0.4728 0.8053 0.0112 0.0138
3 0.4869 0.7994 0.0112 0.0175
3 0.4956 0.8006 0.0100 0.0138
3 0.5016 0.7947 0.0125 0.0175
3 0.5131 0.7897 0.0138 0.0200
3 0.5219 0.7888 0.0125 0.0150
3 0.5291 0.7869 0.0112 0.0175
3 0.5366 0.7831 0.0138 0.0163
3 0.5437 0.7800 0.0125 0.0163
3 0.4156 0.8825 0.0125 0.0150
3 0.4959 0.8894 0.0138 0.0163
3 0.4128 0.8625 0.0163 0.0187
3 0.9619 0.9756 0.0175 0.0325
3 0.9950 0.9547 0.0087 0.0312
3 0.9756 0.9697 0.0138 0.0300
3 0.5744 0.8738 0.0112 0.0163
3 0.4481 0.9206 0.0150 0.0163
3 0.2866 0.9619 0.0138 0.0175
3 0.3156 0.9169 0.0125 0.0150
3 0.3666 0.9519 0.0112 0.0163
3 0.4253 0.9294 0.0163 0.0150
3 0.4331 0.9244 0.0100 0.0175
3 0.5338 0.9256 0.0175 0.0200
3 0.5219 0.9313 0.0125 0.0187
3 0.5109 0.9697 0.0125 0.0175
3 0.5203 0.9662 0.0125 0.0138
3 0.5022 0.9900 0.0138 0.0175
3 0.4719 0.9850 0.0125 0.0138
3 0.4838 0.9806 0.0112 0.0175
3 0.2197 0.9856 0.0112 0.0150
3 0.2194 0.7144 0.0200 0.0163
3 0.3109 0.8625 0.0125 0.0187
3 0.4956 0.9012 0.0100 0.0150
3 0.5300 0.8912 0.0100 0.0138
3 0.5456 0.9194 0.0163 0.0200
3 0.5606 0.9172 0.0150 0.0187
3 0.5669 0.9163 0.0150 0.0200
3 0.5747 0.9137 0.0150 0.0212
3 0.5813 0.9103 0.0125 0.0175
3 0.5900 0.9072 0.0112 0.0175
3 0.6181 0.9016 0.0175 0.0125
3 0.6159 0.8959 0.0163 0.0138
3 0.6112 0.8869 0.0163 0.0112
3 0.6053 0.8800 0.0200 0.0163
3 0.5834 0.8706 0.0138 0.0163
3 0.4900 0.9775 0.0112 0.0175
3 0.5713 0.9472 0.0112 0.0163
3 0.5938 0.9419 0.0125 0.0150
3 0.5509 0.9566 0.0112 0.0163
3 0.5156 0.9856 0.0125 0.0150
3 0.5384 0.9794 0.0112 0.0150
3 0.5437 0.9762 0.0125 0.0150
3 0.5384 0.9619 0.0112 0.0175
3 0.4075 0.0925 0.0150 0.0100
3 0.4553 0.0706 0.0138 0.0100
3 0.5491 0.0528 0.0200 0.0087
3 0.0284 0.7191 0.0163 0.0100
3 0.1847 0.6838 0.0163 0.0112
3 0.3175 0.6441 0.0163 0.0100
3 0.4688 0.6516 0.0187 0.0125
3 0.5475 0.5622 0.0138 0.0087
3 0.4397 0.8094 0.0138 0.0250
3 0.2787 0.8738 0.0138 0.0163
3 0.5072 0.9338 0.0112 0.0175
3 0.5138 0.8956 0.0087 0.0163
3 0.5494 0.8850 0.0112 0.0138
3 0.4994 0.9375 0.0112 0.0187
3 0.6225 0.9122 0.0138 0.0087
3 0.6269 0.9184 0.0100 0.0087
3 0.6287 0.9247 0.0138 0.0087
3 0.6312 0.9325 0.0187 0.0087
3 0.6356 0.9400 0.0150 0.0112
3 0.6412 0.9466 0.0138 0.0087
3 0.6434 0.9525 0.0150 0.0112
3 0.5588 0.9544 0.0112 0.0150
3 0.5784 0.9447 0.0100 0.0175
3 0.5569 0.9700 0.0075 0.0150
3 0.5637 0.9684 0.0087 0.0150
3 0.5706 0.9669 0.0100 0.0150
3 0.5775 0.9631 0.0112 0.0138
3 0.5825 0.9606 0.0087 0.0150
3 0.5894 0.9578 0.0100 0.0125
3 0.5956 0.9550 0.0100 0.0163
3 0.6044 0.9544 0.0087 0.0150
3 0.6106 0.9522 0.0087 0.0138
3 0.6272 0.9788 0.0075 0.0138
3 0.6200 0.9828 0.0087 0.0125
3 0.6150 0.9856 0.0112 0.0150
3 0.6088 0.9878 0.0112 0.0163
3 0.5869 0.9947 0.0112 0.0112
3 0.5544 0.7725 0.0087 0.0138
3 0.8387 0.7066 0.0087 0.0163
3 0.9091 0.6125 0.0087 0.0187
3 0.9709 0.5806 0.0075 0.0175
3 0.9397 0.6325 0.0138 0.0150
3 0.9238 0.6388 0.0163 0.0150
3 0.9125 0.6484 0.0125 0.0125
3 0.8966 0.6575 0.0150 0.0150
3 0.8825 0.6656 0.0150 0.0125
3 0.8747 0.6709 0.0150 0.0138
3 0.8694 0.6750 0.0138 0.0125
3 0.8631 0.6797 0.0138 0.0125
3 0.8547 0.6838 0.0125 0.0112
3 0.9744 0.5947 0.0175 0.0112
3 0.9409 0.7550 0.0100 0.0225
3 0.8056 0.7297 0.0175 0.0125
3 0.8088 0.7394 0.0175 0.0100
3 0.9525 0.7537 0.0112 0.0200
3 0.5997 0.9894 0.0087 0.0163
