3 0.9925 0.9141 0.0163 0.0125
3 0.8969 0.9788 0.0187 0.0075
3 0.8766 0.9781 0.0187 0.0063
3 0.9303 0.9838 0.0200 0.0112
3 0.9141 0.9831 0.0187 0.0100
3 0.8962 0.9844 0.0112 0.0125
3 0.8822 0.9859 0.0175 0.0063
3 0.8694 0.9175 0.0200 0.0100
3 0.0691 0.6731 0.0100 0.0150
3 0.6887 0.8950 0.0212 0.0150
3 0.7241 0.9409 0.0200 0.0163
3 0.8075 0.4003 0.0212 0.0100
3 0.3362 0.4012 0.0163 0.0212
3 0.3022 0.2397 0.0075 0.0200
3 0.9119 0.9769 0.0175 0.0100
3 0.9316 0.9756 0.0163 0.0075
3 0.8438 0.9731 0.0187 0.0087
3 0.8216 0.9634 0.0150 0.0112
3 0.8381 0.9644 0.0200 0.0100
3 0.8550 0.9662 0.0163 0.0075
3 0.8728 0.9700 0.0175 0.0087
3 0.8900 0.9700 0.0175 0.0087
3 0.9072 0.9700 0.0175 0.0087
3 0.9244 0.9694 0.0175 0.0075
3 0.8056 0.9519 0.0175 0.0100
3 0.8231 0.9559 0.0150 0.0087
3 0.8406 0.9581 0.0187 0.0100
3 0.8581 0.9587 0.0163 0.0112
3 0.8769 0.9603 0.0225 0.0112
3 0.8959 0.9613 0.0200 0.0100
3 0.9163 0.9628 0.0138 0.0100
3 0.0759 0.6638 0.0112 0.0212
3 0.3822 0.7647 0.0175 0.0200
3 0.6262 0.3719 0.0150 0.0125
3 0.0819 0.6584 0.0075 0.0200
3 0.6194 0.3606 0.0200 0.0150
3 0.8028 0.3319 0.0212 0.0138
3 0.7578 0.2725 0.0187 0.0138
3 0.2069 0.4306 0.0575 0.0300
3 0.1581 0.6544 0.0163 0.0150
3 0.1431 0.6613 0.0175 0.0163
3 0.5497 0.4050 0.0212 0.0163
3 0.8231 0.3091 0.0212 0.0150
3 0.1900 0.5953 0.0112 0.0187
3 0.1456 0.6222 0.0100 0.0163
3 0.1075 0.6444 0.0087 0.0200
3 0.0969 0.6500 0.0063 0.0187
3 0.3419 0.7069 0.0212 0.0138
3 0.3709 0.7712 0.0200 0.0175
3 0.9109 0.9441 0.0187 0.0100
3 0.9478 0.9719 0.0175 0.0125
3 0.9497 0.9806 0.0212 0.0112
3 0.9503 0.9887 0.0163 0.0087
3 0.9344 0.9919 0.0187 0.0087
3 0.9169 0.9897 0.0150 0.0075
3 0.9009 0.9947 0.0175 0.0112
3 0.8941 0.9447 0.0163 0.0112
3 0.7050 0.9037 0.0225 0.0138
3 0.8775 0.9453 0.0175 0.0063
3 0.8578 0.9434 0.0187 0.0087
3 0.8381 0.9409 0.0200 0.0100
3 0.8213 0.9400 0.0175 0.0112
3 0.8047 0.9353 0.0187 0.0112
3 0.7869 0.9319 0.0175 0.0075
3 0.9425 0.9678 0.0163 0.0075
3 0.9328 0.9600 0.0187 0.0075
3 0.9313 0.9512 0.0187 0.0087
3 0.9287 0.9444 0.0138 0.0075
3 0.9450 0.9428 0.0150 0.0075
3 0.9478 0.9488 0.0175 0.0100
3 0.9494 0.9566 0.0175 0.0100
3 0.9581 0.9625 0.0163 0.0125
3 0.9634 0.9703 0.0175 0.0125
3 0.9675 0.9775 0.0163 0.0112
3 0.9688 0.9844 0.0187 0.0125
3 0.9525 0.9959 0.0175 0.0075
3 0.9719 0.9956 0.0187 0.0100
3 0.7556 0.9253 0.0175 0.0100
3 0.6272 0.9669 0.0075 0.0150
3 0.6441 0.9753 0.0100 0.0163
3 0.7250 0.9163 0.0187 0.0138
3 0.5653 0.9256 0.0150 0.0200
3 0.3641 0.7759 0.0187 0.0175
3 0.3038 0.8300 0.0200 0.0163
3 0.2431 0.8781 0.0175 0.0187
3 0.2484 0.8744 0.0187 0.0175
3 0.2556 0.8691 0.0175 0.0163
3 0.2616 0.8628 0.0200 0.0163
3 0.2662 0.8569 0.0200 0.0200
3 0.2991 0.8337 0.0200 0.0175
3 0.3103 0.8244 0.0175 0.0175
3 0.5787 0.9597 0.0138 0.0225
3 0.3244 0.8131 0.0175 0.0200
3 0.3322 0.8056 0.0175 0.0175
3 0.3387 0.8000 0.0212 0.0187
3 0.3453 0.7953 0.0187 0.0187
3 0.3506 0.7906 0.0200 0.0187
3 0.3578 0.7834 0.0187 0.0200
3 0.2334 0.8887 0.0200 0.0212
3 0.2222 0.8988 0.0163 0.0163
3 0.2053 0.9131 0.0200 0.0200
3 0.2006 0.9197 0.0200 0.0175
3 0.1644 0.9728 0.0163 0.0175
3 0.1575 0.9662 0.0275 0.0263
3 0.1762 0.9834 0.0150 0.0200
3 0.7838 0.9409 0.0175 0.0100
3 0.8016 0.9441 0.0187 0.0100
3 0.8197 0.9481 0.0175 0.0087
3 0.8387 0.9500 0.0212 0.0063
3 0.8591 0.9522 0.0150 0.0075
3 0.8772 0.9528 0.0200 0.0087
3 0.8947 0.9522 0.0175 0.0075
3 0.9119 0.9534 0.0175 0.0100
3 0.1622 0.4531 0.0150 0.0125
3 0.1462 0.4550 0.0175 0.0100
3 0.1472 0.4713 0.0163 0.0112
3 0.2119 0.9756 0.0175 0.0325
3 0.2909 0.9322 0.0163 0.0362
3 0.2619 0.9525 0.0175 0.0300
3 0.2494 0.9547 0.0175 0.0312
3 0.2256 0.9697 0.0138 0.0300
3 0.2653 0.4206 0.0150 0.0100
3 0.3125 0.4206 0.0187 0.0100
3 0.2206 0.5791 0.0100 0.0175
3 0.5338 0.3553 0.0175 0.0138
3 0.6106 0.3206 0.0150 0.0100
3 0.9394 0.2406 0.0163 0.0125
3 0.9097 0.3019 0.0163 0.0100
3 0.7919 0.4331 0.0150 0.0100
3 0.8841 0.3916 0.0150 0.0112
3 0.7134 0.4516 0.0175 0.0125
3 0.1628 0.6500 0.0100 0.0125
3 0.1756 0.6412 0.0138 0.0138
3 0.1881 0.6341 0.0138 0.0150
3 0.1319 0.6653 0.0138 0.0150
3 0.1241 0.6703 0.0138 0.0125
3 0.1178 0.6747 0.0138 0.0150
3 0.1131 0.6800 0.0138 0.0163
3 0.1047 0.6819 0.0125 0.0138
3 0.0875 0.7056 0.0063 0.0175
3 0.0606 0.7394 0.0150 0.0100
3 0.1919 0.7547 0.0087 0.0187
3 0.2019 0.7522 0.0100 0.0200
3 0.3372 0.7634 0.0087 0.0112
3 0.3500 0.8831 0.0125 0.0100
3 0.3475 0.8728 0.0138 0.0112
