3 0.4206 0.2781 0.0100 0.0125
3 0.3878 0.2494 0.0100 0.0175
3 0.3831 0.2094 0.0100 0.0125
3 0.3972 0.2038 0.0100 0.0138
3 0.4091 0.2025 0.0087 0.0112
3 0.4831 0.0788 0.0100 0.0138
3 0.4675 0.1150 0.0100 0.0112
3 0.4094 0.1809 0.0125 0.0150
3 0.4278 0.1291 0.0087 0.0112
3 0.4706 0.2100 0.0100 0.0138
3 0.4584 0.1928 0.0075 0.0138
3 0.4787 0.3594 0.0138 0.0063
3 0.4891 0.3453 0.0125 0.0125
3 0.4969 0.3369 0.0125 0.0112
3 0.4553 0.3141 0.0075 0.0125
3 0.4559 0.2969 0.0087 0.0125
3 0.4394 0.2712 0.0100 0.0112
3 0.4372 0.2594 0.0087 0.0125
3 0.2456 0.7053 0.0100 0.0138
3 0.1975 0.6669 0.0138 0.0150
3 0.2931 0.5828 0.0112 0.0125
3 0.2947 0.5697 0.0112 0.0112
3 0.2416 0.5228 0.0112 0.0112
3 0.2597 0.5391 0.0100 0.0125
3 0.2394 0.5719 0.0100 0.0125
3 0.2681 0.4794 0.0112 0.0150
3 0.3081 0.5531 0.0100 0.0125
3 0.3478 0.5662 0.0112 0.0138
3 0.3438 0.4891 0.0125 0.0125
3 0.3156 0.4959 0.0125 0.0138
3 0.3775 0.4334 0.0112 0.0138
3 0.4050 0.3559 0.0100 0.0150
3 0.3744 0.3231 0.0112 0.0150
3 0.3516 0.6912 0.0125 0.0138
3 0.4481 0.2656 0.0087 0.0125
3 0.4369 0.2213 0.0112 0.0112
3 0.5206 0.0153 0.0100 0.0212
3 0.4591 0.2138 0.0087 0.0212
3 0.6056 0.3850 0.0112 0.0075
3 0.6259 0.3847 0.0112 0.0100
3 0.6175 0.4213 0.0100 0.0112
3 0.5588 0.3941 0.0112 0.0100
3 0.6422 0.4550 0.0063 0.0163
3 0.6281 0.4509 0.0063 0.0112
3 0.4287 0.4000 0.0075 0.0125
3 0.4319 0.3516 0.0075 0.0125
3 0.1203 0.8287 0.0125 0.0138
3 0.1025 0.8584 0.0112 0.0138
3 0.0444 0.9016 0.0075 0.0125
3 0.0406 0.9047 0.0063 0.0125
3 0.0319 0.9109 0.0075 0.0125
3 0.0216 0.9206 0.0087 0.0100
3 0.5166 0.8100 0.0112 0.0075
3 0.5822 0.8141 0.0112 0.0063
3 0.7388 0.8322 0.0087 0.0112
3 0.6969 0.8256 0.0125 0.0075
3 0.9216 0.4972 0.0087 0.0100
3 0.9463 0.5247 0.0112 0.0087
