3 0.5312 0.5916 0.0250 0.0112
3 0.6169 0.9881 0.0338 0.0200
3 0.5887 0.9978 0.0275 0.0050
3 0.5031 0.8731 0.0375 0.0150
3 0.5075 0.8178 0.0338 0.0138
3 0.5147 0.7728 0.0263 0.0175
3 0.5162 0.7475 0.0263 0.0138
3 0.5178 0.7053 0.0325 0.0138
3 0.5191 0.6909 0.0287 0.0163
3 0.5231 0.6781 0.0275 0.0125
3 0.5219 0.6631 0.0312 0.0138
3 0.5222 0.6481 0.0350 0.0150
3 0.5241 0.6316 0.0325 0.0163
3 0.5284 0.6184 0.0287 0.0150
3 0.5250 0.6056 0.0312 0.0175
3 0.5272 0.5763 0.0325 0.0150
3 0.9653 0.9409 0.0150 0.0287
3 0.6241 0.9053 0.0138 0.0263
3 0.5828 0.9034 0.0125 0.0287
3 0.5978 0.9034 0.0112 0.0225
3 0.6109 0.9053 0.0125 0.0263
3 0.6391 0.9091 0.0125 0.0275
3 0.5306 0.5494 0.0362 0.0175
3 0.6541 0.9106 0.0112 0.0275
3 0.7344 0.9172 0.0125 0.0250
3 0.7769 0.9194 0.0163 0.0263
3 0.7653 0.9444 0.0338 0.0138
3 0.9350 0.9397 0.0138 0.0263
3 0.9506 0.9406 0.0138 0.0250
3 0.5884 0.9891 0.0238 0.0125
3 0.9809 0.2213 0.0150 0.0238
3 0.5322 0.5341 0.0300 0.0150
3 0.5312 0.5169 0.0312 0.0150
3 0.5391 0.4916 0.0250 0.0112
3 0.4744 0.2991 0.0175 0.0263
3 0.4772 0.2081 0.0138 0.0287
3 0.6506 0.1169 0.0325 0.0150
3 0.6500 0.1553 0.0312 0.0138
3 0.6462 0.1719 0.0300 0.0125
3 0.8753 0.1059 0.0287 0.0150
3 0.8684 0.1656 0.0275 0.0125
3 0.8659 0.1969 0.0287 0.0125
3 0.9344 0.3038 0.0125 0.0263
3 0.9497 0.3031 0.0150 0.0250
3 0.9637 0.3034 0.0150 0.0287
3 0.9325 0.1038 0.0275 0.0138
3 0.7213 0.9144 0.0112 0.0225
3 0.9375 0.0781 0.0312 0.0125
3 0.9372 0.0625 0.0275 0.0125
3 0.9788 0.0681 0.0263 0.0112
3 0.9731 0.1006 0.0275 0.0138
3 0.9694 0.1288 0.0263 0.0138
3 0.9672 0.1447 0.0250 0.0112
3 0.9678 0.1616 0.0263 0.0138
3 0.9650 0.1756 0.0238 0.0138
3 0.5672 0.9025 0.0125 0.0238
3 0.6666 0.9091 0.0112 0.0212
3 0.6822 0.9137 0.0112 0.0275
3 0.6947 0.9137 0.0112 0.0275
3 0.7500 0.9181 0.0125 0.0238
3 0.9219 0.9375 0.0125 0.0250
