3 0.1194 0.1566 0.0138 0.0412
3 0.0634 0.2687 0.0425 0.0187
3 0.1594 0.2641 0.0187 0.0125
3 0.0178 0.0475 0.0138 0.0075
3 0.0169 0.0397 0.0150 0.0075
3 0.0100 0.0091 0.0075 0.0150
3 0.0125 0.0225 0.0063 0.0138
3 0.0728 0.0575 0.0175 0.0087
3 0.0078 0.0875 0.0125 0.0063
3 0.1159 0.0769 0.0163 0.0100
3 0.0775 0.1369 0.0175 0.0112
3 0.0781 0.1537 0.0125 0.0075
3 0.0863 0.1934 0.0163 0.0087
3 0.0847 0.2003 0.0163 0.0100
3 0.1300 0.2513 0.0163 0.0087
3 0.0256 0.1631 0.0138 0.0075
3 0.0269 0.1847 0.0163 0.0100
3 0.5031 0.1038 0.0125 0.0075
3 0.2959 0.0119 0.0138 0.0175
3 0.5128 0.2175 0.0100 0.0163
3 0.5338 0.2075 0.0112 0.0150
3 0.5844 0.1756 0.0125 0.0075
3 0.6184 0.1700 0.0150 0.0087
3 0.6412 0.1659 0.0138 0.0100
3 0.6581 0.1628 0.0163 0.0100
3 0.7606 0.1622 0.0212 0.0087
3 0.7328 0.1625 0.0125 0.0063
3 0.7350 0.1709 0.0138 0.0075
3 0.7519 0.1725 0.0163 0.0075
3 0.8159 0.1756 0.0163 0.0075
3 0.7987 0.1778 0.0163 0.0087
3 0.7819 0.1762 0.0138 0.0087
3 0.7691 0.1825 0.0163 0.0087
3 0.7512 0.1834 0.0150 0.0075
3 0.7344 0.1850 0.0125 0.0075
3 0.7188 0.1738 0.0187 0.0163
3 0.7106 0.1841 0.0150 0.0150
3 0.7013 0.1875 0.0150 0.0187
3 0.6644 0.1925 0.0100 0.0163
3 0.8453 0.7856 0.0063 0.0150
3 0.8250 0.6653 0.0063 0.0150
3 0.8391 0.6397 0.0063 0.0138
3 0.7512 0.5162 0.0087 0.0138
3 0.7184 0.5034 0.0087 0.0163
3 0.6975 0.5084 0.0075 0.0200
3 0.3875 0.4525 0.0125 0.0175
3 0.3719 0.4553 0.0125 0.0138
3 0.6706 0.1919 0.0100 0.0150
3 0.6497 0.1956 0.0087 0.0163
3 0.3059 0.0294 0.0150 0.0150
3 0.4094 0.1016 0.0125 0.0063
3 0.3231 0.1406 0.0087 0.0125
3 0.3269 0.1278 0.0100 0.0150
3 0.5956 0.0191 0.0163 0.0100
3 0.6425 0.0081 0.0163 0.0100
3 0.2456 0.0303 0.0100 0.0138
3 0.2263 0.0250 0.0150 0.0125
3 0.2787 0.0122 0.0138 0.0150
3 0.2834 0.0053 0.0138 0.0075
3 0.3147 0.1569 0.0138 0.0138
3 0.4537 0.0450 0.0138 0.0087
3 0.6034 0.2028 0.0100 0.0150
3 0.3134 0.0713 0.0175 0.0112
3 0.8031 0.1209 0.0125 0.0075
3 0.8200 0.1116 0.0150 0.0075
3 0.6350 0.1109 0.0138 0.0063
3 0.5972 0.1231 0.0163 0.0150
3 0.5822 0.1337 0.0112 0.0112
3 0.5672 0.1394 0.0125 0.0100
3 0.5409 0.1450 0.0163 0.0087
3 0.5250 0.1466 0.0125 0.0087
3 0.5103 0.1512 0.0112 0.0087
3 0.4956 0.1556 0.0163 0.0112
3 0.4797 0.1562 0.0125 0.0063
3 0.4669 0.1597 0.0150 0.0100
3 0.4481 0.1641 0.0150 0.0063
3 0.3472 0.1722 0.0163 0.0100
3 0.3841 0.1594 0.0150 0.0125
3 0.3025 0.1728 0.0112 0.0112
3 0.2684 0.1472 0.0150 0.0100
3 0.2684 0.1366 0.0150 0.0075
3 0.3075 0.0638 0.0150 0.0087
3 0.3163 0.1888 0.0138 0.0087
