3 0.2050 0.0078 0.0225 0.0125
3 0.2041 0.0209 0.0238 0.0138
3 0.2013 0.0338 0.0212 0.0112
3 0.2003 0.0459 0.0225 0.0138
3 0.1988 0.0584 0.0225 0.0138
3 0.1981 0.0713 0.0212 0.0112
3 0.1941 0.0809 0.0225 0.0150
3 0.1941 0.0959 0.0287 0.0138
3 0.1900 0.1087 0.0238 0.0112
3 0.1900 0.1212 0.0238 0.0112
3 0.2534 0.1306 0.0225 0.0112
3 0.2528 0.1169 0.0275 0.0150
3 0.2531 0.1028 0.0312 0.0150
3 0.2562 0.0912 0.0250 0.0138
3 0.2578 0.0772 0.0250 0.0138
3 0.2612 0.0647 0.0225 0.0138
3 0.2628 0.0522 0.0225 0.0138
3 0.2638 0.0381 0.0275 0.0138
3 0.2634 0.0106 0.0238 0.0150
3 0.2484 0.1425 0.0250 0.0163
3 0.2484 0.1556 0.0250 0.0112
3 0.2481 0.1688 0.0212 0.0125
3 0.1191 0.7800 0.0225 0.0163
3 0.0494 0.7366 0.0238 0.0138
3 0.0456 0.7634 0.0225 0.0112
3 0.0441 0.7759 0.0225 0.0112
3 0.0412 0.7869 0.0263 0.0112
3 0.0406 0.7997 0.0250 0.0150
3 0.0391 0.8262 0.0250 0.0150
3 0.0400 0.8397 0.0300 0.0138
3 0.0331 0.8522 0.0225 0.0138
3 0.0319 0.8659 0.0263 0.0163
3 0.0331 0.8787 0.0287 0.0138
3 0.0984 0.9206 0.0250 0.0100
3 0.1012 0.8944 0.0275 0.0200
3 0.1034 0.8819 0.0225 0.0138
3 0.1038 0.8656 0.0263 0.0125
3 0.1072 0.8572 0.0238 0.0112
3 0.1069 0.8428 0.0263 0.0138
3 0.1087 0.8309 0.0238 0.0150
3 0.1144 0.8197 0.0225 0.0112
3 0.1163 0.8069 0.0263 0.0138
3 0.0531 0.7225 0.0250 0.0138
3 0.0541 0.7116 0.0238 0.0138
3 0.0553 0.7006 0.0263 0.0138
3 0.0591 0.6900 0.0275 0.0112
3 0.0444 0.7497 0.0263 0.0150
3 0.1519 0.5219 0.0225 0.0125
3 0.0588 0.6737 0.0238 0.0163
3 0.1166 0.7937 0.0238 0.0125
3 0.1181 0.7666 0.0238 0.0112
3 0.2462 0.1803 0.0238 0.0138
3 0.1212 0.7544 0.0238 0.0150
3 0.2091 0.3431 0.0275 0.0175
3 0.2122 0.3306 0.0275 0.0175
3 0.2156 0.3181 0.0250 0.0175
3 0.2172 0.3053 0.0250 0.0138
3 0.2237 0.2925 0.0287 0.0163
3 0.2259 0.2806 0.0238 0.0175
3 0.2284 0.2684 0.0225 0.0150
3 0.2303 0.2559 0.0263 0.0150
3 0.2350 0.2425 0.0263 0.0163
3 0.2375 0.2306 0.0250 0.0175
3 0.1553 0.2712 0.0263 0.0175
3 0.1594 0.2466 0.0250 0.0150
3 0.1631 0.2362 0.0263 0.0163
3 0.1663 0.2225 0.0263 0.0138
3 0.1700 0.2097 0.0275 0.0163
3 0.1747 0.1978 0.0275 0.0175
3 0.1756 0.1841 0.0263 0.0150
3 0.1772 0.1691 0.0263 0.0163
3 0.1772 0.1537 0.0263 0.0138
3 0.1556 0.2994 0.0300 0.0175
3 0.2434 0.4966 0.0338 0.0275
3 0.2484 0.5153 0.0312 0.0275
3 0.1378 0.6394 0.0225 0.0100
3 0.1212 0.7406 0.0238 0.0125
3 0.1231 0.7288 0.0212 0.0138
3 0.1269 0.7172 0.0225 0.0125
3 0.1281 0.7041 0.0250 0.0112
3 0.1297 0.6919 0.0250 0.0150
3 0.1331 0.6778 0.0225 0.0087
3 0.1337 0.6659 0.0238 0.0163
3 0.1372 0.6525 0.0212 0.0112
3 0.1378 0.6250 0.0225 0.0125
3 0.2475 0.5363 0.0325 0.0287
3 0.1394 0.6134 0.0225 0.0112
3 0.1406 0.5991 0.0250 0.0138
3 0.1406 0.5881 0.0250 0.0138
3 0.1416 0.5741 0.0238 0.0138
3 0.1444 0.5619 0.0200 0.0112
3 0.1506 0.5500 0.0200 0.0125
3 0.1469 0.5369 0.0250 0.0112
3 0.2497 0.5550 0.0338 0.0287
3 0.0256 0.9031 0.0200 0.0125
