3 0.2475 0.5331 0.0263 0.0225
3 0.0263 0.0200 0.0212 0.0150
3 0.1381 0.4384 0.0138 0.0238
3 0.1141 0.5000 0.0250 0.0125
3 0.0912 0.5269 0.0200 0.0225
3 0.1050 0.5225 0.0225 0.0263
3 0.1212 0.5209 0.0175 0.0263
3 0.1534 0.5281 0.0225 0.0125
3 0.1806 0.5306 0.0238 0.0112
3 0.2662 0.5281 0.0138 0.0250
3 0.2437 0.5469 0.0250 0.0250
3 0.2453 0.5641 0.0250 0.0250
3 0.1406 0.5662 0.0250 0.0138
3 0.1156 0.5678 0.0250 0.0138
3 0.0719 0.5509 0.0250 0.0112
3 0.0713 0.5734 0.0238 0.0125
3 0.1128 0.5791 0.0225 0.0112
3 0.0694 0.5875 0.0200 0.0125
3 0.6134 0.0522 0.0175 0.0950
3 0.8450 0.0053 0.0150 0.0075
3 0.8800 0.0053 0.0163 0.0075
3 0.8981 0.0047 0.0150 0.0063
3 0.9325 0.0059 0.0150 0.0087
3 0.5247 0.0547 0.0150 0.0938
3 0.5431 0.0556 0.0175 0.0925
3 0.5603 0.0541 0.0175 0.0925
3 0.5956 0.0556 0.0163 0.0925
3 0.6481 0.0572 0.0150 0.0925
3 0.6669 0.0537 0.0150 0.0950
3 0.6838 0.0563 0.0175 0.0938
3 0.7191 0.0578 0.0163 0.0938
3 0.7362 0.0613 0.0163 0.0912
3 0.7562 0.0597 0.0187 0.0912
3 0.7722 0.0597 0.0163 0.0912
3 0.8066 0.0600 0.0163 0.0950
3 0.8425 0.0619 0.0163 0.0925
3 0.8269 0.0059 0.0163 0.0087
3 0.8800 0.0609 0.0163 0.0938
3 0.3484 0.0481 0.0187 0.0900
3 0.4388 0.0028 0.0150 0.0025
3 0.3316 0.0512 0.0163 0.0900
3 0.3669 0.0491 0.0150 0.0887
3 0.5081 0.0022 0.0163 0.0013
3 0.2403 0.0638 0.0150 0.0650
3 0.4031 0.0516 0.0187 0.0938
3 0.4200 0.0494 0.0150 0.0925
3 0.4556 0.0509 0.0175 0.0925
3 0.8597 0.0619 0.0163 0.0925
3 0.8972 0.0619 0.0163 0.0925
3 0.9662 0.0681 0.0200 0.0925
3 0.9950 0.0691 0.0087 0.0912
3 0.9594 0.2391 0.0625 0.0187
3 0.9850 0.0072 0.0138 0.0112
3 0.9669 0.0059 0.0150 0.0087
3 0.5559 0.5831 0.0150 0.0600
3 0.5903 0.5837 0.0150 0.0613
3 0.6097 0.5847 0.0163 0.0600
3 0.6253 0.5853 0.0163 0.0613
3 0.6784 0.5859 0.0163 0.0625
3 0.6959 0.5878 0.0138 0.0600
3 0.7650 0.5884 0.0175 0.0613
3 0.9491 0.0059 0.0138 0.0087
3 0.1137 0.5900 0.0212 0.0112
3 0.1794 0.5878 0.0150 0.0225
3 0.1137 0.6041 0.0212 0.0112
3 0.2844 0.5678 0.0250 0.0200
3 0.0838 0.4366 0.0112 0.0200
3 0.3619 0.7369 0.0112 0.0238
3 0.1100 0.7066 0.0200 0.0100
3 0.1378 0.7081 0.0225 0.0100
3 0.1131 0.7191 0.0200 0.0100
3 0.0613 0.7275 0.0225 0.0112
3 0.0672 0.8819 0.0250 0.0138
3 0.1381 0.6128 0.0263 0.0100
3 0.2178 0.7056 0.0200 0.0112
3 0.2806 0.6700 0.0238 0.0212
3 0.2400 0.6819 0.0238 0.0138
3 0.2828 0.6834 0.0250 0.0200
3 0.2400 0.6969 0.0238 0.0125
3 0.2184 0.6791 0.0212 0.0112
3 0.2175 0.6697 0.0225 0.0112
3 0.1788 0.6919 0.0138 0.0275
3 0.2194 0.6928 0.0200 0.0138
3 0.1394 0.6687 0.0225 0.0125
3 0.2169 0.6562 0.0212 0.0125
3 0.1422 0.6806 0.0187 0.0112
3 0.1403 0.6916 0.0212 0.0112
3 0.1125 0.6816 0.0187 0.0100
3 0.1366 0.7213 0.0263 0.0112
3 0.1781 0.7191 0.0125 0.0287
3 0.1369 0.7353 0.0175 0.0112
3 0.1356 0.7484 0.0212 0.0125
3 0.1372 0.7631 0.0212 0.0138
3 0.2413 0.6659 0.0263 0.0163
3 0.1381 0.6559 0.0263 0.0150
3 0.2156 0.7294 0.0250 0.0150
3 0.2194 0.6331 0.0200 0.0100
3 0.1781 0.6109 0.0125 0.0250
3 0.2191 0.6094 0.0225 0.0125
3 0.2419 0.5950 0.0275 0.0212
3 0.2434 0.5825 0.0275 0.0212
3 0.2838 0.5822 0.0238 0.0175
3 0.2847 0.5953 0.0225 0.0187
3 0.2831 0.6097 0.0225 0.0163
3 0.1784 0.6388 0.0100 0.0212
3 0.2181 0.6197 0.0238 0.0112
3 0.0641 0.6528 0.0250 0.0150
3 0.2191 0.6431 0.0225 0.0112
3 0.2422 0.6487 0.0250 0.0163
3 0.1150 0.6150 0.0238 0.0112
3 0.1156 0.6272 0.0250 0.0138
3 0.1400 0.6328 0.0238 0.0125
3 0.0663 0.6156 0.0263 0.0125
3 0.0688 0.6281 0.0250 0.0125
3 0.1134 0.6388 0.0238 0.0150
3 0.1775 0.7463 0.0112 0.0238
3 0.2175 0.7166 0.0225 0.0112
3 0.2313 0.8688 0.0187 0.0125
3 0.2153 0.8019 0.0212 0.0100
3 0.2806 0.7991 0.0238 0.0200
3 0.2791 0.8131 0.0238 0.0200
3 0.2150 0.7787 0.0238 0.0138
3 0.2403 0.7812 0.0212 0.0125
3 0.2388 0.7916 0.0212 0.0112
3 0.2394 0.8034 0.0225 0.0100
3 0.2391 0.8156 0.0187 0.0125
3 0.2156 0.8150 0.0187 0.0112
3 0.2150 0.7900 0.0238 0.0112
3 0.2831 0.7694 0.0225 0.0200
3 0.1081 0.8094 0.0225 0.0125
3 0.1387 0.8081 0.0212 0.0100
3 0.0544 0.8219 0.0212 0.0125
3 0.1081 0.8394 0.0225 0.0100
3 0.0819 0.8656 0.0263 0.0125
3 0.1087 0.8656 0.0238 0.0125
3 0.1375 0.8653 0.0250 0.0150
3 0.2075 0.8672 0.0212 0.0125
3 0.2819 0.7844 0.0200 0.0187
3 0.2822 0.7575 0.0238 0.0212
3 0.2400 0.7281 0.0238 0.0125
3 0.0569 0.7531 0.0263 0.0125
3 0.2812 0.7288 0.0250 0.0200
3 0.2403 0.7409 0.0212 0.0100
3 0.2819 0.7438 0.0200 0.0187
3 0.2194 0.7431 0.0200 0.0112
3 0.0650 0.7122 0.0238 0.0150
3 0.1106 0.7322 0.0212 0.0112
3 0.1094 0.7447 0.0250 0.0112
3 0.1100 0.7575 0.0263 0.0150
3 0.0563 0.7678 0.0250 0.0138
3 0.2394 0.7547 0.0225 0.0125
3 0.0581 0.7822 0.0225 0.0112
3 0.1094 0.7834 0.0250 0.0138
3 0.1369 0.7728 0.0238 0.0112
3 0.1359 0.7850 0.0250 0.0138
3 0.1387 0.7978 0.0212 0.0112
3 0.1781 0.8019 0.0125 0.0225
3 0.2147 0.7675 0.0200 0.0100
3 0.2394 0.7681 0.0225 0.0112
3 0.2434 0.6094 0.0212 0.0125
