3 0.5025 0.2941 0.0238 0.0163
3 0.0266 0.4081 0.0250 0.0225
3 0.0166 0.3772 0.0238 0.0200
3 0.1638 0.2925 0.0212 0.0163
3 0.1212 0.4263 0.0238 0.0212
3 0.4434 0.1550 0.0150 0.0225
3 0.4412 0.1869 0.0263 0.0112
3 0.4412 0.1984 0.0263 0.0125
3 0.4478 0.2366 0.0300 0.0200
3 0.4544 0.2587 0.0275 0.0175
3 0.5081 0.2694 0.0225 0.0138
3 0.5031 0.3081 0.0250 0.0163
3 0.0334 0.4203 0.0263 0.0187
3 0.5091 0.2822 0.0275 0.0175
3 0.5756 0.2278 0.0263 0.0150
3 0.5681 0.2850 0.0238 0.0138
3 0.5619 0.3312 0.0238 0.0187
3 0.5566 0.3425 0.0225 0.0100
3 0.5506 0.3556 0.0263 0.0175
3 0.5444 0.3809 0.0325 0.0212
3 0.5328 0.4131 0.0250 0.0200
3 0.5144 0.4562 0.0225 0.0187
3 0.5062 0.7194 0.0125 0.0263
3 0.0666 0.2737 0.0175 0.0225
3 0.0516 0.3966 0.0250 0.0212
3 0.0622 0.4200 0.0275 0.0212
3 0.0412 0.2803 0.0200 0.0263
3 0.9778 0.1656 0.0212 0.0187
3 0.7425 0.0919 0.0225 0.0275
3 0.7412 0.1609 0.0200 0.0250
3 0.5194 0.1069 0.0138 0.0200
3 0.5959 0.1169 0.0263 0.0150
3 0.0588 0.4078 0.0238 0.0187
3 0.5897 0.1419 0.0200 0.0150
3 0.4319 0.0956 0.0138 0.0225
3 0.4809 0.1025 0.0150 0.0238
3 0.0287 0.3391 0.0263 0.0187
3 0.0394 0.3597 0.0225 0.0163
3 0.0412 0.3737 0.0263 0.0163
3 0.0550 0.2753 0.0163 0.0225
3 0.0766 0.2691 0.0187 0.0225
3 0.8969 0.6972 0.0187 0.0287
3 0.6906 0.3369 0.0187 0.0300
3 0.5887 0.4459 0.0212 0.0263
3 0.9891 0.2456 0.0187 0.0287
3 0.9778 0.2919 0.0150 0.0275
3 0.9434 0.3588 0.0150 0.0300
3 0.9284 0.4219 0.0163 0.0250
3 0.9163 0.5125 0.0263 0.0187
3 0.9363 0.5509 0.0287 0.0175
3 0.9341 0.5637 0.0212 0.0150
3 0.9516 0.6666 0.0187 0.0300
3 0.9169 0.6669 0.0150 0.0275
3 0.8997 0.6656 0.0150 0.0250
3 0.1944 0.5938 0.0200 0.0312
3 0.6506 0.5463 0.0200 0.0238
3 0.6272 0.5484 0.0200 0.0125
3 0.6328 0.5803 0.0250 0.0200
3 0.4247 0.7812 0.0212 0.0125
3 0.9534 0.4334 0.0163 0.0263
3 0.3494 0.8191 0.0112 0.0225
3 0.3159 0.8181 0.0100 0.0238
3 0.6850 0.2919 0.0200 0.0150
3 0.1725 0.5803 0.0263 0.0200
3 0.1228 0.2487 0.0175 0.0225
3 0.0034 0.5388 0.0037 0.0212
3 0.1916 0.3734 0.0238 0.0187
3 0.2031 0.4141 0.0250 0.0187
3 0.1616 0.4353 0.0263 0.0175
3 0.0091 0.6238 0.0150 0.0287
3 0.0072 0.4906 0.0112 0.0250
3 0.0306 0.4925 0.0175 0.0287
3 0.0884 0.4978 0.0175 0.0300
3 0.0134 0.5406 0.0112 0.0250
3 0.9184 0.6206 0.0275 0.0163
3 0.1256 0.5525 0.0200 0.0238
3 0.0803 0.6350 0.0138 0.0263
3 0.0613 0.5837 0.0163 0.0238
3 0.5891 0.6150 0.0187 0.0238
3 0.8797 0.7369 0.0250 0.0175
3 0.9100 0.7034 0.0138 0.0287
3 0.5725 0.5600 0.0200 0.0263
3 0.5022 0.4834 0.0263 0.0200
3 0.6934 0.4084 0.0212 0.0263
3 0.9672 0.2250 0.0250 0.0187
3 0.7997 0.8331 0.0212 0.0163
3 0.5831 0.6378 0.0163 0.0225
3 0.3819 0.9062 0.0138 0.0250
3 0.8444 0.9447 0.0200 0.0300
3 0.0259 0.5413 0.0112 0.0263
3 0.9756 0.9637 0.0138 0.0338
3 0.6284 0.4231 0.0163 0.0275
3 0.3038 0.8206 0.0138 0.0225
3 0.2897 0.8194 0.0138 0.0263
3 0.2672 0.8213 0.0125 0.0238
3 0.2566 0.8225 0.0100 0.0263
3 0.2587 0.7691 0.0112 0.0287
3 0.1350 0.8259 0.0138 0.0238
3 0.1244 0.8269 0.0112 0.0225
3 0.1147 0.8281 0.0138 0.0250
3 0.0997 0.8269 0.0150 0.0225
3 0.0897 0.8278 0.0138 0.0275
3 0.0788 0.8306 0.0138 0.0300
3 0.0650 0.8294 0.0112 0.0275
3 0.0559 0.8313 0.0150 0.0250
3 0.2803 0.7659 0.0138 0.0225
3 0.3294 0.7678 0.0150 0.0263
3 0.2697 0.7653 0.0112 0.0212
3 0.2475 0.7706 0.0138 0.0287
3 0.0766 0.8603 0.0125 0.0238
3 0.2347 0.7684 0.0100 0.0275
3 0.2225 0.7700 0.0138 0.0275
3 0.1856 0.7700 0.0150 0.0275
3 0.1744 0.7725 0.0112 0.0263
3 0.1641 0.7678 0.0125 0.0263
3 0.1525 0.7712 0.0112 0.0238
3 0.1391 0.7688 0.0125 0.0250
3 0.1272 0.7712 0.0138 0.0238
3 0.1150 0.7688 0.0112 0.0250
3 0.1038 0.7731 0.0138 0.0275
3 0.0919 0.7712 0.0150 0.0238
3 0.1475 0.8256 0.0138 0.0263
3 0.1109 0.8600 0.0125 0.0263
3 0.3016 0.8534 0.0125 0.0225
3 0.2431 0.8213 0.0112 0.0238
3 0.2322 0.8225 0.0112 0.0263
3 0.2203 0.8253 0.0125 0.0225
3 0.1962 0.8228 0.0112 0.0238
3 0.1859 0.8234 0.0125 0.0250
3 0.1719 0.8259 0.0125 0.0238
3 0.1603 0.8244 0.0112 0.0238
3 0.3603 0.8544 0.0112 0.0275
3 0.3475 0.8544 0.0138 0.0275
3 0.3359 0.8538 0.0125 0.0263
3 0.3234 0.8544 0.0125 0.0275
3 0.2897 0.8538 0.0138 0.0263
3 0.1466 0.8609 0.0150 0.0250
3 0.2775 0.8556 0.0112 0.0238
3 0.2659 0.8534 0.0100 0.0225
3 0.2547 0.8547 0.0125 0.0250
3 0.2422 0.8572 0.0125 0.0238
3 0.2281 0.8578 0.0125 0.0187
3 0.2188 0.8581 0.0125 0.0225
3 0.2072 0.8575 0.0112 0.0212
3 0.1947 0.8581 0.0112 0.0225
3 0.1837 0.8575 0.0112 0.0212
3 0.1725 0.8588 0.0138 0.0238
3 0.1575 0.8575 0.0150 0.0212
3 0.0797 0.7712 0.0125 0.0238
3 0.0697 0.7737 0.0112 0.0287
3 0.0563 0.7719 0.0125 0.0250
3 0.0734 0.9950 0.0125 0.0087
3 0.1994 0.9350 0.0238 0.0138
3 0.2016 0.9447 0.0250 0.0175
3 0.2075 0.9559 0.0212 0.0150
3 0.1781 0.9831 0.0187 0.0287
3 0.1681 0.9894 0.0112 0.0225
3 0.1556 0.9894 0.0112 0.0225
3 0.1428 0.9906 0.0138 0.0187
3 0.1291 0.9906 0.0112 0.0187
3 0.1184 0.9906 0.0150 0.0187
3 0.1056 0.9916 0.0112 0.0175
3 0.0938 0.9928 0.0125 0.0138
3 0.0616 0.9969 0.0075 0.0063
3 0.6044 0.6153 0.0212 0.0275
3 0.0472 0.9950 0.0100 0.0087
3 0.1975 0.9213 0.0263 0.0112
3 0.0575 0.9428 0.0150 0.0200
3 0.0569 0.9187 0.0138 0.0187
3 0.0663 0.9153 0.0138 0.0275
3 0.5925 0.6422 0.0163 0.0250
3 0.5713 0.6622 0.0238 0.0212
3 0.5775 0.6825 0.0175 0.0275
3 0.7850 0.8941 0.0263 0.0225
3 0.7562 0.9025 0.0312 0.0238
3 0.4303 0.8628 0.0263 0.0163
3 0.3341 0.9150 0.0150 0.0238
3 0.3231 0.9163 0.0150 0.0263
3 0.3116 0.9150 0.0138 0.0238
3 0.2981 0.9169 0.0150 0.0275
3 0.2897 0.9206 0.0138 0.0287
3 0.2737 0.9238 0.0163 0.0287
3 0.1397 0.9350 0.0138 0.0263
3 0.1284 0.9363 0.0163 0.0225
3 0.1156 0.9381 0.0125 0.0263
3 0.1038 0.9384 0.0138 0.0238
3 0.0928 0.9381 0.0138 0.0263
3 0.1363 0.9122 0.0163 0.0212
3 0.1266 0.9134 0.0125 0.0238
3 0.1137 0.9109 0.0150 0.0250
3 0.1031 0.9141 0.0125 0.0250
3 0.0906 0.9134 0.0125 0.0238
3 0.0797 0.9156 0.0125 0.0250
3 0.5950 0.1022 0.0212 0.0138
3 0.5166 0.1953 0.0238 0.0125
3 0.1900 0.9800 0.0112 0.0225
