3 0.9872 0.0656 0.0150 0.0250
3 0.9609 0.0738 0.0125 0.0287
3 0.9494 0.0709 0.0112 0.0263
3 0.9384 0.0703 0.0112 0.0250
3 0.9259 0.0697 0.0112 0.0238
3 0.9141 0.0672 0.0125 0.0250
3 0.8947 0.0653 0.0112 0.0212
3 0.8794 0.0656 0.0150 0.0250
3 0.8675 0.0663 0.0163 0.0263
3 0.8556 0.0663 0.0112 0.0263
3 0.8447 0.0656 0.0112 0.0250
3 0.8306 0.0653 0.0112 0.0275
3 0.8159 0.0622 0.0100 0.0212
3 0.8056 0.0588 0.0112 0.0300
3 0.7947 0.0609 0.0112 0.0250
3 0.7828 0.0606 0.0125 0.0275
3 0.9969 0.0128 0.0063 0.0225
3 0.9884 0.0128 0.0112 0.0225
3 0.7703 0.0600 0.0125 0.0263
3 0.7562 0.0584 0.0125 0.0263
3 0.7453 0.0553 0.0125 0.0263
3 0.7353 0.0563 0.0112 0.0250
3 0.7222 0.0541 0.0100 0.0238
3 0.7081 0.0525 0.0100 0.0238
3 0.6981 0.0519 0.0150 0.0225
3 0.9747 0.0731 0.0150 0.0275
3 0.9959 0.0725 0.0075 0.0263
3 0.0797 0.7222 0.0250 0.0163
3 0.1753 0.8559 0.0287 0.0150
3 0.1828 0.8209 0.0187 0.0263
3 0.2437 0.5413 0.0187 0.0263
3 0.1972 0.5388 0.0225 0.0212
3 0.6869 0.0503 0.0112 0.0225
3 0.6775 0.0503 0.0112 0.0225
3 0.6638 0.0503 0.0087 0.0225
3 0.6519 0.0503 0.0100 0.0225
3 0.2822 0.0275 0.0112 0.0238
3 0.2691 0.0281 0.0163 0.0250
3 0.4394 0.0109 0.0225 0.0125
3 0.2575 0.0331 0.0150 0.0225
3 0.2453 0.0331 0.0125 0.0225
3 0.2331 0.0344 0.0163 0.0250
3 0.2231 0.0338 0.0150 0.0238
3 0.2116 0.0359 0.0138 0.0250
3 0.2922 0.0272 0.0125 0.0263
3 0.3063 0.0275 0.0125 0.0238
3 0.3172 0.0275 0.0125 0.0238
3 0.4969 0.0400 0.0125 0.0238
3 0.6412 0.0484 0.0138 0.0250
3 0.6266 0.0484 0.0125 0.0250
3 0.6144 0.0462 0.0100 0.0238
3 0.6031 0.0469 0.0125 0.0250
3 0.5922 0.0462 0.0125 0.0238
3 0.5797 0.0447 0.0125 0.0238
3 0.5684 0.0437 0.0150 0.0250
3 0.5563 0.0412 0.0125 0.0263
3 0.5453 0.0409 0.0125 0.0225
3 0.5344 0.0412 0.0125 0.0263
3 0.5206 0.0406 0.0100 0.0250
3 0.5088 0.0406 0.0112 0.0250
3 0.4853 0.0391 0.0112 0.0250
3 0.3306 0.0275 0.0112 0.0238
3 0.4734 0.0356 0.0125 0.0275
3 0.4594 0.0347 0.0125 0.0225
3 0.4478 0.0338 0.0112 0.0238
3 0.4369 0.0338 0.0112 0.0238
3 0.4250 0.0338 0.0125 0.0238
3 0.4134 0.0331 0.0112 0.0225
3 0.4025 0.0331 0.0112 0.0225
3 0.3909 0.0291 0.0100 0.0238
3 0.3775 0.0306 0.0112 0.0238
3 0.3644 0.0297 0.0100 0.0250
3 0.3525 0.0297 0.0112 0.0250
3 0.3406 0.0275 0.0125 0.0238
3 0.0891 0.8631 0.0250 0.0200
3 0.0181 0.0675 0.0238 0.0163
3 0.9631 0.0122 0.0075 0.0212
3 0.9525 0.0122 0.0112 0.0212
3 0.9387 0.0116 0.0087 0.0200
3 0.9262 0.0122 0.0087 0.0212
3 0.9147 0.0103 0.0075 0.0175
3 0.9047 0.0091 0.0063 0.0150
3 0.8897 0.0091 0.0075 0.0150
3 0.8778 0.0084 0.0087 0.0138
3 0.8662 0.0078 0.0075 0.0125
3 0.8544 0.0078 0.0087 0.0125
