3 0.8581 0.5703 0.0100 0.0187
3 0.9738 0.5475 0.0100 0.0200
3 0.3656 0.3013 0.0125 0.0087
3 0.3591 0.3044 0.0150 0.0087
3 0.3644 0.3128 0.0163 0.0100
3 0.3216 0.2616 0.0150 0.0075
3 0.1781 0.2894 0.0187 0.0100
3 0.2878 0.2869 0.0163 0.0112
3 0.2866 0.2956 0.0200 0.0100
3 0.2859 0.3034 0.0187 0.0100
3 0.2822 0.3206 0.0175 0.0100
3 0.2819 0.3263 0.0138 0.0087
3 0.2794 0.3325 0.0150 0.0087
3 0.2784 0.3378 0.0163 0.0100
3 0.2784 0.3425 0.0163 0.0100
3 0.2419 0.3434 0.0087 0.0150
3 0.2378 0.3419 0.0100 0.0150
3 0.2325 0.3397 0.0087 0.0138
3 0.2263 0.3387 0.0087 0.0150
3 0.2206 0.3366 0.0100 0.0138
3 0.2153 0.3356 0.0087 0.0150
3 0.2072 0.3350 0.0112 0.0138
3 0.3112 0.2938 0.0163 0.0063
3 0.3138 0.2888 0.0150 0.0087
3 0.3163 0.2831 0.0138 0.0100
3 0.3169 0.2772 0.0150 0.0075
3 0.3169 0.2725 0.0150 0.0075
3 0.3184 0.2669 0.0150 0.0087
3 0.1766 0.2966 0.0187 0.0087
3 0.2591 0.2569 0.0150 0.0200
3 0.2491 0.2541 0.0138 0.0175
3 0.1209 0.1925 0.0138 0.0100
3 0.1547 0.2691 0.0125 0.0100
3 0.1544 0.2762 0.0150 0.0087
3 0.1516 0.2825 0.0125 0.0087
3 0.1491 0.2897 0.0138 0.0075
3 0.1475 0.2975 0.0138 0.0075
3 0.0266 0.2372 0.0125 0.0087
3 0.0209 0.2297 0.0138 0.0063
3 0.1684 0.2747 0.0150 0.0087
3 0.1663 0.2803 0.0138 0.0075
3 0.1634 0.2866 0.0112 0.0075
3 0.1616 0.2944 0.0138 0.0075
3 0.1837 0.2703 0.0175 0.0187
3 0.1894 0.2650 0.0163 0.0175
3 0.1950 0.2619 0.0150 0.0175
3 0.2044 0.2625 0.0150 0.0187
3 0.2112 0.2619 0.0163 0.0175
3 0.2191 0.2625 0.0163 0.0187
3 0.2259 0.2584 0.0175 0.0200
3 0.2356 0.2562 0.0150 0.0187
3 0.2419 0.2556 0.0150 0.0175
3 0.3591 0.3722 0.0087 0.0163
3 0.3112 0.3572 0.0100 0.0175
3 0.5519 0.4278 0.0100 0.0150
3 0.6466 0.4541 0.0087 0.0175
3 0.6506 0.4347 0.0075 0.0163
3 0.7847 0.4653 0.0100 0.0150
3 0.9512 0.5425 0.0087 0.0163
3 0.9622 0.5447 0.0087 0.0175
3 0.9684 0.5991 0.0087 0.0138
3 0.8256 0.8444 0.0075 0.0138
