3 0.4531 0.5988 0.0125 0.0225
3 0.3481 0.1047 0.0212 0.0125
3 0.2297 0.2156 0.0250 0.0125
3 0.2341 0.2025 0.0275 0.0112
3 0.2337 0.1906 0.0238 0.0125
3 0.1734 0.2100 0.0250 0.0138
3 0.1719 0.1975 0.0250 0.0138
3 0.1744 0.1844 0.0238 0.0125
3 0.1766 0.1719 0.0250 0.0125
3 0.2581 0.1391 0.0225 0.0125
3 0.1791 0.1344 0.0238 0.0125
3 0.3497 0.0781 0.0212 0.0125
3 0.3425 0.1566 0.0225 0.0100
3 0.2356 0.1119 0.0212 0.0112
3 0.2650 0.0500 0.0238 0.0125
3 0.2559 0.2156 0.0212 0.0125
3 0.3416 0.1803 0.0238 0.0138
3 0.4553 0.5350 0.0138 0.0263
3 0.4012 0.2087 0.0212 0.0112
3 0.4625 0.3881 0.0125 0.0263
3 0.5750 0.0684 0.0187 0.0275
3 0.5594 0.0722 0.0187 0.0225
3 0.5269 0.0681 0.0225 0.0300
3 0.4656 0.2734 0.0125 0.0250
3 0.4697 0.1663 0.0112 0.0263
3 0.4031 0.1203 0.0250 0.0125
3 0.3463 0.2462 0.0238 0.0112
3 0.3175 0.2437 0.0225 0.0125
3 0.1738 0.2369 0.0225 0.0112
3 0.3456 0.1922 0.0225 0.0125
3 0.2316 0.2400 0.0225 0.0112
3 0.2566 0.2394 0.0225 0.0100
3 0.2578 0.2269 0.0250 0.0100
3 0.3416 0.2319 0.0238 0.0138
3 0.3994 0.1969 0.0238 0.0125
3 0.3147 0.2294 0.0263 0.0150
3 0.3431 0.2181 0.0175 0.0112
3 0.3169 0.2047 0.0212 0.0125
3 0.3181 0.1800 0.0238 0.0163
3 0.4016 0.1700 0.0250 0.0150
3 0.5513 0.0303 0.0212 0.0200
