3 0.5369 0.3669 0.0175 0.0275
3 0.2106 0.2812 0.0150 0.0250
3 0.1981 0.2809 0.0150 0.0275
3 0.1850 0.2878 0.0138 0.0225
3 0.0781 0.2934 0.0125 0.0275
3 0.1337 0.2503 0.0112 0.0225
3 0.0462 0.0912 0.0238 0.0263
3 0.1756 0.0128 0.0263 0.0225
3 0.0822 0.0059 0.0112 0.0087
3 0.2359 0.2772 0.0187 0.0263
3 0.2237 0.2778 0.0163 0.0275
3 0.2603 0.2719 0.0175 0.0250
3 0.0303 0.1122 0.0200 0.0212
3 0.2831 0.5162 0.0163 0.0263
3 0.0338 0.0459 0.0238 0.0263
3 0.5325 0.9772 0.0212 0.0138
3 0.1706 0.9706 0.0287 0.0163
3 0.0300 0.6506 0.0287 0.0138
3 0.0688 0.5581 0.0125 0.0287
3 0.1841 0.5309 0.0150 0.0275
3 0.2084 0.5275 0.0138 0.0300
3 0.2225 0.5281 0.0138 0.0250
3 0.2350 0.5241 0.0138 0.0263
3 0.2481 0.5197 0.0150 0.0300
3 0.2334 0.3688 0.0138 0.0250
3 0.2981 0.2662 0.0150 0.0263
3 0.2481 0.3688 0.0150 0.0250
3 0.4044 0.3091 0.0150 0.0212
3 0.3556 0.3187 0.0175 0.0312
3 0.2431 0.3416 0.0175 0.0300
3 0.2681 0.3319 0.0175 0.0263
3 0.3084 0.3006 0.0263 0.0138
3 0.3975 0.2478 0.0138 0.0238
3 0.3850 0.2522 0.0138 0.0263
3 0.3725 0.2516 0.0138 0.0250
3 0.3225 0.2641 0.0138 0.0250
