3 0.8091 0.1731 0.0150 0.0275
3 0.8103 0.0881 0.0112 0.0200
3 0.8094 0.0437 0.0125 0.0250
3 0.6266 0.2681 0.0250 0.0238
3 0.2281 0.9912 0.0250 0.0138
3 0.0750 0.9872 0.0250 0.0150
3 0.0397 0.9872 0.0325 0.0150
3 0.8447 0.1503 0.0112 0.0287
3 0.8447 0.1134 0.0112 0.0238
3 0.8469 0.0741 0.0125 0.0263
3 0.8222 0.6144 0.0225 0.0225
3 0.8841 0.4938 0.0275 0.0125
3 0.8475 0.0437 0.0138 0.0312
3 0.7966 0.6625 0.0275 0.0312
3 0.8409 0.2859 0.0100 0.0250
3 0.8409 0.2562 0.0100 0.0312
3 0.9088 0.3463 0.0112 0.0238
3 0.8434 0.2266 0.0087 0.0250
3 0.8447 0.1888 0.0112 0.0275
