3 0.9219 0.4581 0.0125 0.0100
3 0.5637 0.7206 0.0150 0.0163
3 0.5378 0.6069 0.0163 0.0075
3 0.5372 0.6234 0.0150 0.0063
3 0.5381 0.6287 0.0138 0.0075
3 0.5400 0.6359 0.0112 0.0063
3 0.5022 0.6178 0.0138 0.0075
3 0.5037 0.6100 0.0138 0.0075
3 0.5006 0.5756 0.0138 0.0075
3 0.5016 0.5828 0.0125 0.0063
3 0.4875 0.5912 0.0125 0.0075
3 0.4891 0.5984 0.0125 0.0063
3 0.4900 0.6047 0.0112 0.0063
3 0.4891 0.6116 0.0125 0.0075
3 0.4838 0.6375 0.0238 0.0187
3 0.6153 0.7550 0.0212 0.0163
3 0.5200 0.7100 0.0087 0.0138
3 0.5144 0.7141 0.0100 0.0125
3 0.5041 0.7219 0.0112 0.0125
3 0.5303 0.7034 0.0138 0.0163
3 0.5537 0.6925 0.0138 0.0163
3 0.5378 0.5953 0.0163 0.0063
3 0.5369 0.5881 0.0175 0.0075
3 0.5372 0.5813 0.0150 0.0063
3 0.8216 0.7547 0.0087 0.0125
3 0.7047 0.7666 0.0125 0.0112
3 0.7106 0.7731 0.0150 0.0150
3 0.7125 0.7781 0.0125 0.0125
3 0.7156 0.7838 0.0125 0.0112
3 0.7203 0.7884 0.0125 0.0112
3 0.7994 0.7700 0.0112 0.0150
3 0.8050 0.7669 0.0100 0.0150
3 0.8166 0.7594 0.0112 0.0125
3 0.7606 0.7947 0.0087 0.0112
3 0.5356 0.5681 0.0150 0.0050
3 0.7541 0.7975 0.0112 0.0138
3 0.7478 0.8000 0.0112 0.0125
3 0.7416 0.8025 0.0112 0.0112
3 0.7669 0.9869 0.0150 0.0175
3 0.7537 0.9753 0.0200 0.0163
3 0.7328 0.9706 0.0187 0.0100
3 0.5363 0.5537 0.0163 0.0075
3 0.5353 0.5616 0.0175 0.0075
3 0.5628 0.7013 0.0163 0.0150
3 0.5588 0.7256 0.0112 0.0138
3 0.7428 0.7656 0.0138 0.0125
3 0.5525 0.7278 0.0112 0.0150
3 0.6075 0.9834 0.0150 0.0075
3 0.5900 0.9875 0.0112 0.0063
3 0.5650 0.9875 0.0112 0.0063
3 0.6331 0.9838 0.0287 0.0112
3 0.4016 0.7816 0.0125 0.0163
3 0.5413 0.7341 0.0138 0.0150
3 0.5250 0.7434 0.0187 0.0212
3 0.4650 0.7459 0.0112 0.0138
3 0.4875 0.7309 0.0125 0.0150
3 0.4494 0.7553 0.0112 0.0138
3 0.4394 0.7625 0.0100 0.0125
3 0.4275 0.7672 0.0112 0.0125
3 0.4206 0.7719 0.0100 0.0125
3 0.4713 0.7781 0.0112 0.0125
3 0.3103 0.8406 0.0112 0.0125
3 0.4656 0.7834 0.0125 0.0138
3 0.5041 0.7569 0.0112 0.0138
3 0.4891 0.7700 0.0125 0.0150
3 0.3519 0.8169 0.0100 0.0150
3 0.3609 0.8106 0.0125 0.0150
3 0.3450 0.8178 0.0087 0.0138
3 0.3397 0.8225 0.0075 0.0138
3 0.3337 0.8287 0.0112 0.0138
3 0.7028 0.7600 0.0150 0.0138
3 0.7553 0.7594 0.0138 0.0125
3 0.8716 0.6328 0.0150 0.0125
3 0.7359 0.6706 0.0125 0.0100
3 0.9412 0.7181 0.0138 0.0112
3 0.9522 0.7350 0.0138 0.0138
3 0.9591 0.7459 0.0150 0.0138
3 0.9491 0.7584 0.0138 0.0138
3 0.9725 0.7688 0.0138 0.0125
3 0.9684 0.7625 0.0150 0.0125
3 0.9859 0.7906 0.0125 0.0125
3 0.9834 0.7850 0.0138 0.0138
3 0.9716 0.7913 0.0150 0.0138
3 0.9850 0.8131 0.0138 0.0138
3 0.8559 0.6959 0.0150 0.0138
3 0.7975 0.6578 0.0138 0.0125
3 0.7797 0.6603 0.0125 0.0112
3 0.7844 0.6650 0.0125 0.0112
3 0.7866 0.6719 0.0138 0.0125
3 0.7941 0.6819 0.0163 0.0138
3 0.8075 0.7037 0.0150 0.0138
3 0.7553 0.6759 0.0138 0.0112
3 0.9272 0.7203 0.0138 0.0125
3 0.9350 0.7297 0.0138 0.0125
3 0.9319 0.7250 0.0138 0.0125
3 0.8556 0.6663 0.0175 0.0138
3 0.8591 0.6125 0.0150 0.0125
3 0.8137 0.6241 0.0150 0.0138
3 0.8162 0.6281 0.0138 0.0125
3 0.8191 0.6350 0.0163 0.0138
3 0.8272 0.6469 0.0138 0.0125
3 0.8303 0.6531 0.0138 0.0125
3 0.8450 0.6484 0.0150 0.0125
3 0.8372 0.6616 0.0150 0.0138
3 0.8434 0.6725 0.0150 0.0138
3 0.9200 0.7087 0.0150 0.0112
3 0.8475 0.6787 0.0138 0.0138
3 0.8622 0.6775 0.0150 0.0112
3 0.8662 0.6828 0.0138 0.0125
3 0.9856 0.7297 0.0150 0.0125
3 0.9669 0.7016 0.0150 0.0125
3 0.9600 0.6906 0.0138 0.0125
3 0.9563 0.6859 0.0125 0.0125
3 0.9328 0.7019 0.0125 0.0100
3 0.7481 0.6650 0.0150 0.0112
3 0.7397 0.6781 0.0138 0.0125
3 0.7500 0.7544 0.0125 0.0087
3 0.7422 0.6838 0.0125 0.0112
3 0.7094 0.7103 0.0125 0.0112
3 0.7072 0.7056 0.0112 0.0112
3 0.7037 0.7009 0.0138 0.0112
3 0.7213 0.7269 0.0112 0.0100
3 0.7241 0.7344 0.0138 0.0125
3 0.7266 0.7394 0.0125 0.0100
3 0.7303 0.7441 0.0138 0.0100
3 0.7344 0.7503 0.0125 0.0100
3 0.7359 0.7550 0.0125 0.0100
3 0.7400 0.7603 0.0112 0.0112
3 0.7162 0.6937 0.0138 0.0125
3 0.7162 0.6997 0.0138 0.0087
3 0.7203 0.7044 0.0125 0.0087
3 0.7312 0.7206 0.0125 0.0100
3 0.7359 0.7269 0.0125 0.0100
3 0.7394 0.7319 0.0100 0.0075
3 0.7416 0.7356 0.0112 0.0087
3 0.7438 0.7409 0.0125 0.0100
3 0.7484 0.7481 0.0125 0.0087
3 0.7125 0.7166 0.0125 0.0112
3 0.7172 0.7213 0.0125 0.0112
3 0.7281 0.7156 0.0125 0.0125
3 0.7588 0.7097 0.0112 0.0100
3 0.7466 0.6897 0.0150 0.0138
3 0.7500 0.6931 0.0125 0.0112
3 0.7525 0.6978 0.0112 0.0112
3 0.7600 0.6878 0.0138 0.0100
3 0.7656 0.6931 0.0125 0.0112
3 0.7681 0.6978 0.0112 0.0112
3 0.7806 0.7197 0.0112 0.0112
3 0.7728 0.7081 0.0112 0.0100
3 0.7625 0.7150 0.0125 0.0112
3 0.6781 0.7197 0.0125 0.0112
3 0.7650 0.7206 0.0112 0.0100
3 0.7712 0.7275 0.0112 0.0112
3 0.7831 0.7253 0.0100 0.0100
3 0.7900 0.7362 0.0112 0.0100
3 0.7756 0.7375 0.0138 0.0125
3 0.7791 0.7441 0.0112 0.0100
3 0.6903 0.7406 0.0150 0.0125
3 0.6741 0.7134 0.0138 0.0112
3 0.0387 0.9969 0.0087 0.0063
3 0.0456 0.9938 0.0100 0.0125
3 0.1081 0.9563 0.0100 0.0125
3 0.1666 0.9194 0.0112 0.0138
3 0.1619 0.9234 0.0112 0.0125
3 0.1581 0.9287 0.0100 0.0138
3 0.1519 0.9313 0.0100 0.0125
3 0.1469 0.9356 0.0125 0.0150
3 0.1409 0.9369 0.0100 0.0112
3 0.1353 0.9412 0.0112 0.0138
3 0.1244 0.9484 0.0112 0.0125
3 0.1031 0.9616 0.0125 0.0138
3 0.0531 0.9906 0.0125 0.0125
3 0.0900 0.9678 0.0112 0.0138
3 0.1016 0.8547 0.0125 0.0125
3 0.0928 0.8613 0.0138 0.0100
3 0.0872 0.8681 0.0150 0.0112
3 0.0784 0.8753 0.0163 0.0100
3 0.0588 0.8863 0.0175 0.0100
3 0.0681 0.9809 0.0112 0.0150
3 0.0572 0.9859 0.0112 0.0125
3 0.5513 0.4647 0.0087 0.0387
3 0.5300 0.4803 0.0100 0.0450
3 0.4450 0.5319 0.0087 0.0387
3 0.4888 0.3916 0.0275 0.0362
3 0.4637 0.4078 0.0275 0.0375
3 0.4372 0.4244 0.0275 0.0362
3 0.4206 0.4338 0.0287 0.0362
3 0.3666 0.4631 0.0238 0.0325
3 0.3428 0.4831 0.0263 0.0350
3 0.2997 0.5078 0.0275 0.0375
3 0.2747 0.5244 0.0275 0.0362
3 0.1747 0.5869 0.0275 0.0362
3 0.0506 0.8122 0.0450 0.0150
3 0.0134 0.8419 0.0238 0.0150
3 0.0078 0.8494 0.0125 0.0112
3 0.0047 0.8644 0.0063 0.0100
3 0.5403 0.3594 0.0275 0.0375
3 0.5487 0.3531 0.0287 0.0375
3 0.6659 0.2822 0.0287 0.0362
3 0.6822 0.2687 0.0238 0.0312
3 0.5309 0.9919 0.0462 0.0150
3 0.3106 0.1462 0.0275 0.0362
3 0.8756 0.1428 0.0200 0.0263
3 0.8441 0.1719 0.0287 0.0375
3 0.8075 0.1922 0.0275 0.0375
3 0.7369 0.3522 0.0112 0.0387
3 0.1738 0.9172 0.0100 0.0125
3 0.1781 0.9131 0.0125 0.0138
3 0.1853 0.9109 0.0112 0.0125
3 0.2425 0.9000 0.0163 0.0125
3 0.2072 0.9850 0.0112 0.0138
3 0.2275 0.9722 0.0112 0.0163
3 0.2353 0.9675 0.0112 0.0163
3 0.1841 0.9950 0.0087 0.0087
3 0.1756 0.9978 0.0075 0.0050
3 0.3744 0.8412 0.0112 0.0138
3 0.4384 0.7975 0.0112 0.0138
3 0.4225 0.8094 0.0138 0.0125
3 0.3606 0.8488 0.0087 0.0163
3 0.3547 0.8522 0.0063 0.0138
3 0.3509 0.8531 0.0112 0.0125
3 0.3447 0.8588 0.0112 0.0112
3 0.3400 0.8600 0.0112 0.0138
3 0.3331 0.8653 0.0100 0.0150
3 0.3281 0.8675 0.0125 0.0163
3 0.2250 0.9397 0.0125 0.0138
3 0.1791 0.9503 0.0112 0.0163
3 0.1697 0.9725 0.0112 0.0138
3 0.1744 0.9678 0.0112 0.0138
3 0.1806 0.9653 0.0112 0.0150
3 0.1894 0.9569 0.0100 0.0138
3 0.1975 0.9559 0.0138 0.0150
3 0.2081 0.9469 0.0100 0.0125
3 0.2322 0.9363 0.0112 0.0163
3 0.1900 0.9444 0.0112 0.0138
3 0.1634 0.9606 0.0112 0.0150
3 0.1969 0.9412 0.0125 0.0138
3 0.2056 0.9334 0.0112 0.0138
3 0.2128 0.9281 0.0100 0.0125
3 0.2175 0.9272 0.0100 0.0138
3 0.2244 0.9231 0.0112 0.0150
3 0.2634 0.9275 0.0112 0.0112
3 0.2534 0.9187 0.0163 0.0125
3 0.2478 0.9050 0.0112 0.0100
3 0.1691 0.9584 0.0100 0.0138
3 0.1572 0.9653 0.0112 0.0150
3 0.1119 0.9903 0.0112 0.0150
3 0.0950 0.9969 0.0087 0.0063
3 0.1066 0.9928 0.0100 0.0138
3 0.1156 0.9863 0.0125 0.0163
3 0.1525 0.9678 0.0112 0.0138
3 0.1297 0.9938 0.0125 0.0125
3 0.1291 0.9803 0.0112 0.0138
3 0.1363 0.9912 0.0100 0.0138
3 0.1347 0.9778 0.0100 0.0150
3 0.1416 0.9891 0.0112 0.0125
3 0.1394 0.9725 0.0100 0.0138
3 0.1525 0.9834 0.0112 0.0138
3 0.1581 0.9781 0.0100 0.0125
3 0.8738 0.6106 0.0163 0.0150
3 0.8859 0.6547 0.0125 0.0125
3 0.9516 0.4478 0.0125 0.0112
3 0.7831 0.4391 0.0100 0.0125
3 0.8509 0.4116 0.0112 0.0138
3 0.8447 0.4141 0.0112 0.0125
3 0.8387 0.4178 0.0087 0.0138
3 0.8369 0.4037 0.0112 0.0138
3 0.8322 0.4069 0.0112 0.0138
3 0.8331 0.4203 0.0100 0.0125
3 0.8284 0.4250 0.0100 0.0125
3 0.8275 0.4094 0.0112 0.0125
3 0.8213 0.4138 0.0112 0.0150
3 0.8222 0.4287 0.0100 0.0138
3 0.8175 0.4309 0.0100 0.0150
3 0.8119 0.4169 0.0112 0.0150
3 0.8050 0.4225 0.0100 0.0138
3 0.8116 0.4338 0.0075 0.0112
3 0.8063 0.4366 0.0125 0.0138
3 0.8009 0.4406 0.0112 0.0125
3 0.7947 0.4319 0.0112 0.0138
3 0.7884 0.4344 0.0112 0.0125
3 0.7953 0.4459 0.0125 0.0138
3 0.8431 0.4006 0.0112 0.0138
3 0.8478 0.3981 0.0112 0.0150
3 0.8541 0.3950 0.0112 0.0150
3 0.8934 0.3869 0.0087 0.0112
3 0.9275 0.3981 0.0112 0.0150
3 0.9906 0.4297 0.0125 0.0125
3 0.9891 0.4256 0.0125 0.0138
3 0.9841 0.4203 0.0150 0.0125
3 0.9863 0.3772 0.0100 0.0138
3 0.9800 0.3788 0.0100 0.0138
3 0.9750 0.3844 0.0125 0.0125
3 0.9675 0.3853 0.0100 0.0112
3 0.8859 0.3912 0.0125 0.0138
3 0.8588 0.3919 0.0112 0.0150
3 0.8719 0.3987 0.0125 0.0163
3 0.8656 0.4016 0.0125 0.0125
3 0.8562 0.4091 0.0125 0.0150
3 0.8878 0.3725 0.0100 0.0138
3 0.8831 0.3772 0.0100 0.0138
3 0.8778 0.3806 0.0087 0.0112
3 0.8706 0.3834 0.0100 0.0138
3 0.8653 0.3875 0.0087 0.0125
3 0.7900 0.4469 0.0112 0.0125
3 0.7775 0.4406 0.0112 0.0125
3 0.9088 0.4094 0.0112 0.0125
3 0.7831 0.4516 0.0100 0.0125
3 0.8650 0.3513 0.0112 0.0150
3 0.8603 0.3538 0.0112 0.0138
3 0.8544 0.3559 0.0087 0.0150
3 0.8494 0.3591 0.0112 0.0150
3 0.8425 0.3631 0.0100 0.0138
3 0.8387 0.3681 0.0087 0.0112
3 0.8328 0.3712 0.0125 0.0112
3 0.8281 0.3741 0.0125 0.0138
3 0.8187 0.3794 0.0125 0.0150
3 0.8113 0.3828 0.0100 0.0125
3 0.8050 0.3853 0.0100 0.0112
3 0.8000 0.3900 0.0125 0.0112
3 0.7947 0.3937 0.0112 0.0125
3 0.7891 0.3975 0.0125 0.0138
3 0.7844 0.4016 0.0125 0.0125
3 0.7775 0.4056 0.0112 0.0112
3 0.7728 0.4100 0.0112 0.0138
3 0.7656 0.4116 0.0125 0.0138
3 0.7600 0.4153 0.0138 0.0150
3 0.8728 0.3450 0.0112 0.0150
3 0.8812 0.3419 0.0125 0.0150
3 0.8869 0.3356 0.0112 0.0150
3 0.7509 0.4591 0.0112 0.0150
3 0.7784 0.4553 0.0100 0.0138
3 0.7712 0.4434 0.0112 0.0150
3 0.7728 0.4603 0.0112 0.0112
3 0.7675 0.4637 0.0100 0.0150
3 0.7606 0.4525 0.0087 0.0112
3 0.7541 0.4547 0.0112 0.0125
3 0.7628 0.4669 0.0100 0.0150
3 0.7572 0.4700 0.0112 0.0150
3 0.7519 0.4734 0.0100 0.0125
3 0.7213 0.4763 0.0112 0.0150
3 0.7463 0.4778 0.0112 0.0150
3 0.7447 0.4622 0.0112 0.0150
3 0.7391 0.4669 0.0125 0.0150
3 0.7328 0.4684 0.0125 0.0150
3 0.7400 0.4803 0.0112 0.0138
3 0.7338 0.4828 0.0112 0.0125
3 0.7275 0.4872 0.0112 0.0150
3 0.7275 0.4725 0.0112 0.0138
3 0.9172 0.4028 0.0125 0.0150
3 0.9025 0.4159 0.0112 0.0163
3 0.8928 0.6644 0.0138 0.0100
3 0.8109 0.5231 0.0125 0.0150
3 0.9113 0.5359 0.0163 0.0125
3 0.9194 0.5484 0.0138 0.0125
3 0.7969 0.5834 0.0125 0.0138
3 0.8025 0.5797 0.0112 0.0125
3 0.8069 0.5769 0.0138 0.0163
3 0.8250 0.5662 0.0125 0.0138
3 0.8306 0.5631 0.0112 0.0138
3 0.8353 0.5606 0.0112 0.0150
3 0.8469 0.5544 0.0125 0.0150
3 0.8525 0.5506 0.0112 0.0138
3 0.8588 0.5466 0.0112 0.0150
3 0.8516 0.5109 0.0125 0.0125
3 0.8453 0.5012 0.0125 0.0150
3 0.8516 0.4975 0.0125 0.0138
3 0.8588 0.5084 0.0112 0.0138
3 0.8469 0.5169 0.0125 0.0150
3 0.8222 0.5147 0.0100 0.0138
3 0.8331 0.5094 0.0100 0.0125
3 0.8291 0.5262 0.0112 0.0150
3 0.9075 0.5291 0.0150 0.0112
3 0.9006 0.5188 0.0138 0.0125
3 0.8934 0.5078 0.0150 0.0125
3 0.9309 0.4766 0.0150 0.0125
3 0.9575 0.4313 0.0150 0.0125
3 0.9625 0.4416 0.0125 0.0112
3 0.9662 0.4472 0.0138 0.0100
3 0.9719 0.4581 0.0125 0.0100
3 0.9766 0.4634 0.0125 0.0112
3 0.9788 0.4691 0.0138 0.0100
3 0.9603 0.4644 0.0112 0.0100
3 0.9281 0.4713 0.0125 0.0112
3 0.9363 0.4891 0.0163 0.0125
3 0.9922 0.4906 0.0125 0.0125
3 0.9412 0.4938 0.0138 0.0125
3 0.9450 0.5000 0.0150 0.0125
3 0.9412 0.5228 0.0138 0.0112
3 0.9350 0.5128 0.0138 0.0100
3 0.9678 0.4775 0.0138 0.0112
3 0.9725 0.4813 0.0138 0.0125
3 0.9788 0.4912 0.0138 0.0138
3 0.9903 0.4853 0.0150 0.0112
3 0.8166 0.5184 0.0112 0.0150
3 0.8144 0.5359 0.0100 0.0125
3 0.8959 0.4191 0.0138 0.0163
3 0.7916 0.5506 0.0112 0.0138
3 0.7831 0.4884 0.0100 0.0112
3 0.7884 0.4844 0.0112 0.0125
3 0.7931 0.4794 0.0112 0.0150
3 0.8003 0.4781 0.0100 0.0125
3 0.8066 0.4750 0.0100 0.0125
3 0.8113 0.4703 0.0100 0.0125
3 0.8159 0.4688 0.0100 0.0125
3 0.8206 0.4641 0.0100 0.0125
3 0.8228 0.4787 0.0112 0.0138
3 0.8284 0.4756 0.0100 0.0138
3 0.8331 0.4719 0.0100 0.0125
3 0.8275 0.4594 0.0112 0.0125
3 0.8331 0.4584 0.0100 0.0138
3 0.8400 0.4537 0.0112 0.0138
3 0.8447 0.4500 0.0112 0.0125
3 0.8622 0.4406 0.0087 0.0125
3 0.8666 0.4359 0.0112 0.0125
3 0.8719 0.4334 0.0125 0.0138
3 0.8797 0.4300 0.0125 0.0163
3 0.7781 0.4906 0.0125 0.0125
3 0.7706 0.4931 0.0100 0.0112
3 0.7656 0.4975 0.0125 0.0138
3 0.8059 0.4891 0.0087 0.0125
3 0.8019 0.5428 0.0100 0.0138
3 0.8066 0.5384 0.0100 0.0112
3 0.8009 0.5281 0.0112 0.0125
3 0.7944 0.5328 0.0075 0.0125
3 0.7838 0.5406 0.0112 0.0125
3 0.7847 0.5537 0.0100 0.0138
3 0.7775 0.5594 0.0112 0.0125
3 0.8128 0.4850 0.0100 0.0138
3 0.7956 0.4963 0.0100 0.0112
3 0.7597 0.5006 0.0100 0.0138
3 0.7831 0.5031 0.0100 0.0125
3 0.7791 0.5062 0.0112 0.0125
3 0.7734 0.5100 0.0125 0.0138
3 0.7681 0.5131 0.0112 0.0138
3 0.7625 0.5162 0.0125 0.0138
3 0.7422 0.5116 0.0125 0.0138
3 0.7488 0.5078 0.0100 0.0125
3 0.7556 0.5037 0.0112 0.0138
3 0.7550 0.4188 0.0100 0.0125
3 0.7494 0.4225 0.0112 0.0138
3 0.7438 0.4247 0.0125 0.0150
3 0.7097 0.6031 0.0100 0.0125
3 0.6406 0.6278 0.0125 0.0150
3 0.6303 0.6356 0.0138 0.0150
3 0.6256 0.6381 0.0138 0.0138
3 0.6213 0.6412 0.0112 0.0138
3 0.6156 0.6444 0.0125 0.0138
3 0.6094 0.6475 0.0125 0.0138
3 0.6009 0.6537 0.0112 0.0138
3 0.6150 0.6600 0.0112 0.0138
3 0.6206 0.6562 0.0100 0.0125
3 0.6275 0.6531 0.0112 0.0125
3 0.6328 0.6491 0.0125 0.0138
3 0.6384 0.6459 0.0112 0.0138
3 0.6431 0.6412 0.0112 0.0138
3 0.6487 0.6397 0.0100 0.0138
3 0.6525 0.6350 0.0112 0.0138
3 0.6597 0.6312 0.0100 0.0125
3 0.6819 0.6206 0.0075 0.0100
3 0.6872 0.6150 0.0087 0.0112
3 0.6972 0.6094 0.0100 0.0125
3 0.6525 0.6219 0.0112 0.0125
3 0.6650 0.6162 0.0112 0.0138
3 0.6850 0.6000 0.0075 0.0125
3 0.6144 0.6094 0.0100 0.0125
3 0.6700 0.5750 0.0087 0.0125
3 0.6631 0.5775 0.0075 0.0112
3 0.6472 0.5875 0.0100 0.0125
3 0.6422 0.5912 0.0125 0.0138
3 0.6362 0.5944 0.0100 0.0138
3 0.6306 0.5975 0.0112 0.0138
3 0.6269 0.6016 0.0100 0.0125
3 0.6213 0.6047 0.0112 0.0125
3 0.6103 0.6125 0.0112 0.0125
3 0.6909 0.5975 0.0100 0.0138
3 0.6025 0.6153 0.0112 0.0150
3 0.5978 0.6184 0.0112 0.0150
3 0.5925 0.6238 0.0100 0.0163
3 0.5878 0.6262 0.0100 0.0150
3 0.5825 0.6416 0.0150 0.0112
3 0.7266 0.5747 0.0125 0.0150
3 0.7134 0.5834 0.0112 0.0138
3 0.7025 0.5912 0.0112 0.0138
3 0.7031 0.6038 0.0125 0.0138
3 0.7137 0.5972 0.0087 0.0100
3 0.7228 0.4397 0.0112 0.0138
3 0.7200 0.5931 0.0087 0.0112
3 0.9694 0.5713 0.0138 0.0112
3 0.9731 0.5781 0.0150 0.0125
3 0.9781 0.5819 0.0125 0.0138
3 0.9847 0.5938 0.0100 0.0063
3 0.9922 0.6116 0.0125 0.0075
3 0.9287 0.5656 0.0138 0.0125
3 0.9334 0.5719 0.0138 0.0125
3 0.9350 0.5775 0.0138 0.0112
3 0.9412 0.5828 0.0138 0.0125
3 0.9444 0.5869 0.0138 0.0112
3 0.9469 0.5922 0.0125 0.0125
3 0.9506 0.5984 0.0138 0.0125
3 0.9544 0.6038 0.0150 0.0138
3 0.9653 0.6209 0.0150 0.0138
3 0.9044 0.5991 0.0150 0.0138
3 0.9175 0.6209 0.0163 0.0138
3 0.9225 0.6331 0.0138 0.0100
3 0.8972 0.5875 0.0163 0.0125
3 0.8325 0.6272 0.0150 0.0138
3 0.9650 0.5591 0.0112 0.0087
3 0.6422 0.6778 0.0125 0.0150
3 0.6541 0.6731 0.0112 0.0150
3 0.7213 0.6312 0.0112 0.0125
3 0.7250 0.5912 0.0125 0.0138
3 0.7366 0.5831 0.0138 0.0163
3 0.7463 0.5800 0.0112 0.0163
3 0.7594 0.6075 0.0125 0.0150
3 0.7531 0.6100 0.0125 0.0138
3 0.7409 0.6178 0.0100 0.0138
3 0.7316 0.6241 0.0100 0.0138
3 0.7253 0.6281 0.0100 0.0125
3 0.7144 0.6344 0.0100 0.0125
3 0.6591 0.6672 0.0087 0.0125
3 0.7081 0.6356 0.0100 0.0150
3 0.6978 0.6444 0.0112 0.0138
3 0.6931 0.6475 0.0112 0.0138
3 0.6894 0.6522 0.0100 0.0138
3 0.6831 0.6537 0.0100 0.0138
3 0.6759 0.6575 0.0112 0.0150
3 0.6713 0.6613 0.0112 0.0163
3 0.6650 0.6669 0.0112 0.0150
3 0.6744 0.5716 0.0112 0.0150
3 0.6816 0.5687 0.0100 0.0125
3 0.6916 0.5622 0.0112 0.0150
3 0.6963 0.5578 0.0112 0.0125
3 0.6150 0.5397 0.0112 0.0138
3 0.6228 0.5366 0.0112 0.0138
3 0.6275 0.5334 0.0112 0.0138
3 0.6344 0.5287 0.0125 0.0138
3 0.6400 0.5272 0.0112 0.0138
3 0.6456 0.5231 0.0100 0.0150
3 0.6509 0.5200 0.0112 0.0150
3 0.6556 0.5169 0.0112 0.0150
3 0.6619 0.5131 0.0112 0.0138
3 0.6681 0.5094 0.0112 0.0125
3 0.6728 0.5069 0.0112 0.0138
3 0.6781 0.5037 0.0125 0.0138
3 0.6838 0.5006 0.0112 0.0138
3 0.6894 0.4969 0.0100 0.0125
3 0.6947 0.4922 0.0112 0.0125
3 0.7019 0.5031 0.0100 0.0125
3 0.6956 0.5078 0.0100 0.0125
3 0.6894 0.5116 0.0100 0.0138
3 0.6847 0.5147 0.0100 0.0138
3 0.5681 0.5350 0.0112 0.0138
3 0.5744 0.5303 0.0112 0.0138
3 0.5800 0.5266 0.0100 0.0125
3 0.6400 0.4906 0.0112 0.0125
3 0.7156 0.4422 0.0125 0.0125
3 0.7041 0.4484 0.0112 0.0125
3 0.6994 0.4537 0.0112 0.0138
3 0.6728 0.4700 0.0112 0.0150
3 0.6659 0.4719 0.0100 0.0125
3 0.6622 0.4756 0.0087 0.0138
3 0.6572 0.4803 0.0112 0.0138
3 0.6462 0.4875 0.0112 0.0125
3 0.6331 0.4938 0.0100 0.0125
3 0.5847 0.5228 0.0100 0.0112
3 0.6284 0.4969 0.0100 0.0125
3 0.6228 0.5006 0.0112 0.0138
3 0.6184 0.5031 0.0087 0.0125
3 0.6119 0.5069 0.0112 0.0138
3 0.6066 0.5109 0.0100 0.0125
3 0.6019 0.5150 0.0100 0.0112
3 0.5956 0.5166 0.0100 0.0112
3 0.5900 0.5216 0.0112 0.0150
3 0.6791 0.5178 0.0112 0.0138
3 0.6731 0.5209 0.0087 0.0138
3 0.6666 0.5234 0.0112 0.0125
3 0.6681 0.5606 0.0112 0.0150
3 0.6253 0.5859 0.0100 0.0125
3 0.6300 0.5850 0.0100 0.0138
3 0.6344 0.5803 0.0125 0.0138
3 0.6400 0.5766 0.0112 0.0125
3 0.6462 0.5741 0.0112 0.0138
3 0.6531 0.5709 0.0125 0.0138
3 0.6578 0.5669 0.0125 0.0150
3 0.6628 0.5637 0.0100 0.0150
3 0.6722 0.5569 0.0100 0.0138
3 0.6134 0.5928 0.0112 0.0138
3 0.6781 0.5537 0.0125 0.0138
3 0.6838 0.5497 0.0112 0.0150
3 0.6953 0.5419 0.0125 0.0150
3 0.7019 0.5397 0.0100 0.0138
3 0.7072 0.5356 0.0112 0.0150
3 0.7119 0.5319 0.0112 0.0138
3 0.7172 0.5281 0.0125 0.0125
3 0.7072 0.5516 0.0112 0.0125
3 0.6197 0.5912 0.0112 0.0138
3 0.6088 0.5975 0.0112 0.0138
3 0.6628 0.5275 0.0100 0.0112
3 0.6134 0.5569 0.0112 0.0138
3 0.6588 0.5334 0.0112 0.0138
3 0.6525 0.5350 0.0112 0.0138
3 0.6462 0.5375 0.0112 0.0125
3 0.6416 0.5413 0.0112 0.0138
3 0.6353 0.5459 0.0112 0.0138
3 0.6300 0.5469 0.0100 0.0125
3 0.6244 0.5491 0.0112 0.0138
3 0.6181 0.5544 0.0112 0.0150
3 0.6088 0.5600 0.0112 0.0138
3 0.6025 0.5997 0.0112 0.0150
3 0.6019 0.5641 0.0100 0.0125
3 0.5966 0.5684 0.0087 0.0150
3 0.5909 0.5703 0.0100 0.0125
3 0.5872 0.5756 0.0087 0.0138
3 0.5809 0.5772 0.0087 0.0138
3 0.5856 0.6116 0.0087 0.0138
3 0.5900 0.6062 0.0112 0.0125
3 0.5963 0.6031 0.0112 0.0125
3 0.9897 0.2469 0.0200 0.0250
