3 0.2050 0.8391 0.0225 0.0125
3 0.3397 0.6103 0.0263 0.0488
3 0.6775 0.2769 0.0238 0.0225
3 0.6997 0.2984 0.0212 0.0187
3 0.7656 0.2909 0.0125 0.0225
3 0.5606 0.3063 0.0212 0.0250
3 0.3544 0.8409 0.0275 0.0100
3 0.4525 0.8397 0.0238 0.0138
3 0.6281 0.8313 0.0250 0.0125
3 0.7059 0.8322 0.0212 0.0112
3 0.1728 0.8897 0.0238 0.0200
3 0.1894 0.8991 0.0225 0.0200
3 0.1978 0.9141 0.0238 0.0187
3 0.5734 0.3128 0.0187 0.0225
3 0.0216 0.6088 0.0150 0.0238
3 0.0941 0.6506 0.0163 0.0263
3 0.1869 0.6787 0.0112 0.0325
3 0.1594 0.9169 0.0187 0.0212
