3 0.9387 0.5144 0.0150 0.0163
3 0.9128 0.4006 0.0163 0.0075
3 0.9122 0.4172 0.0150 0.0063
3 0.9131 0.4225 0.0138 0.0075
3 0.9150 0.4297 0.0112 0.0063
3 0.8772 0.4116 0.0138 0.0075
3 0.8787 0.4037 0.0138 0.0075
3 0.8756 0.3694 0.0138 0.0075
3 0.8766 0.3766 0.0125 0.0063
3 0.8625 0.3850 0.0125 0.0075
3 0.8641 0.3922 0.0125 0.0063
3 0.8650 0.3984 0.0112 0.0063
3 0.8641 0.4053 0.0125 0.0075
3 0.8588 0.4313 0.0238 0.0187
3 0.9897 0.5487 0.0200 0.0163
3 0.8950 0.5037 0.0087 0.0138
3 0.8894 0.5078 0.0100 0.0125
3 0.8791 0.5156 0.0112 0.0125
3 0.9053 0.4972 0.0138 0.0163
3 0.9287 0.4862 0.0138 0.0163
3 0.9128 0.3891 0.0163 0.0063
3 0.9119 0.3819 0.0175 0.0075
3 0.9122 0.3750 0.0150 0.0063
3 0.9106 0.3619 0.0150 0.0050
3 0.9113 0.3475 0.0163 0.0075
3 0.9103 0.3553 0.0175 0.0075
3 0.9378 0.4950 0.0163 0.0150
3 0.9338 0.5194 0.0112 0.0138
3 0.9275 0.5216 0.0112 0.0150
3 0.9453 0.8538 0.0063 0.0138
3 0.9475 0.8672 0.0075 0.0125
3 0.9422 0.8688 0.0063 0.0125
3 0.9391 0.8562 0.0063 0.0125
3 0.9262 0.8544 0.0087 0.0150
3 0.9272 0.8672 0.0075 0.0125
3 0.9187 0.8669 0.0063 0.0150
3 0.9175 0.8538 0.0100 0.0138
3 0.9084 0.8578 0.0075 0.0125
3 0.8953 0.8600 0.0063 0.0138
3 0.9434 0.8181 0.0087 0.0175
3 0.9772 0.8162 0.0075 0.0138
3 0.9703 0.8178 0.0063 0.0138
3 0.9819 0.8012 0.0200 0.0087
3 0.9825 0.7772 0.0150 0.0075
3 0.9650 0.7812 0.0112 0.0063
3 0.9400 0.7812 0.0112 0.0063
3 0.8544 0.8031 0.0150 0.0125
3 0.9250 0.8084 0.0125 0.0075
3 0.9762 0.8512 0.0087 0.0150
3 0.9969 0.7775 0.0063 0.0112
3 0.7766 0.5753 0.0125 0.0163
3 0.9163 0.5278 0.0138 0.0150
3 0.9000 0.5372 0.0187 0.0212
3 0.8400 0.5397 0.0112 0.0138
3 0.8625 0.5247 0.0125 0.0150
3 0.8244 0.5491 0.0112 0.0138
3 0.8144 0.5563 0.0100 0.0125
3 0.8025 0.5609 0.0112 0.0125
3 0.7956 0.5656 0.0100 0.0125
3 0.8463 0.5719 0.0112 0.0125
3 0.6853 0.6344 0.0112 0.0125
3 0.8406 0.5772 0.0125 0.0138
3 0.8791 0.5506 0.0112 0.0138
3 0.8641 0.5637 0.0125 0.0150
3 0.7269 0.6106 0.0100 0.0150
3 0.7359 0.6044 0.0125 0.0150
3 0.7200 0.6116 0.0087 0.0138
3 0.7147 0.6162 0.0075 0.0138
3 0.7087 0.6225 0.0112 0.0138
3 0.9366 0.8197 0.0075 0.0175
3 0.9216 0.8194 0.0087 0.0138
3 0.9022 0.8278 0.0075 0.0150
3 0.0163 0.9284 0.0138 0.0100
3 0.3984 0.8006 0.0125 0.0138
3 0.4206 0.8297 0.0100 0.0125
3 0.4275 0.8397 0.0112 0.0138
3 0.4503 0.8222 0.0100 0.0100
3 0.4375 0.8162 0.0125 0.0138
3 0.4484 0.8584 0.0125 0.0138
3 0.4547 0.8538 0.0125 0.0138
3 0.4431 0.8616 0.0112 0.0138
3 0.4394 0.8662 0.0100 0.0138
3 0.4331 0.8681 0.0100 0.0112
3 0.4237 0.9678 0.0163 0.0138
3 0.3953 0.9869 0.0125 0.0112
3 0.3837 0.9728 0.0112 0.0112
3 0.3781 0.9681 0.0125 0.0112
3 0.3469 0.8466 0.0125 0.0087
3 0.3434 0.8400 0.0150 0.0112
3 0.3109 0.8494 0.0125 0.0112
3 0.3156 0.8541 0.0125 0.0112
3 0.3172 0.8597 0.0125 0.0100
3 0.3844 0.8256 0.0125 0.0138
3 0.4150 0.7937 0.0112 0.0125
3 0.4213 0.7888 0.0112 0.0150
3 0.4831 0.7500 0.0100 0.0125
3 0.5416 0.7131 0.0112 0.0138
3 0.5369 0.7172 0.0112 0.0125
3 0.5331 0.7225 0.0100 0.0138
3 0.5269 0.7250 0.0100 0.0125
3 0.5219 0.7294 0.0125 0.0150
3 0.5159 0.7306 0.0100 0.0112
3 0.5103 0.7350 0.0112 0.0138
3 0.4994 0.7422 0.0112 0.0125
3 0.4781 0.7553 0.0125 0.0138
3 0.4281 0.7844 0.0125 0.0125
3 0.4650 0.7616 0.0112 0.0138
3 0.4766 0.6484 0.0125 0.0125
3 0.4678 0.6550 0.0138 0.0100
3 0.4622 0.6619 0.0150 0.0112
3 0.4534 0.6691 0.0163 0.0100
3 0.4338 0.6800 0.0175 0.0100
3 0.4431 0.7747 0.0112 0.0150
3 0.4322 0.7797 0.0112 0.0125
3 0.0294 0.9213 0.0150 0.0112
3 0.0450 0.8116 0.0150 0.0138
3 0.8959 0.8287 0.0075 0.0138
3 0.1316 0.7828 0.0100 0.0125
3 0.9262 0.2584 0.0087 0.0387
3 0.9050 0.2741 0.0100 0.0450
3 0.8200 0.3256 0.0087 0.0387
3 0.8637 0.1853 0.0275 0.0362
3 0.8387 0.2016 0.0275 0.0375
3 0.8122 0.2181 0.0275 0.0362
3 0.7956 0.2275 0.0287 0.0362
3 0.7416 0.2569 0.0238 0.0325
3 0.7178 0.2769 0.0263 0.0350
3 0.6747 0.3016 0.0275 0.0375
3 0.6497 0.3181 0.0275 0.0362
3 0.5497 0.3806 0.0275 0.0362
3 0.4256 0.6059 0.0450 0.0150
3 0.3769 0.6319 0.0475 0.0200
3 0.3672 0.6409 0.0437 0.0163
3 0.3672 0.6581 0.0312 0.0100
3 0.2194 0.6059 0.0512 0.0212
3 0.2091 0.6125 0.0400 0.0187
3 0.1991 0.6200 0.0450 0.0212
3 0.9153 0.1531 0.0275 0.0375
3 0.9238 0.1469 0.0287 0.0375
3 0.0431 0.6269 0.0112 0.0163
3 0.1231 0.7838 0.0087 0.0112
3 0.0144 0.6725 0.0100 0.0138
3 0.1134 0.7150 0.0175 0.0238
3 0.0238 0.6931 0.0163 0.0238
3 0.0325 0.6925 0.0150 0.0225
3 0.0556 0.6838 0.0175 0.0238
3 0.0331 0.6606 0.0100 0.0150
3 0.0369 0.6303 0.0112 0.0138
3 0.0981 0.6138 0.0150 0.0212
3 0.9059 0.7875 0.0462 0.0187
3 0.5487 0.7109 0.0100 0.0125
3 0.5531 0.7069 0.0125 0.0138
3 0.5603 0.7047 0.0112 0.0125
3 0.6175 0.6937 0.0163 0.0125
3 0.7800 0.8747 0.0163 0.0150
3 0.7675 0.8834 0.0163 0.0138
3 0.7497 0.9006 0.0150 0.0138
3 0.7397 0.9100 0.0138 0.0138
3 0.7294 0.9225 0.0150 0.0138
3 0.7544 0.9331 0.0150 0.0163
3 0.7297 0.9450 0.0125 0.0150
3 0.6937 0.9669 0.0125 0.0150
3 0.6616 0.9884 0.0138 0.0175
3 0.6613 0.9709 0.0163 0.0200
3 0.6281 0.9262 0.0125 0.0150
3 0.5331 0.9556 0.0163 0.0112
3 0.5294 0.9475 0.0150 0.0138
3 0.5822 0.7787 0.0112 0.0138
3 0.6025 0.7659 0.0112 0.0163
3 0.6103 0.7612 0.0112 0.0163
3 0.5603 0.7919 0.0112 0.0150
3 0.5525 0.7966 0.0112 0.0150
3 0.5431 0.8022 0.0112 0.0138
3 0.7953 0.8647 0.0187 0.0138
3 0.7931 0.8350 0.0175 0.0138
3 0.7800 0.8428 0.0163 0.0138
3 0.7494 0.6350 0.0112 0.0138
3 0.8881 0.8303 0.0075 0.0138
3 0.8828 0.8319 0.0063 0.0138
3 0.8581 0.8291 0.0163 0.0112
3 0.8750 0.8347 0.0063 0.0163
3 0.8688 0.8359 0.0063 0.0125
3 0.8625 0.8419 0.0063 0.0150
3 0.8134 0.5912 0.0112 0.0138
3 0.7975 0.6031 0.0138 0.0125
3 0.7356 0.6425 0.0087 0.0163
3 0.7653 0.8538 0.0150 0.0138
3 0.7297 0.6459 0.0063 0.0138
3 0.7259 0.6469 0.0112 0.0125
3 0.7197 0.6525 0.0112 0.0112
3 0.7150 0.6537 0.0112 0.0138
3 0.7081 0.6591 0.0100 0.0150
3 0.7031 0.6613 0.0125 0.0163
3 0.8450 0.8522 0.0150 0.0138
3 0.8156 0.8506 0.0250 0.0200
3 0.5900 0.8675 0.0112 0.0100
3 0.5275 0.8116 0.0112 0.0138
3 0.5212 0.8147 0.0112 0.0138
3 0.6000 0.7334 0.0125 0.0138
3 0.5541 0.7441 0.0112 0.0163
3 0.5447 0.7662 0.0112 0.0138
3 0.5494 0.7616 0.0112 0.0138
3 0.5556 0.7591 0.0112 0.0150
3 0.5644 0.7506 0.0100 0.0138
3 0.5725 0.7497 0.0138 0.0150
3 0.5831 0.7406 0.0100 0.0125
3 0.6072 0.7300 0.0112 0.0163
3 0.5650 0.7381 0.0112 0.0138
3 0.5384 0.7544 0.0112 0.0150
3 0.5719 0.7350 0.0125 0.0138
3 0.5806 0.7272 0.0112 0.0138
3 0.5878 0.7219 0.0100 0.0125
3 0.5925 0.7209 0.0100 0.0138
3 0.5994 0.7169 0.0112 0.0150
3 0.6384 0.7213 0.0112 0.0112
3 0.6284 0.7125 0.0163 0.0125
3 0.6228 0.6987 0.0112 0.0100
3 0.5441 0.7522 0.0100 0.0138
3 0.5322 0.7591 0.0112 0.0150
3 0.5159 0.8203 0.0100 0.0125
3 0.4869 0.7841 0.0112 0.0150
3 0.5097 0.8225 0.0100 0.0138
3 0.5050 0.8266 0.0100 0.0125
3 0.4984 0.8281 0.0125 0.0125
3 0.4828 0.8381 0.0125 0.0138
3 0.4637 0.8478 0.0087 0.0112
3 0.4603 0.8159 0.0112 0.0163
3 0.4713 0.7944 0.0112 0.0138
3 0.4822 0.7872 0.0112 0.0150
3 0.4906 0.7800 0.0125 0.0163
3 0.5275 0.7616 0.0112 0.0138
3 0.5047 0.7894 0.0125 0.0163
3 0.5041 0.7741 0.0112 0.0138
3 0.5112 0.7850 0.0100 0.0138
3 0.5097 0.7716 0.0100 0.0150
3 0.5166 0.7828 0.0112 0.0125
3 0.5144 0.7662 0.0100 0.0138
3 0.5275 0.7772 0.0112 0.0138
3 0.5331 0.7719 0.0100 0.0125
3 0.9969 0.4300 0.0063 0.0100
3 0.9956 0.4350 0.0100 0.0138
3 0.9906 0.4381 0.0125 0.0138
3 0.9844 0.4412 0.0125 0.0138
3 0.9759 0.4475 0.0112 0.0138
3 0.9900 0.4537 0.0112 0.0138
3 0.9950 0.4500 0.0087 0.0125
3 0.9894 0.4031 0.0100 0.0125
3 0.9956 0.3984 0.0100 0.0125
3 0.9853 0.4062 0.0112 0.0125
3 0.9775 0.4091 0.0112 0.0150
3 0.9728 0.4122 0.0112 0.0150
3 0.9675 0.4175 0.0100 0.0163
3 0.9628 0.4200 0.0100 0.0150
3 0.9575 0.4353 0.0150 0.0112
3 0.9900 0.3334 0.0112 0.0138
3 0.9959 0.3297 0.0075 0.0125
3 0.9431 0.3287 0.0112 0.0138
3 0.9494 0.3241 0.0112 0.0138
3 0.9550 0.3203 0.0100 0.0125
3 0.9597 0.3166 0.0100 0.0112
3 0.9959 0.2938 0.0075 0.0125
3 0.9934 0.2969 0.0087 0.0125
3 0.9869 0.3006 0.0112 0.0138
3 0.9816 0.3047 0.0100 0.0125
3 0.9769 0.3087 0.0100 0.0112
3 0.9706 0.3103 0.0100 0.0112
3 0.9650 0.3153 0.0112 0.0150
3 0.9978 0.3791 0.0050 0.0112
3 0.9884 0.3866 0.0112 0.0138
3 0.9947 0.3850 0.0112 0.0138
3 0.9838 0.3912 0.0112 0.0138
3 0.9884 0.3506 0.0112 0.0138
3 0.9969 0.3428 0.0063 0.0138
3 0.9931 0.3481 0.0112 0.0150
3 0.9838 0.3538 0.0112 0.0138
3 0.9775 0.3934 0.0112 0.0150
3 0.9769 0.3578 0.0100 0.0125
3 0.9716 0.3622 0.0087 0.0150
3 0.9659 0.3641 0.0100 0.0125
3 0.9622 0.3694 0.0087 0.0138
3 0.9559 0.3709 0.0087 0.0138
3 0.9606 0.4053 0.0087 0.0138
3 0.9650 0.4000 0.0112 0.0125
3 0.9713 0.3969 0.0112 0.0125
3 0.1919 0.6319 0.0462 0.0200
3 0.3703 0.4844 0.0187 0.0250
