3 0.4431 0.6650 0.0238 0.0112
3 0.4369 0.5697 0.0238 0.0112
3 0.4356 0.5584 0.0212 0.0138
3 0.4350 0.5459 0.0263 0.0138
3 0.4341 0.5297 0.0212 0.0125
3 0.4325 0.5159 0.0212 0.0100
3 0.4281 0.5056 0.0250 0.0112
3 0.4266 0.4934 0.0250 0.0087
3 0.4456 0.6731 0.0225 0.0087
3 0.4388 0.5828 0.0212 0.0125
3 0.4372 0.5953 0.0212 0.0125
3 0.4375 0.6072 0.0250 0.0112
3 0.4578 0.5475 0.0125 0.0263
3 0.0281 0.1550 0.0125 0.0350
3 0.0312 0.1844 0.0125 0.0250
3 0.0400 0.2916 0.0112 0.0300
3 0.4225 0.7769 0.0138 0.0225
3 0.4516 0.7109 0.0250 0.0125
3 0.4525 0.7231 0.0238 0.0150
3 0.0788 0.9181 0.0138 0.0238
3 0.0613 0.6700 0.0163 0.0338
3 0.0559 0.5737 0.0150 0.0287
3 0.3978 0.7188 0.0112 0.0250
3 0.3869 0.5981 0.0112 0.0275
3 0.3788 0.5062 0.0138 0.0312
3 0.3819 0.5388 0.0138 0.0275
3 0.3837 0.5700 0.0112 0.0338
3 0.3909 0.6594 0.0100 0.0250
3 0.3919 0.6294 0.0150 0.0275
3 0.4862 0.5437 0.0163 0.0250
3 0.0072 0.2706 0.0112 0.0350
3 0.0187 0.0537 0.0125 0.0263
3 0.0169 0.0247 0.0150 0.0275
