3 0.0688 0.7937 0.0250 0.0125
3 0.0622 0.7250 0.0212 0.0312
3 0.0613 0.0528 0.0225 0.0275
3 0.0788 0.0053 0.0138 0.0075
3 0.0259 0.8159 0.0112 0.0225
3 0.0697 0.8119 0.0238 0.0112
3 0.0709 0.8372 0.0263 0.0150
3 0.0738 0.8534 0.0287 0.0163
3 0.5084 0.9719 0.0138 0.0250
3 0.5116 0.9478 0.0138 0.0238
3 0.0450 0.0566 0.0212 0.0225
3 0.0728 0.8778 0.0238 0.0150
3 0.7644 0.7362 0.0412 0.0287
3 0.6275 0.8547 0.0175 0.0250
3 0.4475 0.8672 0.0263 0.0187
3 0.0225 0.9891 0.0263 0.0187
3 0.0759 0.9050 0.0238 0.0100
3 0.0753 0.8906 0.0225 0.0125
