3 0.7278 0.0775 0.0275 0.0112
3 0.7675 0.0797 0.0287 0.0125
3 0.5637 0.0725 0.0275 0.0138
3 0.6219 0.0738 0.0312 0.0163
3 0.5119 0.1281 0.0300 0.0125
3 0.5528 0.1322 0.0275 0.0112
3 0.5969 0.1303 0.0250 0.0138
3 0.6325 0.1334 0.0275 0.0138
3 0.6628 0.1344 0.0287 0.0125
3 0.7000 0.1347 0.0312 0.0163
3 0.7463 0.1356 0.0362 0.0150
3 0.7775 0.1153 0.0362 0.0150
3 0.7856 0.1391 0.0275 0.0125
3 0.8275 0.1391 0.0300 0.0125
3 0.8825 0.1387 0.0275 0.0150
3 0.7044 0.7325 0.0150 0.0275
3 0.6744 0.7294 0.0175 0.0275
3 0.6016 0.7291 0.0125 0.0238
3 0.5725 0.7334 0.0138 0.0263
3 0.5444 0.7303 0.0138 0.0263
3 0.5444 0.7003 0.0138 0.0287
3 0.5169 0.7300 0.0150 0.0287
3 0.5019 0.7278 0.0163 0.0275
3 0.4881 0.7241 0.0138 0.0263
3 0.5162 0.6975 0.0200 0.0325
3 0.4903 0.6937 0.0150 0.0312
3 0.4738 0.7225 0.0163 0.0325
3 0.5278 0.0719 0.0275 0.0125
3 0.4856 0.0709 0.0275 0.0138
3 0.4472 0.0678 0.0350 0.0138
3 0.0794 0.0741 0.0275 0.0138
3 0.2487 0.1216 0.0287 0.0150
3 0.4053 0.0663 0.0263 0.0138
3 0.2797 0.1216 0.0312 0.0150
3 0.3150 0.1219 0.0238 0.0125
3 0.3450 0.1212 0.0212 0.0112
3 0.3872 0.1241 0.0338 0.0138
3 0.4434 0.1281 0.0275 0.0125
3 0.4781 0.1288 0.0312 0.0138
3 0.2341 0.0600 0.0275 0.0138
3 0.2684 0.0600 0.0275 0.0138
3 0.3063 0.0634 0.0312 0.0112
3 0.3369 0.0650 0.0238 0.0112
3 0.3712 0.0656 0.0300 0.0125
3 0.4775 0.6925 0.0112 0.0287
3 0.5647 0.6294 0.0138 0.0275
3 0.5463 0.6259 0.0112 0.0300
3 0.2881 0.6912 0.0138 0.0263
3 0.4044 0.6241 0.0150 0.0263
3 0.3584 0.7247 0.0138 0.0275
3 0.3575 0.6941 0.0150 0.0287
3 0.3444 0.7219 0.0138 0.0250
3 0.3444 0.6922 0.0138 0.0250
3 0.3287 0.6934 0.0138 0.0275
3 0.3156 0.6931 0.0125 0.0238
3 0.3294 0.7241 0.0150 0.0263
3 0.3163 0.7231 0.0138 0.0275
3 0.3025 0.7184 0.0112 0.0275
3 0.2872 0.7209 0.0150 0.0263
3 0.2731 0.7206 0.0150 0.0225
3 0.3741 0.6225 0.0138 0.0263
3 0.2600 0.7178 0.0138 0.0263
3 0.2581 0.6856 0.0163 0.0275
3 0.2313 0.6897 0.0125 0.0263
3 0.2297 0.7144 0.0125 0.0225
3 0.2147 0.6900 0.0138 0.0238
3 0.2000 0.6844 0.0125 0.0250
3 0.2141 0.7166 0.0125 0.0238
3 0.2013 0.7128 0.0150 0.0225
3 0.1869 0.7125 0.0112 0.0250
3 0.1725 0.7131 0.0138 0.0263
3 0.1219 0.7425 0.0250 0.0163
3 0.3888 0.6216 0.0150 0.0275
3 0.3616 0.6234 0.0138 0.0250
3 0.5062 0.6238 0.0125 0.0287
3 0.4019 0.6912 0.0163 0.0263
3 0.4778 0.6238 0.0150 0.0287
3 0.4478 0.6222 0.0175 0.0287
3 0.4178 0.6234 0.0138 0.0250
3 0.4606 0.7247 0.0150 0.0275
3 0.4625 0.6947 0.0125 0.0238
3 0.4325 0.7241 0.0150 0.0263
3 0.4169 0.7244 0.0150 0.0300
3 0.4478 0.6937 0.0175 0.0312
3 0.4175 0.6934 0.0163 0.0275
3 0.4322 0.6931 0.0175 0.0300
3 0.4012 0.7213 0.0150 0.0238
3 0.3888 0.6925 0.0150 0.0287
3 0.3334 0.6231 0.0138 0.0275
3 0.3872 0.7250 0.0150 0.0312
3 0.3731 0.7234 0.0150 0.0250
3 0.3737 0.6937 0.0163 0.0312
3 0.1888 0.6156 0.0150 0.0250
3 0.2044 0.6169 0.0150 0.0275
3 0.2184 0.6172 0.0150 0.0250
3 0.2337 0.6200 0.0175 0.0275
3 0.2456 0.6191 0.0163 0.0287
3 0.2606 0.6225 0.0150 0.0263
3 0.2753 0.6206 0.0163 0.0287
3 0.2897 0.6216 0.0138 0.0275
3 0.3031 0.6181 0.0125 0.0238
3 0.3197 0.6172 0.0112 0.0250
3 0.2437 0.7162 0.0125 0.0263
