3 0.0028 0.9563 0.0025 0.0063
3 0.0028 0.9619 0.0025 0.0050
3 0.1631 0.8084 0.0138 0.0138
3 0.1719 0.8469 0.0125 0.0063
3 0.0484 0.7519 0.0125 0.0100
3 0.0272 0.7559 0.0138 0.0087
3 0.0053 0.7781 0.0075 0.0125
3 0.0053 0.7675 0.0075 0.0100
3 0.7625 0.9969 0.0063 0.0063
3 0.7994 0.9806 0.0050 0.0112
3 0.7919 0.9869 0.0087 0.0112
3 0.7872 0.9897 0.0087 0.0138
3 0.7706 0.9947 0.0100 0.0112
3 0.7556 0.9988 0.0050 0.0037
3 0.1125 0.9959 0.0063 0.0075
3 0.1062 0.9959 0.0063 0.0075
3 0.0959 0.9988 0.0075 0.0037
3 0.0781 0.9797 0.0125 0.0063
3 0.0656 0.9812 0.0125 0.0063
3 0.0531 0.9797 0.0125 0.0063
3 0.1641 0.9881 0.0125 0.0138
