3 0.7144 0.0984 0.0163 0.0250
3 0.2337 0.1500 0.0112 0.0250
3 0.3488 0.1356 0.0163 0.0275
3 0.3109 0.1278 0.0125 0.0212
3 0.2853 0.1294 0.0112 0.0212
3 0.2366 0.1203 0.0138 0.0250
3 0.2094 0.1422 0.0125 0.0250
3 0.1847 0.1400 0.0163 0.0238
3 0.1594 0.1381 0.0125 0.0200
3 0.1997 0.2084 0.0150 0.0263
3 0.2509 0.2134 0.0112 0.0238
3 0.2391 0.2153 0.0125 0.0212
3 0.2269 0.2134 0.0100 0.0238
3 0.2147 0.2109 0.0138 0.0250
3 0.3538 0.0719 0.0138 0.0312
3 0.2719 0.1275 0.0125 0.0238
3 0.2219 0.1469 0.0125 0.0250
3 0.3209 0.1541 0.0138 0.0238
3 0.1969 0.1472 0.0125 0.0225
3 0.1434 0.1394 0.0150 0.0225
3 0.2959 0.1544 0.0138 0.0212
3 0.3344 0.1581 0.0125 0.0225
3 0.3544 0.0428 0.0150 0.0263
3 0.2753 0.7388 0.0100 0.0212
3 0.3359 0.7762 0.0125 0.0212
3 0.3219 0.7759 0.0125 0.0238
3 0.3094 0.7700 0.0125 0.0212
3 0.2963 0.7712 0.0112 0.0175
3 0.2744 0.7653 0.0112 0.0212
3 0.2616 0.2106 0.0138 0.0275
3 0.7162 0.0741 0.0138 0.0263
3 0.7106 0.1775 0.0150 0.0238
3 0.6819 0.1834 0.0138 0.0263
3 0.7016 0.2513 0.0125 0.0212
3 0.6884 0.2503 0.0112 0.0225
3 0.6756 0.2484 0.0138 0.0250
3 0.6512 0.2456 0.0150 0.0225
3 0.6256 0.2425 0.0138 0.0225
3 0.4213 0.1634 0.0112 0.0238
3 0.4078 0.1625 0.0125 0.0250
3 0.3953 0.1619 0.0125 0.0238
3 0.3828 0.1600 0.0125 0.0263
3 0.3688 0.1559 0.0187 0.0275
3 0.2866 0.2150 0.0138 0.0238
3 0.1959 0.1197 0.0138 0.0238
3 0.2462 0.1487 0.0112 0.0225
