3 0.0028 0.5969 0.0025 0.0063
3 0.0028 0.6025 0.0025 0.0050
3 0.1631 0.4475 0.0138 0.0138
3 0.1719 0.4875 0.0125 0.0063
3 0.0484 0.3909 0.0125 0.0100
3 0.0272 0.3950 0.0138 0.0087
3 0.0053 0.4172 0.0075 0.0125
3 0.0053 0.4081 0.0075 0.0100
3 0.8187 0.6506 0.0187 0.0138
3 0.6653 0.6753 0.0150 0.0225
3 0.7638 0.6406 0.0087 0.0125
3 0.6269 0.6859 0.0100 0.0125
3 0.9850 0.7906 0.0138 0.0063
3 0.7994 0.6213 0.0050 0.0112
3 0.7919 0.6275 0.0087 0.0112
3 0.7872 0.6287 0.0087 0.0138
3 0.7706 0.6350 0.0100 0.0138
3 0.7569 0.6422 0.0075 0.0125
3 0.4706 0.7806 0.0100 0.0112
3 0.5150 0.7109 0.0112 0.0125
3 0.2781 0.8028 0.0125 0.0087
3 0.3653 0.7369 0.0150 0.0112
3 0.3706 0.7472 0.0163 0.0100
3 0.3719 0.7547 0.0187 0.0125
3 0.5588 0.7209 0.0112 0.0075
3 0.5628 0.7269 0.0100 0.0100
3 0.5119 0.7616 0.0112 0.0138
3 0.5062 0.7644 0.0125 0.0163
3 0.4987 0.7669 0.0100 0.0150
3 0.4925 0.7678 0.0100 0.0138
3 0.4766 0.7778 0.0125 0.0150
3 0.4644 0.7844 0.0100 0.0125
3 0.0225 0.6966 0.0138 0.0087
3 0.1819 0.6750 0.0138 0.0187
3 0.1725 0.6509 0.0138 0.0175
3 0.0294 0.7269 0.0150 0.0100
3 0.0263 0.7134 0.0150 0.0112
3 0.1512 0.6975 0.0087 0.0138
3 0.1456 0.6978 0.0100 0.0112
3 0.1391 0.6975 0.0125 0.0138
3 0.1284 0.6841 0.0100 0.0150
3 0.1231 0.6866 0.0087 0.0138
3 0.1169 0.6881 0.0087 0.0138
3 0.1097 0.6906 0.0100 0.0125
3 0.0203 0.6903 0.0125 0.0087
3 0.4594 0.7863 0.0125 0.0163
3 0.0825 0.6641 0.0087 0.0125
3 0.0366 0.6644 0.0075 0.0100
3 0.1137 0.6397 0.0087 0.0138
3 0.1075 0.6403 0.0087 0.0150
3 0.1069 0.6534 0.0075 0.0100
3 0.0972 0.6422 0.0100 0.0125
3 0.0781 0.6188 0.0125 0.0063
3 0.0656 0.6203 0.0125 0.0063
3 0.0531 0.6188 0.0125 0.0063
3 0.1903 0.6734 0.0087 0.0125
3 0.2025 0.6756 0.0112 0.0138
3 0.2066 0.6650 0.0100 0.0112
3 0.2462 0.7350 0.0112 0.0138
3 0.4519 0.7913 0.0100 0.0138
3 0.4147 0.7838 0.0138 0.0112
3 0.3216 0.8141 0.0087 0.0125
3 0.3097 0.8200 0.0100 0.0150
3 0.3263 0.8466 0.0150 0.0087
3 0.3287 0.8519 0.0138 0.0100
3 0.3328 0.8591 0.0125 0.0087
3 0.3650 0.9262 0.0112 0.0150
3 0.3878 0.9741 0.0100 0.0138
3 0.0287 0.9653 0.0138 0.0087
3 0.0853 0.9703 0.0112 0.0125
3 0.2562 0.8553 0.0125 0.0075
3 0.2566 0.8613 0.0100 0.0037
3 0.2606 0.8756 0.0087 0.0075
3 0.2662 0.8875 0.0138 0.0063
3 0.2550 0.9016 0.0100 0.0125
3 0.1738 0.8838 0.0163 0.0112
3 0.0838 0.8962 0.0112 0.0112
3 0.1641 0.6287 0.0125 0.0138
3 0.2619 0.7438 0.0112 0.0125
