3 0.3122 0.1631 0.0087 0.0138
3 0.0534 0.4537 0.0037 0.0138
3 0.0688 0.4797 0.0063 0.0125
3 0.0478 0.4787 0.0050 0.0138
3 0.0412 0.4794 0.0075 0.0150
3 0.0291 0.4794 0.0050 0.0150
3 0.0234 0.4800 0.0063 0.0163
3 0.0178 0.4794 0.0075 0.0150
3 0.0063 0.4787 0.0063 0.0138
3 0.6256 0.8109 0.0075 0.0125
3 0.5656 0.9078 0.0125 0.0063
3 0.5659 0.9031 0.0100 0.0063
3 0.5656 0.8959 0.0125 0.0075
3 0.5650 0.8881 0.0112 0.0075
3 0.5997 0.9719 0.0150 0.0063
3 0.3241 0.9669 0.0075 0.0150
3 0.2944 0.9669 0.0075 0.0150
3 0.6438 0.9550 0.0063 0.0163
3 0.5891 0.8406 0.0063 0.0125
3 0.6325 0.8387 0.0087 0.0150
3 0.6194 0.8394 0.0075 0.0163
3 0.6359 0.8109 0.0063 0.0125
3 0.5344 0.9016 0.0125 0.0063
3 0.5731 0.7581 0.0087 0.0163
3 0.5569 0.7362 0.0075 0.0225
3 0.4606 0.0775 0.0150 0.0112
3 0.4475 0.0569 0.0138 0.0138
3 0.4584 0.0481 0.0138 0.0150
3 0.5359 0.8844 0.0125 0.0063
3 0.5344 0.9131 0.0125 0.0075
3 0.0022 0.4500 0.0013 0.0125
3 0.0475 0.4519 0.0075 0.0163
3 0.0412 0.4528 0.0075 0.0150
3 0.0334 0.4531 0.0075 0.0125
3 0.0297 0.4344 0.0063 0.0125
3 0.0366 0.4344 0.0075 0.0125
3 0.0234 0.4494 0.0063 0.0112
3 0.0116 0.4491 0.0075 0.0138
3 0.5363 0.9203 0.0100 0.0063
3 0.1325 0.9622 0.0087 0.0150
3 0.1956 0.7447 0.0163 0.0112
3 0.5644 0.9266 0.0100 0.0063
3 0.5656 0.9203 0.0125 0.0063
3 0.5653 0.9150 0.0150 0.0050
3 0.4334 0.9494 0.0075 0.0238
3 0.5969 0.9544 0.0187 0.0087
3 0.8625 0.7678 0.0125 0.0138
3 0.9637 0.9453 0.0150 0.0063
3 0.9675 0.9591 0.0163 0.0087
3 0.9600 0.9716 0.0075 0.0150
3 0.9459 0.9703 0.0075 0.0125
3 0.7666 0.9122 0.0175 0.0087
3 0.8609 0.8131 0.0063 0.0138
3 0.8613 0.7937 0.0100 0.0125
3 0.8625 0.7838 0.0125 0.0112
3 0.8625 0.7772 0.0125 0.0138
3 0.8619 0.7588 0.0112 0.0112
3 0.9669 0.9197 0.0150 0.0112
3 0.8522 0.7109 0.0075 0.0125
3 0.8647 0.7112 0.0075 0.0163
3 0.8538 0.5756 0.0075 0.0138
3 0.8672 0.5619 0.0063 0.0112
3 0.8659 0.5475 0.0100 0.0138
3 0.8656 0.6022 0.0063 0.0138
3 0.8678 0.5031 0.0075 0.0187
3 0.8678 0.4856 0.0075 0.0150
3 0.8662 0.4294 0.0075 0.0150
3 0.8678 0.4034 0.0075 0.0163
3 0.8812 0.3541 0.0063 0.0112
3 0.9637 0.9319 0.0150 0.0075
3 0.8875 0.3544 0.0063 0.0150
3 0.8906 0.9703 0.0063 0.0125
3 0.7634 0.9203 0.0112 0.0063
3 0.7084 0.9547 0.0075 0.0125
3 0.7975 0.9572 0.0075 0.0112
3 0.8219 0.9584 0.0063 0.0138
3 0.8162 0.9594 0.0075 0.0125
3 0.8100 0.9597 0.0075 0.0100
3 0.6731 0.9563 0.0087 0.0125
3 0.7547 0.8122 0.0063 0.0150
3 0.7672 0.8122 0.0063 0.0150
3 0.7725 0.8428 0.0075 0.0138
3 0.8834 0.9703 0.0075 0.0125
3 0.8969 0.9719 0.0063 0.0125
3 0.9016 0.8916 0.0125 0.0112
3 0.9116 0.9713 0.0075 0.0112
3 0.9047 0.9719 0.0063 0.0125
3 0.9250 0.9725 0.0063 0.0138
3 0.9313 0.9719 0.0063 0.0125
3 0.8762 0.9444 0.0150 0.0075
3 0.9147 0.9531 0.0138 0.0063
3 0.9163 0.9369 0.0138 0.0050
3 0.9163 0.9297 0.0138 0.0063
3 0.8778 0.9325 0.0150 0.0087
3 0.8750 0.8803 0.0063 0.0138
3 0.8819 0.8803 0.0075 0.0138
3 0.8931 0.3553 0.0050 0.0138
3 0.8991 0.3538 0.0075 0.0138
3 0.7650 0.8756 0.0112 0.0075
3 0.9553 0.1750 0.0075 0.0125
3 0.9428 0.1750 0.0075 0.0187
3 0.9563 0.0853 0.0063 0.0175
3 0.9500 0.0856 0.0063 0.0150
3 0.9137 0.3494 0.0087 0.0112
3 0.8719 0.2734 0.0063 0.0125
3 0.9309 0.3472 0.0087 0.0100
3 0.9437 0.3556 0.0063 0.0112
3 0.9500 0.3544 0.0063 0.0150
3 0.9672 0.3563 0.0063 0.0125
3 0.9781 0.3563 0.0063 0.0125
3 0.9203 0.2934 0.0125 0.0150
3 0.9313 0.2934 0.0125 0.0150
3 0.9394 0.2944 0.0100 0.0138
3 0.9425 0.2938 0.0100 0.0125
3 0.9488 0.2938 0.0100 0.0125
3 0.9694 0.2884 0.0138 0.0112
3 0.8766 0.2744 0.0063 0.0112
3 0.9688 0.0897 0.0063 0.0138
3 0.8719 0.2538 0.0063 0.0138
3 0.9812 0.2553 0.0063 0.0138
3 0.9741 0.2419 0.0075 0.0150
3 0.9797 0.2413 0.0063 0.0138
3 0.9150 0.1744 0.0050 0.0112
3 0.9234 0.1741 0.0063 0.0138
3 0.9700 0.1741 0.0087 0.0138
3 0.8881 0.1294 0.0075 0.0150
3 0.8884 0.1000 0.0050 0.0125
3 0.9122 0.0853 0.0087 0.0175
3 0.9625 0.0897 0.0063 0.0138
3 0.7656 0.8891 0.0125 0.0063
3 0.7109 0.8859 0.0125 0.0125
3 0.7100 0.8734 0.0138 0.0125
3 0.6278 0.5906 0.0087 0.0125
3 0.7712 0.3416 0.0112 0.0050
3 0.7719 0.3647 0.0125 0.0075
3 0.7425 0.3788 0.0163 0.0075
3 0.8162 0.3306 0.0138 0.0050
3 0.8156 0.3350 0.0125 0.0075
3 0.7844 0.4813 0.0125 0.0063
3 0.7844 0.5062 0.0125 0.0063
3 0.7844 0.5125 0.0125 0.0063
3 0.7844 0.5416 0.0125 0.0050
3 0.7834 0.5494 0.0138 0.0050
3 0.7828 0.5556 0.0125 0.0050
3 0.6325 0.5928 0.0087 0.0138
3 0.7725 0.3297 0.0138 0.0063
3 0.8022 0.5256 0.0075 0.0200
3 0.8122 0.5403 0.0150 0.0087
3 0.8137 0.5513 0.0150 0.0087
3 0.8147 0.5584 0.0138 0.0075
3 0.8150 0.5647 0.0112 0.0075
3 0.8156 0.5719 0.0125 0.0063
3 0.8150 0.5781 0.0112 0.0063
3 0.8022 0.6863 0.0075 0.0163
3 0.6772 0.8428 0.0075 0.0138
3 0.6881 0.8419 0.0075 0.0150
3 0.7125 0.8425 0.0063 0.0163
3 0.7719 0.3353 0.0125 0.0050
3 0.7709 0.3194 0.0138 0.0075
3 0.7256 0.1384 0.0138 0.0112
3 0.8366 0.0075 0.0138 0.0087
3 0.8216 0.0684 0.0087 0.0150
3 0.8584 0.1125 0.0075 0.0187
3 0.7219 0.1278 0.0125 0.0150
3 0.7725 0.3053 0.0138 0.0075
3 0.7431 0.2069 0.0112 0.0075
3 0.7406 0.2188 0.0125 0.0063
3 0.7716 0.2341 0.0150 0.0087
3 0.7406 0.2959 0.0125 0.0075
3 0.7412 0.3147 0.0138 0.0075
3 0.7412 0.3256 0.0138 0.0075
3 0.7406 0.3319 0.0125 0.0075
3 0.7853 0.2303 0.0112 0.0075
3 0.7844 0.2413 0.0125 0.0075
3 0.7850 0.2469 0.0138 0.0063
3 0.7706 0.2953 0.0163 0.0063
3 0.8875 0.2069 0.0125 0.0075
3 0.8850 0.2141 0.0138 0.0063
3 0.8766 0.2525 0.0063 0.0112
3 0.8738 0.9209 0.0100 0.0075
3 0.9150 0.8994 0.0112 0.0050
