3 0.0200 0.0384 0.0087 0.0175
3 0.0156 0.1197 0.0063 0.0175
3 0.0209 0.2881 0.0075 0.0138
3 0.0131 0.3391 0.0075 0.0125
3 0.0116 0.4122 0.0075 0.0150
3 0.4528 0.4069 0.0087 0.0138
3 0.1941 0.6975 0.0037 0.0138
3 0.2109 0.7234 0.0063 0.0125
3 0.1884 0.7225 0.0050 0.0138
3 0.1819 0.7231 0.0075 0.0150
3 0.1697 0.7231 0.0050 0.0150
3 0.1641 0.7238 0.0063 0.0163
3 0.1584 0.7231 0.0075 0.0150
3 0.1469 0.7225 0.0063 0.0138
3 0.1344 0.7231 0.0063 0.0150
3 0.1288 0.7234 0.0075 0.0125
3 0.7137 0.9969 0.0087 0.0063
3 0.6975 0.9800 0.0075 0.0225
3 0.6013 0.3212 0.0150 0.0112
3 0.5881 0.3006 0.0138 0.0138
3 0.5991 0.2919 0.0138 0.0150
3 0.1178 0.7225 0.0075 0.0138
3 0.1406 0.6944 0.0063 0.0138
3 0.1109 0.7225 0.0063 0.0138
3 0.1047 0.7216 0.0063 0.0150
3 0.0994 0.7225 0.0050 0.0138
3 0.0922 0.7225 0.0063 0.0138
3 0.1881 0.6956 0.0075 0.0163
3 0.1819 0.6966 0.0075 0.0150
3 0.1756 0.6969 0.0075 0.0125
3 0.1703 0.6781 0.0063 0.0125
3 0.1772 0.6781 0.0075 0.0125
3 0.1641 0.6931 0.0063 0.0112
3 0.1522 0.6928 0.0075 0.0138
3 0.1344 0.6944 0.0063 0.0138
3 0.1234 0.6947 0.0063 0.0112
3 0.1178 0.6944 0.0075 0.0138
3 0.1225 0.6781 0.0075 0.0125
3 0.0147 0.9256 0.0075 0.0138
3 0.0047 0.9716 0.0063 0.0150
3 0.3362 0.9884 0.0163 0.0112
3 0.9944 0.9547 0.0075 0.0125
3 0.9944 0.8194 0.0075 0.0138
3 0.8978 0.1731 0.0175 0.0087
3 0.9256 0.1747 0.0200 0.0087
3 0.8838 0.1866 0.0175 0.0138
3 0.9016 0.0072 0.0063 0.0112
3 0.8938 0.0047 0.0063 0.0063
3 0.7700 0.8344 0.0087 0.0125
3 0.9119 0.5853 0.0112 0.0050
3 0.9141 0.6084 0.0125 0.0075
3 0.8831 0.6225 0.0163 0.0075
3 0.9569 0.5744 0.0138 0.0050
3 0.9578 0.5787 0.0125 0.0075
3 0.9266 0.7250 0.0125 0.0063
3 0.9266 0.7500 0.0125 0.0063
3 0.9266 0.7562 0.0125 0.0063
3 0.9250 0.7853 0.0125 0.0050
3 0.9241 0.7931 0.0138 0.0050
3 0.9234 0.7994 0.0125 0.0050
3 0.7747 0.8366 0.0087 0.0138
3 0.9131 0.5734 0.0138 0.0063
3 0.9444 0.7694 0.0075 0.0200
3 0.9544 0.7841 0.0150 0.0087
3 0.9544 0.7950 0.0150 0.0087
3 0.9553 0.8022 0.0138 0.0075
3 0.9556 0.8084 0.0112 0.0075
3 0.9563 0.8156 0.0125 0.0063
3 0.9572 0.8219 0.0112 0.0063
3 0.9444 0.9300 0.0075 0.0163
3 0.9125 0.5791 0.0125 0.0050
3 0.9116 0.5631 0.0138 0.0075
3 0.8662 0.3828 0.0138 0.0125
3 0.9812 0.1459 0.0063 0.0138
3 0.9722 0.2147 0.0163 0.0075
3 0.8744 0.1788 0.0175 0.0075
3 0.9788 0.2513 0.0138 0.0087
3 0.9637 0.3122 0.0087 0.0150
3 0.9988 0.3556 0.0037 0.0175
3 0.8641 0.3716 0.0125 0.0150
3 0.9147 0.5491 0.0138 0.0075
3 0.8838 0.4506 0.0112 0.0075
3 0.8828 0.4625 0.0125 0.0063
3 0.9122 0.4778 0.0150 0.0087
3 0.8828 0.5397 0.0125 0.0075
3 0.8819 0.5584 0.0138 0.0075
3 0.8819 0.5694 0.0138 0.0075
3 0.8812 0.5756 0.0125 0.0075
3 0.9275 0.4741 0.0112 0.0075
3 0.9266 0.4850 0.0125 0.0075
3 0.9256 0.4906 0.0138 0.0063
3 0.9113 0.5391 0.0163 0.0063
