3 0.0678 0.6062 0.0138 0.0063
3 0.2175 0.6262 0.0163 0.0087
3 0.0072 0.1966 0.0112 0.0150
3 0.0747 0.2506 0.0150 0.0075
3 0.0809 0.2403 0.0150 0.0087
3 0.0794 0.2275 0.0150 0.0050
3 0.0800 0.2006 0.0163 0.0075
3 0.0878 0.1888 0.0163 0.0087
3 0.0891 0.1788 0.0125 0.0075
3 0.0881 0.1694 0.0138 0.0075
3 0.0953 0.1622 0.0187 0.0087
3 0.0819 0.2075 0.0138 0.0087
3 0.0631 0.0041 0.0075 0.0050
3 0.0803 0.2169 0.0138 0.0087
3 0.8331 0.6178 0.0163 0.0075
3 0.2906 0.5859 0.0125 0.0063
3 0.5044 0.6303 0.0150 0.0075
3 0.5797 0.6241 0.0125 0.0075
3 0.7219 0.6319 0.0187 0.0075
3 0.5922 0.6138 0.0125 0.0087
