3 0.0553 0.4875 0.0138 0.0063
3 0.0663 0.4750 0.0138 0.0063
3 0.0603 0.5563 0.0050 0.0125
3 0.0688 0.5609 0.0063 0.0125
3 0.0609 0.5681 0.0063 0.0112
3 0.0450 0.6725 0.0087 0.0138
3 0.0397 0.7025 0.0075 0.0112
3 0.0256 0.7234 0.0075 0.0125
3 0.0381 0.7331 0.0075 0.0100
3 0.0200 0.7884 0.0087 0.0175
3 0.0156 0.8697 0.0063 0.0175
3 0.0444 0.5006 0.0138 0.0075
3 0.3937 0.0334 0.0125 0.0075
3 0.0469 0.0834 0.0063 0.0138
3 0.0234 0.0912 0.0063 0.0138
3 0.0047 0.0441 0.0063 0.0100
3 0.0075 0.0806 0.0087 0.0175
3 0.0219 0.0725 0.0063 0.0138
3 0.0181 0.1094 0.0050 0.0125
3 0.0500 0.1313 0.0063 0.0125
3 0.0119 0.1156 0.0050 0.0125
3 0.0056 0.1169 0.0050 0.0150
3 0.0272 0.1547 0.0075 0.0125
3 0.0281 0.1694 0.0063 0.0138
3 0.0297 0.1841 0.0063 0.0150
3 0.0306 0.2288 0.0050 0.0138
3 0.0319 0.2406 0.0075 0.0125
3 0.0163 0.2294 0.0075 0.0150
3 0.0522 0.1894 0.0075 0.0163
3 0.0506 0.1475 0.0075 0.0138
3 0.6531 0.6887 0.0063 0.0150
3 0.6663 0.6872 0.0075 0.0150
3 0.6750 0.6881 0.0063 0.0138
3 0.7688 0.7225 0.0063 0.0138
3 0.7756 0.7219 0.0075 0.0125
3 0.7825 0.7234 0.0087 0.0125
3 0.1775 0.5094 0.0112 0.0063
3 0.3119 0.4994 0.0112 0.0050
3 0.3106 0.5075 0.0150 0.0087
3 0.8978 0.9231 0.0175 0.0087
3 0.9256 0.9247 0.0200 0.0087
3 0.8838 0.9366 0.0175 0.0138
3 0.6438 0.5594 0.0063 0.0125
3 0.9022 0.7553 0.0075 0.0138
3 0.9047 0.7322 0.0063 0.0175
3 0.8063 0.6687 0.0125 0.0063
3 0.9547 0.5584 0.0063 0.0138
3 0.8938 0.7294 0.0063 0.0150
3 0.9912 0.6075 0.0075 0.0150
3 0.9919 0.6275 0.0087 0.0175
3 0.9906 0.6741 0.0063 0.0138
3 0.8938 0.7516 0.0063 0.0125
3 0.8781 0.6719 0.0063 0.0125
3 0.8172 0.5381 0.0063 0.0138
3 0.6156 0.5056 0.0125 0.0050
3 0.6672 0.5078 0.0125 0.0063
3 0.7169 0.5078 0.0150 0.0063
3 0.7519 0.5319 0.0100 0.0138
3 0.7812 0.5634 0.0063 0.0112
3 0.7869 0.5359 0.0050 0.0125
3 0.7937 0.5359 0.0063 0.0125
3 0.8000 0.5359 0.0063 0.0125
3 0.7925 0.5000 0.0163 0.0063
3 0.8928 0.5022 0.0138 0.0075
3 0.8109 0.5375 0.0063 0.0125
3 0.8063 0.5622 0.0063 0.0150
3 0.8719 0.6719 0.0063 0.0125
3 0.8194 0.5631 0.0075 0.0138
3 0.8256 0.5637 0.0075 0.0150
3 0.8503 0.5575 0.0163 0.0087
3 0.8522 0.5672 0.0138 0.0063
3 0.8406 0.6719 0.0063 0.0125
3 0.9319 0.5584 0.0075 0.0138
3 0.8812 0.6556 0.0063 0.0175
3 0.8469 0.6725 0.0063 0.0138
3 0.8547 0.6719 0.0063 0.0125
3 0.8600 0.6719 0.0075 0.0125
3 0.8672 0.6725 0.0063 0.0138
3 0.9891 0.7106 0.0063 0.0150
3 0.8819 0.5816 0.0138 0.0163
3 0.9812 0.8959 0.0063 0.0138
3 0.9722 0.9647 0.0163 0.0075
3 0.8744 0.9287 0.0175 0.0075
3 0.9788 0.9981 0.0138 0.0025
3 0.0397 0.4550 0.0075 0.0100
3 0.6703 0.7134 0.0063 0.0112
