3 0.5662 0.9656 0.0263 0.0125
3 0.5050 0.9641 0.0225 0.0125
3 0.4531 0.8650 0.0125 0.0238
3 0.4381 0.8653 0.0138 0.0275
3 0.3481 0.9113 0.0275 0.0163
3 0.3444 0.9266 0.0263 0.0125
3 0.3456 0.9481 0.0287 0.0150
3 0.4681 0.8656 0.0112 0.0250
3 0.5106 0.8656 0.0150 0.0250
3 0.5234 0.8653 0.0125 0.0275
3 0.5622 0.9363 0.0275 0.0163
3 0.4766 0.9622 0.0312 0.0150
3 0.6597 0.9178 0.0225 0.0138
3 0.6600 0.9334 0.0263 0.0138
3 0.5953 0.9666 0.0250 0.0112
3 0.5956 0.9516 0.0287 0.0125
3 0.5938 0.9366 0.0250 0.0138
3 0.5625 0.9500 0.0250 0.0125
3 0.5531 0.8662 0.0125 0.0263
3 0.5028 0.9356 0.0275 0.0150
3 0.5028 0.9516 0.0275 0.0125
3 0.4759 0.9484 0.0238 0.0125
3 0.4747 0.9350 0.0275 0.0138
3 0.5938 0.8666 0.0125 0.0238
3 0.5794 0.8650 0.0150 0.0238
3 0.5662 0.8662 0.0138 0.0263
