3 0.6372 0.1309 0.0150 0.0212
3 0.7512 0.2638 0.0087 0.0150
3 0.9678 0.0419 0.0075 0.0150
3 0.9537 0.0447 0.0075 0.0112
3 0.6006 0.1278 0.0075 0.0150
3 0.6900 0.2569 0.0175 0.0075
3 0.5753 0.2744 0.0225 0.0112
3 0.6266 0.3700 0.0125 0.0212
3 0.9034 0.1337 0.0100 0.0175
3 0.8444 0.5616 0.0075 0.0138
3 0.8656 0.5659 0.0125 0.0163
3 0.9484 0.0906 0.0063 0.0125
3 0.9600 0.1094 0.0075 0.0125
3 0.7606 0.4609 0.0150 0.0125
3 0.7688 0.4056 0.0125 0.0112
3 0.7494 0.4969 0.0175 0.0125
3 0.5509 0.4691 0.0112 0.0163
3 0.5416 0.4675 0.0112 0.0163
3 0.5141 0.4322 0.0125 0.0112
3 0.5197 0.4606 0.0112 0.0150
3 0.4716 0.4725 0.0150 0.0138
3 0.4669 0.4662 0.0150 0.0138
3 0.7744 0.3706 0.0112 0.0100
3 0.5912 0.6084 0.0138 0.0200
3 0.5844 0.6059 0.0125 0.0212
3 0.5719 0.6000 0.0125 0.0187
3 0.5887 0.5256 0.0275 0.0200
3 0.6144 0.5409 0.0225 0.0163
3 0.5509 0.5662 0.0238 0.0200
3 0.5456 0.5600 0.0225 0.0200
3 0.5409 0.5537 0.0225 0.0200
3 0.5378 0.5466 0.0225 0.0212
3 0.5269 0.5350 0.0225 0.0200
3 0.5228 0.5297 0.0238 0.0187
3 0.5206 0.5241 0.0225 0.0200
3 0.5144 0.5184 0.0225 0.0212
3 0.5106 0.5138 0.0212 0.0212
3 0.5062 0.5066 0.0250 0.0225
3 0.5969 0.6125 0.0125 0.0187
3 0.6056 0.6131 0.0112 0.0200
3 0.6141 0.6131 0.0125 0.0200
3 0.6475 0.6219 0.0075 0.0187
3 0.6394 0.6197 0.0100 0.0175
3 0.6275 0.6172 0.0112 0.0187
3 0.6197 0.6153 0.0112 0.0212
3 0.6128 0.1341 0.0100 0.0212
3 0.7353 0.2544 0.0175 0.0087
3 0.7578 0.4681 0.0125 0.0050
3 0.7537 0.4753 0.0138 0.0100
3 0.7756 0.4472 0.0138 0.0100
3 0.9309 0.1212 0.0087 0.0175
3 0.8800 0.1391 0.0100 0.0187
3 0.9206 0.4122 0.0100 0.0150
3 0.9169 0.4331 0.0150 0.0100
