3 0.3497 0.0209 0.0150 0.0075
3 0.3806 0.0125 0.0175 0.0063
3 0.4191 0.9406 0.0100 0.0125
3 0.1700 0.5547 0.0087 0.0125
3 0.1866 0.4178 0.0075 0.0138
3 0.1794 0.4188 0.0087 0.0125
3 0.1594 0.4181 0.0063 0.0112
3 0.2384 0.4722 0.0050 0.0100
3 0.2322 0.4734 0.0050 0.0125
3 0.2234 0.4725 0.0063 0.0138
3 0.1631 0.4719 0.0075 0.0125
3 0.1219 0.4972 0.0063 0.0163
3 0.1431 0.4975 0.0050 0.0138
3 0.1859 0.5009 0.0063 0.0112
3 0.2069 0.5006 0.0075 0.0138
3 0.2069 0.5525 0.0075 0.0112
3 0.1844 0.5531 0.0063 0.0125
3 0.1203 0.5531 0.0063 0.0125
3 0.1994 0.4213 0.0050 0.0112
3 0.0619 0.3925 0.0112 0.0037
3 0.0416 0.4391 0.0112 0.0063
3 0.1938 0.4194 0.0063 0.0138
3 0.2469 0.4213 0.0063 0.0112
3 0.0663 0.0153 0.0138 0.0087
3 0.2109 0.0156 0.0125 0.0063
3 0.1447 0.0187 0.0112 0.0063
3 0.1100 0.0266 0.0138 0.0063
3 0.0163 0.0203 0.0138 0.0063
3 0.2062 0.4184 0.0063 0.0150
3 0.0281 0.0312 0.0125 0.0063
3 0.2506 0.6941 0.0075 0.0163
3 0.0453 0.3169 0.0063 0.0150
3 0.1484 0.3881 0.0063 0.0138
3 0.1562 0.3891 0.0063 0.0125
3 0.1641 0.3906 0.0063 0.0125
3 0.1703 0.3894 0.0063 0.0100
3 0.1775 0.3894 0.0050 0.0100
3 0.1837 0.3909 0.0050 0.0100
3 0.2000 0.3906 0.0063 0.0125
3 0.2119 0.3906 0.0050 0.0125
3 0.2291 0.3925 0.0050 0.0100
3 0.3506 0.0119 0.0138 0.0050
3 0.3672 0.0212 0.0125 0.0050
3 0.3788 0.0312 0.0138 0.0063
3 0.3697 0.8997 0.0112 0.0150
3 0.4150 0.9253 0.0112 0.0100
3 0.4081 0.9275 0.0100 0.0112
3 0.4019 0.9291 0.0100 0.0112
3 0.3972 0.9338 0.0100 0.0112
3 0.3900 0.9359 0.0112 0.0125
3 0.3822 0.9078 0.0112 0.0125
3 0.3884 0.9053 0.0112 0.0138
3 0.3931 0.9016 0.0112 0.0125
3 0.4400 0.8750 0.0112 0.0125
3 0.3759 0.9125 0.0112 0.0125
3 0.3709 0.9163 0.0138 0.0138
3 0.3594 0.9091 0.0125 0.0150
3 0.3641 0.9047 0.0125 0.0125
3 0.3744 0.8975 0.0112 0.0138
3 0.4384 0.9094 0.0112 0.0125
3 0.3806 0.8934 0.0112 0.0150
3 0.3869 0.8906 0.0112 0.0125
3 0.3987 0.8984 0.0100 0.0125
3 0.4056 0.8969 0.0112 0.0125
3 0.4119 0.8922 0.0112 0.0125
3 0.4166 0.8891 0.0112 0.0125
3 0.4634 0.8606 0.0112 0.0150
3 0.4525 0.8666 0.0112 0.0112
3 0.4588 0.8641 0.0112 0.0125
3 0.4444 0.8719 0.0075 0.0125
3 0.4228 0.8844 0.0112 0.0125
3 0.4050 0.8797 0.0100 0.0125
3 0.4103 0.8772 0.0112 0.0138
3 0.4213 0.9209 0.0112 0.0138
3 0.4331 0.9156 0.0100 0.0125
3 0.3841 0.0219 0.0150 0.0063
3 0.5097 0.8866 0.0100 0.0138
3 0.4300 0.9344 0.0100 0.0125
3 0.4353 0.9303 0.0112 0.0138
3 0.4425 0.9272 0.0100 0.0138
3 0.4472 0.9241 0.0100 0.0138
3 0.4528 0.9203 0.0087 0.0125
3 0.4644 0.9141 0.0100 0.0125
3 0.4700 0.9088 0.0087 0.0112
3 0.4750 0.9084 0.0125 0.0138
3 0.4806 0.9031 0.0112 0.0125
3 0.4869 0.9000 0.0112 0.0125
3 0.4925 0.8969 0.0100 0.0125
3 0.4972 0.8916 0.0100 0.0112
3 0.5034 0.8900 0.0100 0.0112
3 0.5147 0.8822 0.0075 0.0112
3 0.4281 0.9172 0.0125 0.0125
3 0.5206 0.8775 0.0100 0.0112
3 0.5269 0.8766 0.0100 0.0125
3 0.5338 0.8719 0.0112 0.0125
3 0.5394 0.8688 0.0100 0.0125
3 0.5081 0.8681 0.0100 0.0112
3 0.5119 0.8650 0.0112 0.0112
3 0.5191 0.8616 0.0100 0.0138
3 0.5250 0.8584 0.0125 0.0138
3 0.5328 0.8547 0.0125 0.0125
3 0.4778 0.8853 0.0087 0.0112
3 0.4713 0.8912 0.0112 0.0138
3 0.4666 0.8938 0.0112 0.0125
3 0.4612 0.8978 0.0100 0.0112
3 0.4175 0.8725 0.0100 0.0138
3 0.4331 0.8641 0.0100 0.0125
3 0.4406 0.8594 0.0125 0.0125
3 0.4144 0.7381 0.0100 0.0075
3 0.3019 0.9463 0.0100 0.0112
3 0.2850 0.8613 0.0138 0.0163
3 0.2759 0.8469 0.0112 0.0125
3 0.2666 0.8325 0.0112 0.0150
3 0.2631 0.8147 0.0075 0.0138
3 0.2606 0.7984 0.0087 0.0125
3 0.2587 0.7838 0.0050 0.0112
3 0.2594 0.7622 0.0063 0.0150
3 0.2587 0.7469 0.0050 0.0125
3 0.2609 0.7312 0.0063 0.0125
3 0.4713 0.7697 0.0112 0.0112
3 0.4600 0.7619 0.0138 0.0112
3 0.4328 0.7456 0.0125 0.0100
3 0.4228 0.6756 0.0112 0.0075
3 0.4463 0.8556 0.0112 0.0112
3 0.3644 0.7194 0.0100 0.0075
3 0.3478 0.7147 0.0112 0.0075
3 0.3006 0.7063 0.0138 0.0063
3 0.2806 0.7063 0.0112 0.0063
3 0.3681 0.5572 0.0050 0.0112
3 0.3484 0.5584 0.0063 0.0138
3 0.5600 0.5200 0.0138 0.0150
3 0.5003 0.3259 0.0100 0.0112
3 0.6375 0.1375 0.0063 0.0125
3 0.2897 0.0756 0.0138 0.0138
3 0.4784 0.0912 0.0100 0.0138
3 0.4722 0.0750 0.0100 0.0125
3 0.3300 0.0125 0.0163 0.0063
3 0.3212 0.9656 0.0112 0.0125
3 0.4728 0.8063 0.0112 0.0125
3 0.4650 0.8088 0.0112 0.0112
3 0.4588 0.8109 0.0112 0.0125
3 0.4519 0.8525 0.0100 0.0112
3 0.4562 0.8475 0.0125 0.0138
3 0.4619 0.8453 0.0112 0.0125
3 0.4675 0.8416 0.0100 0.0112
3 0.4684 0.8578 0.0087 0.0125
3 0.4744 0.8531 0.0112 0.0125
3 0.4903 0.8416 0.0087 0.0112
3 0.4956 0.8391 0.0100 0.0125
3 0.5019 0.8356 0.0100 0.0150
3 0.4969 0.8266 0.0125 0.0125
3 0.3425 0.8819 0.0100 0.0138
3 0.3534 0.8744 0.0100 0.0112
3 0.3597 0.8713 0.0100 0.0112
3 0.3669 0.8681 0.0087 0.0112
3 0.3716 0.8656 0.0087 0.0125
3 0.3769 0.8603 0.0100 0.0112
3 0.3837 0.8584 0.0112 0.0138
3 0.3900 0.8538 0.0112 0.0138
3 0.3950 0.8522 0.0087 0.0138
3 0.4003 0.8469 0.0100 0.0125
3 0.4181 0.8347 0.0112 0.0100
3 0.4237 0.8328 0.0100 0.0125
3 0.4294 0.8281 0.0087 0.0125
3 0.4362 0.8266 0.0100 0.0125
3 0.4425 0.8228 0.0100 0.0112
3 0.4478 0.8203 0.0112 0.0125
3 0.4541 0.8162 0.0112 0.0138
3 0.0397 0.1197 0.0200 0.0488
3 0.0297 0.6525 0.0312 0.0112
3 0.5769 0.4391 0.0350 0.0500
3 0.4341 0.3309 0.0338 0.0462
3 0.0203 0.3641 0.0125 0.0063
3 0.4253 0.9375 0.0100 0.0125
3 0.4134 0.9453 0.0112 0.0125
3 0.7884 0.4806 0.0112 0.0175
3 0.7956 0.4119 0.0100 0.0050
3 0.7937 0.4069 0.0125 0.0075
3 0.7925 0.3994 0.0100 0.0050
3 0.7909 0.3853 0.0100 0.0050
3 0.7916 0.3788 0.0112 0.0075
3 0.7906 0.3734 0.0125 0.0063
3 0.7906 0.3656 0.0125 0.0063
3 0.7906 0.3594 0.0125 0.0063
3 0.7897 0.3525 0.0138 0.0050
3 0.7913 0.3453 0.0138 0.0063
3 0.7897 0.3384 0.0138 0.0050
3 0.7897 0.3337 0.0138 0.0050
3 0.7784 0.4597 0.0163 0.0100
3 0.7878 0.4903 0.0163 0.0087
3 0.7972 0.4250 0.0100 0.0063
3 0.7919 0.5003 0.0150 0.0100
3 0.7934 0.5091 0.0150 0.0087
3 0.7987 0.5178 0.0163 0.0075
3 0.8028 0.5269 0.0150 0.0100
3 0.8078 0.5359 0.0187 0.0125
3 0.8128 0.5469 0.0163 0.0125
3 0.7778 0.4509 0.0150 0.0112
3 0.7753 0.4422 0.0163 0.0125
3 0.7737 0.4344 0.0163 0.0125
3 0.7681 0.4059 0.0175 0.0150
3 0.7675 0.3975 0.0163 0.0138
3 0.7491 0.3663 0.0138 0.0075
3 0.7506 0.3819 0.0138 0.0075
3 0.7956 0.4197 0.0100 0.0050
3 0.8006 0.4328 0.0138 0.0063
3 0.7537 0.4009 0.0138 0.0050
3 0.8909 0.5856 0.0100 0.0150
3 0.9400 0.5803 0.0112 0.0075
3 0.9191 0.5800 0.0100 0.0163
3 0.9275 0.6006 0.0112 0.0138
3 0.9316 0.6088 0.0100 0.0112
3 0.9353 0.6150 0.0112 0.0112
3 0.9444 0.6309 0.0138 0.0087
3 0.9537 0.6450 0.0138 0.0087
3 0.8666 0.5925 0.0112 0.0100
3 0.8625 0.5853 0.0125 0.0112
3 0.8350 0.5394 0.0138 0.0100
3 0.8525 0.5691 0.0112 0.0100
3 0.8844 0.6231 0.0125 0.0150
3 0.8809 0.6172 0.0150 0.0125
3 0.8484 0.5628 0.0125 0.0100
3 0.8000 0.4406 0.0125 0.0063
3 0.8447 0.5559 0.0112 0.0087
3 0.8412 0.5509 0.0138 0.0112
3 0.8281 0.5244 0.0125 0.0112
3 0.8281 0.5191 0.0125 0.0100
3 0.8234 0.5116 0.0125 0.0075
3 0.8181 0.5006 0.0112 0.0075
3 0.8141 0.4866 0.0125 0.0075
3 0.8103 0.4803 0.0112 0.0075
3 0.8088 0.4725 0.0112 0.0075
3 0.8069 0.4662 0.0138 0.0075
3 0.8047 0.4600 0.0125 0.0075
3 0.8025 0.4531 0.0112 0.0063
3 0.8016 0.4469 0.0125 0.0063
3 0.7516 0.3937 0.0125 0.0063
3 0.7537 0.4084 0.0138 0.0075
3 0.4088 0.9484 0.0112 0.0125
3 0.8019 0.6184 0.0100 0.0087
3 0.8863 0.6766 0.0100 0.0125
3 0.8806 0.6787 0.0112 0.0138
3 0.8769 0.6844 0.0100 0.0125
3 0.8706 0.6859 0.0100 0.0125
3 0.8644 0.6891 0.0100 0.0125
3 0.8575 0.6925 0.0087 0.0100
3 0.6775 0.6350 0.0112 0.0138
3 0.6525 0.5828 0.0112 0.0125
3 0.8469 0.6909 0.0125 0.0100
3 0.8425 0.6838 0.0163 0.0112
3 0.8337 0.6728 0.0112 0.0112
3 0.8306 0.6684 0.0112 0.0087
3 0.8122 0.6391 0.0150 0.0125
3 0.7978 0.6138 0.0112 0.0087
3 0.8709 0.6466 0.0075 0.0150
3 0.7969 0.6066 0.0125 0.0100
3 0.7925 0.5950 0.0100 0.0087
3 0.7731 0.5697 0.0150 0.0112
3 0.7656 0.5556 0.0125 0.0112
3 0.7506 0.5272 0.0138 0.0075
3 0.7444 0.4944 0.0138 0.0075
3 0.7453 0.4856 0.0125 0.0087
3 0.7412 0.4763 0.0138 0.0087
3 0.7397 0.4700 0.0138 0.0087
3 0.7381 0.4637 0.0138 0.0087
3 0.7372 0.4569 0.0150 0.0075
3 0.7350 0.4513 0.0138 0.0087
3 0.7341 0.4444 0.0150 0.0075
3 0.9016 0.6691 0.0063 0.0163
3 0.8562 0.6569 0.0125 0.0075
3 0.7531 0.4188 0.0125 0.0063
3 0.7981 0.5547 0.0150 0.0125
3 0.7553 0.4294 0.0138 0.0087
3 0.7553 0.4356 0.0138 0.0087
3 0.7594 0.4428 0.0125 0.0075
3 0.7588 0.4494 0.0112 0.0050
3 0.7606 0.4553 0.0150 0.0075
3 0.7575 0.4778 0.0150 0.0087
3 0.7669 0.4844 0.0150 0.0125
3 0.7706 0.4897 0.0100 0.0075
3 0.7725 0.4956 0.0138 0.0100
3 0.7775 0.5012 0.0112 0.0087
3 0.7875 0.5325 0.0125 0.0087
3 0.7897 0.5394 0.0138 0.0100
3 0.7928 0.5463 0.0138 0.0112
3 0.8022 0.5650 0.0138 0.0112
3 0.8547 0.6509 0.0125 0.0112
3 0.8175 0.5566 0.0163 0.0100
3 0.8281 0.5731 0.0125 0.0150
3 0.8100 0.5791 0.0138 0.0112
3 0.8147 0.5869 0.0138 0.0112
3 0.8406 0.5966 0.0125 0.0150
3 0.8259 0.6025 0.0112 0.0112
3 0.8291 0.6153 0.0112 0.0087
3 0.8466 0.6088 0.0150 0.0112
3 0.8534 0.6191 0.0163 0.0100
3 0.8572 0.6291 0.0175 0.0112
3 0.8416 0.6331 0.0112 0.0100
3 0.8463 0.6400 0.0112 0.0112
3 0.8494 0.6456 0.0112 0.0100
3 0.9463 0.5919 0.0112 0.0087
3 0.9494 0.5966 0.0112 0.0087
3 0.9525 0.6025 0.0112 0.0112
3 0.9319 0.3766 0.0138 0.0063
3 0.9472 0.4616 0.0163 0.0075
3 0.9447 0.4569 0.0112 0.0075
3 0.9431 0.4494 0.0112 0.0050
3 0.9403 0.4362 0.0150 0.0100
3 0.9394 0.4437 0.0100 0.0063
3 0.9394 0.4287 0.0100 0.0075
3 0.9378 0.4228 0.0100 0.0050
3 0.9375 0.4172 0.0125 0.0063
3 0.9356 0.4088 0.0150 0.0050
3 0.9344 0.4025 0.0125 0.0050
3 0.9331 0.3953 0.0100 0.0063
3 0.9325 0.3881 0.0087 0.0075
3 0.9338 0.3812 0.0112 0.0063
3 0.9328 0.3688 0.0125 0.0063
3 0.9484 0.4747 0.0125 0.0087
3 0.9328 0.3641 0.0125 0.0063
3 0.9328 0.3563 0.0125 0.0063
3 0.9338 0.3494 0.0112 0.0050
3 0.9009 0.3344 0.0112 0.0063
3 0.9306 0.3431 0.0112 0.0050
3 0.9678 0.3150 0.0075 0.0112
3 0.9609 0.3172 0.0063 0.0125
3 0.9572 0.5487 0.0112 0.0100
3 0.9531 0.5409 0.0125 0.0100
3 0.9525 0.5356 0.0112 0.0087
3 0.9484 0.5300 0.0125 0.0100
3 0.9463 0.5222 0.0112 0.0100
3 0.9428 0.5169 0.0138 0.0087
3 0.9481 0.4678 0.0150 0.0075
3 0.9506 0.4822 0.0138 0.0112
3 0.9572 0.6088 0.0112 0.0112
3 0.3397 0.5050 0.0075 0.0163
3 0.3263 0.5037 0.0087 0.0138
3 0.2838 0.4144 0.0112 0.0163
3 0.0116 0.1300 0.0075 0.0163
3 0.9525 0.4881 0.0112 0.0075
3 0.9666 0.4344 0.0050 0.0125
3 0.9641 0.4219 0.0063 0.0125
3 0.9572 0.4116 0.0050 0.0138
3 0.9563 0.3962 0.0063 0.0112
3 0.9625 0.3703 0.0063 0.0125
3 0.9619 0.3859 0.0050 0.0125
3 0.9556 0.3831 0.0050 0.0163
3 0.9563 0.3666 0.0063 0.0112
3 0.9637 0.4075 0.0087 0.0212
3 0.9566 0.5075 0.0163 0.0087
3 0.9531 0.4938 0.0125 0.0063
3 0.9406 0.5075 0.0125 0.0087
3 0.9384 0.5022 0.0112 0.0075
3 0.9344 0.4953 0.0125 0.0063
3 0.9100 0.5075 0.0138 0.0087
3 0.8900 0.4131 0.0112 0.0075
3 0.8906 0.4181 0.0125 0.0050
3 0.8906 0.4256 0.0125 0.0075
3 0.8922 0.4325 0.0125 0.0087
3 0.8938 0.4391 0.0125 0.0063
3 0.8959 0.4469 0.0138 0.0063
3 0.8969 0.4537 0.0125 0.0075
3 0.8969 0.4616 0.0125 0.0075
3 0.8994 0.4684 0.0112 0.0087
3 0.9037 0.4819 0.0138 0.0075
3 0.9034 0.4888 0.0100 0.0087
3 0.9069 0.4956 0.0138 0.0100
3 0.9088 0.5012 0.0112 0.0087
3 0.9141 0.5144 0.0125 0.0100
3 0.9256 0.4947 0.0075 0.0112
3 0.9156 0.5200 0.0125 0.0087
3 0.9172 0.5269 0.0125 0.0100
3 0.9219 0.5403 0.0125 0.0087
3 0.9250 0.5466 0.0125 0.0087
3 0.9281 0.5528 0.0125 0.0087
3 0.9313 0.5613 0.0125 0.0100
3 0.9550 0.5656 0.0100 0.0125
3 0.9622 0.5787 0.0087 0.0138
3 0.9338 0.5672 0.0112 0.0063
3 0.8872 0.5713 0.0087 0.0112
3 0.9019 0.6009 0.0100 0.0112
3 0.9369 0.5709 0.0112 0.0075
3 0.9478 0.6122 0.0112 0.0150
3 0.8891 0.4047 0.0125 0.0063
3 0.8875 0.3969 0.0125 0.0063
3 0.8869 0.3900 0.0112 0.0050
3 0.8869 0.3844 0.0112 0.0063
3 0.8262 0.4150 0.0087 0.0238
3 0.9338 0.4888 0.0112 0.0087
3 0.9319 0.4819 0.0138 0.0075
3 0.9281 0.4763 0.0125 0.0087
3 0.9275 0.4688 0.0112 0.0063
3 0.9266 0.4622 0.0125 0.0087
3 0.9184 0.4681 0.0087 0.0112
3 0.9116 0.4400 0.0075 0.0112
3 0.9219 0.4406 0.0125 0.0063
3 0.9219 0.4334 0.0125 0.0075
3 0.9187 0.4256 0.0125 0.0075
3 0.9187 0.4194 0.0125 0.0075
3 0.9172 0.4125 0.0125 0.0063
3 0.9156 0.4062 0.0125 0.0063
3 0.9163 0.4000 0.0138 0.0063
3 0.9150 0.3928 0.0112 0.0075
3 0.9053 0.3959 0.0075 0.0138
3 0.9141 0.3837 0.0125 0.0050
3 0.9156 0.3781 0.0125 0.0063
3 0.9150 0.3688 0.0112 0.0063
3 0.9150 0.3563 0.0112 0.0063
3 0.9000 0.3438 0.0125 0.0063
3 0.9147 0.3500 0.0138 0.0063
3 0.8850 0.3563 0.0138 0.0063
3 0.8866 0.3625 0.0138 0.0063
3 0.8859 0.3694 0.0125 0.0075
3 0.8859 0.3756 0.0125 0.0075
3 0.7322 0.4369 0.0112 0.0050
3 0.7303 0.4319 0.0138 0.0075
3 0.7300 0.4253 0.0163 0.0100
3 0.6144 0.9800 0.0100 0.0100
3 0.6103 0.9831 0.0112 0.0100
3 0.5791 0.9838 0.0112 0.0112
3 0.5909 0.9781 0.0100 0.0125
3 0.5978 0.9759 0.0112 0.0112
3 0.6022 0.9700 0.0138 0.0150
3 0.5244 0.9822 0.0050 0.0112
3 0.7247 0.2806 0.0150 0.0050
3 0.6850 0.1403 0.0075 0.0150
3 0.7238 0.2631 0.0163 0.0075
3 0.7244 0.2531 0.0175 0.0063
3 0.7256 0.2444 0.0200 0.0075
3 0.7712 0.1625 0.0112 0.0063
3 0.7703 0.1556 0.0125 0.0050
3 0.7056 0.1406 0.0050 0.0125
3 0.7172 0.1409 0.0063 0.0163
3 0.7297 0.1413 0.0063 0.0138
3 0.7150 0.0944 0.0050 0.0138
3 0.6859 0.1000 0.0125 0.0063
3 0.6694 0.1119 0.0075 0.0175
3 0.6950 0.1122 0.0087 0.0150
3 0.6825 0.1113 0.0087 0.0163
3 0.6709 0.1419 0.0075 0.0150
3 0.6066 0.5031 0.0225 0.0250
3 0.7247 0.7966 0.0150 0.0150
3 0.8100 0.8428 0.0138 0.0138
3 0.8412 0.9091 0.0138 0.0150
3 0.7975 0.0359 0.0138 0.0063
3 0.5294 0.9769 0.0087 0.0100
3 0.5356 0.9744 0.0087 0.0112
3 0.5403 0.9722 0.0087 0.0100
3 0.4409 0.9788 0.0100 0.0138
3 0.5097 0.9366 0.0100 0.0138
3 0.5034 0.9400 0.0100 0.0112
3 0.4963 0.9291 0.0112 0.0112
3 0.4909 0.9316 0.0100 0.0100
3 0.4925 0.9478 0.0100 0.0112
3 0.4853 0.9366 0.0112 0.0138
3 0.4800 0.9400 0.0100 0.0112
3 0.4859 0.9525 0.0125 0.0112
3 0.4750 0.9584 0.0125 0.0138
3 0.4706 0.9625 0.0100 0.0125
3 0.4644 0.9656 0.0100 0.0125
3 0.4588 0.9684 0.0112 0.0150
3 0.4463 0.9750 0.0112 0.0125
3 0.4359 0.9819 0.0125 0.0138
3 0.5463 0.9672 0.0112 0.0125
3 0.4456 0.9603 0.0100 0.0112
3 0.4672 0.9463 0.0125 0.0112
3 0.4619 0.9509 0.0112 0.0112
3 0.4581 0.9541 0.0100 0.0112
3 0.4509 0.9578 0.0112 0.0125
3 0.4394 0.9650 0.0100 0.0112
3 0.4338 0.9672 0.0112 0.0125
3 0.4269 0.9706 0.0100 0.0100
3 0.4222 0.9738 0.0100 0.0100
3 0.4153 0.9769 0.0087 0.0100
3 0.4056 0.9838 0.0112 0.0112
3 0.4103 0.9806 0.0112 0.0112
3 0.4019 0.9531 0.0100 0.0125
3 0.5019 0.9266 0.0100 0.0125
3 0.5072 0.9225 0.0112 0.0138
3 0.5144 0.9194 0.0100 0.0138
3 0.5212 0.9156 0.0112 0.0125
3 0.5525 0.9669 0.0112 0.0087
3 0.5581 0.9634 0.0100 0.0112
3 0.5759 0.9531 0.0112 0.0125
3 0.5813 0.9484 0.0125 0.0125
3 0.4916 0.9856 0.0112 0.0150
3 0.5041 0.9781 0.0112 0.0125
3 0.5088 0.9734 0.0112 0.0125
3 0.5150 0.9678 0.0112 0.0138
3 0.5212 0.9650 0.0112 0.0112
3 0.5262 0.9603 0.0087 0.0112
3 0.5328 0.9584 0.0125 0.0138
3 0.5441 0.9516 0.0100 0.0125
3 0.5559 0.9447 0.0087 0.0112
3 0.5775 0.9300 0.0112 0.0100
3 0.5144 0.9334 0.0100 0.0138
3 0.5206 0.9306 0.0100 0.0112
3 0.5269 0.9259 0.0100 0.0112
3 0.5322 0.9231 0.0112 0.0150
3 0.5419 0.9156 0.0087 0.0125
3 0.5494 0.9125 0.0112 0.0125
3 0.5597 0.9041 0.0100 0.0112
3 0.5594 0.8906 0.0125 0.0125
3 0.5544 0.8962 0.0087 0.0112
3 0.5425 0.9016 0.0100 0.0125
3 0.5369 0.9031 0.0112 0.0125
3 0.5306 0.9084 0.0112 0.0138
3 0.5241 0.9113 0.0075 0.0100
3 0.7231 0.2719 0.0150 0.0063
3 0.7272 0.2931 0.0138 0.0050
3 0.7281 0.4178 0.0125 0.0075
3 0.7219 0.3419 0.0125 0.0087
3 0.9006 0.2219 0.0138 0.0063
3 0.8603 0.2319 0.0112 0.0138
3 0.8600 0.2475 0.0138 0.0138
3 0.8606 0.2616 0.0150 0.0138
3 0.8562 0.2772 0.0063 0.0138
3 0.8187 0.4128 0.0063 0.0100
3 0.8178 0.3659 0.0075 0.0163
3 0.8184 0.3278 0.0087 0.0275
3 0.7888 0.3100 0.0150 0.0138
3 0.7881 0.3206 0.0138 0.0100
3 0.7631 0.3241 0.0138 0.0075
3 0.7500 0.3250 0.0125 0.0063
3 0.7219 0.3578 0.0125 0.0063
3 0.7225 0.3337 0.0138 0.0112
3 0.9022 0.2356 0.0138 0.0087
3 0.7206 0.3181 0.0100 0.0050
3 0.7219 0.3094 0.0125 0.0063
3 0.7275 0.3025 0.0112 0.0050
3 0.7656 0.3072 0.0125 0.0050
3 0.7750 0.3175 0.0063 0.0163
3 0.8197 0.2856 0.0112 0.0150
3 0.8200 0.2662 0.0087 0.0138
3 0.8206 0.2466 0.0100 0.0150
3 0.7897 0.2947 0.0138 0.0050
3 0.7913 0.2884 0.0138 0.0050
3 0.7903 0.2806 0.0150 0.0050
3 0.7913 0.2750 0.0138 0.0063
3 0.7913 0.2681 0.0138 0.0050
3 0.9009 0.2291 0.0112 0.0050
3 0.9025 0.2437 0.0112 0.0063
3 0.7662 0.2597 0.0138 0.0037
3 0.9531 0.2781 0.0125 0.0063
3 0.7272 0.4116 0.0138 0.0075
3 0.7281 0.4047 0.0125 0.0063
3 0.7266 0.3991 0.0125 0.0075
3 0.7250 0.3788 0.0125 0.0075
3 0.7234 0.3719 0.0125 0.0063
3 0.7225 0.3666 0.0138 0.0050
3 0.7659 0.3859 0.0163 0.0125
3 0.7653 0.3769 0.0150 0.0100
3 0.7644 0.3672 0.0163 0.0125
3 0.7659 0.3600 0.0163 0.0138
3 0.7481 0.3538 0.0150 0.0075
3 0.9563 0.2547 0.0063 0.0125
3 0.9656 0.2925 0.0125 0.0100
3 0.9578 0.2400 0.0125 0.0112
3 0.9019 0.2531 0.0100 0.0063
3 0.9569 0.2337 0.0138 0.0112
3 0.9294 0.2381 0.0150 0.0075
3 0.9322 0.2275 0.0112 0.0050
3 0.9322 0.2188 0.0112 0.0063
3 0.9313 0.2131 0.0125 0.0075
3 0.9281 0.2803 0.0125 0.0075
3 0.9259 0.2875 0.0112 0.0063
3 0.9525 0.3172 0.0112 0.0125
3 0.8994 0.2891 0.0112 0.0063
3 0.9000 0.2812 0.0125 0.0063
3 0.8991 0.2744 0.0138 0.0050
3 0.9000 0.2656 0.0125 0.0063
3 0.9000 0.2594 0.0125 0.0063
3 0.7919 0.2625 0.0150 0.0063
3 0.7913 0.2562 0.0138 0.0063
3 0.7913 0.2484 0.0138 0.0063
3 0.9225 0.1153 0.0075 0.0150
3 0.8944 0.1313 0.0138 0.0063
3 0.8934 0.1256 0.0150 0.0075
3 0.9713 0.0759 0.0112 0.0112
3 0.9587 0.0753 0.0112 0.0100
3 0.9478 0.0744 0.0112 0.0112
3 0.9428 0.1025 0.0138 0.0112
3 0.9600 0.1038 0.0138 0.0138
3 0.9713 0.1163 0.0050 0.0138
3 0.9625 0.1163 0.0063 0.0138
3 0.9531 0.1163 0.0063 0.0138
3 0.9453 0.1153 0.0063 0.0150
3 0.9375 0.1153 0.0063 0.0150
3 0.9306 0.1153 0.0050 0.0150
3 0.8931 0.1062 0.0112 0.0125
3 0.7803 0.2219 0.0075 0.0125
3 0.8444 0.1416 0.0075 0.0112
3 0.8438 0.1581 0.0063 0.0163
3 0.7919 0.2422 0.0150 0.0063
3 0.7913 0.2331 0.0138 0.0100
3 0.7734 0.2225 0.0063 0.0138
3 0.7662 0.2191 0.0075 0.0163
3 0.7594 0.2194 0.0063 0.0138
3 0.7525 0.2194 0.0050 0.0138
3 0.7653 0.3000 0.0150 0.0063
3 0.7662 0.2938 0.0138 0.0063
3 0.7662 0.2869 0.0138 0.0050
3 0.7662 0.2728 0.0138 0.0050
3 0.7662 0.2672 0.0138 0.0063
3 0.8944 0.1375 0.0138 0.0063
3 0.8938 0.1453 0.0125 0.0063
3 0.8928 0.1522 0.0138 0.0075
3 0.8928 0.1584 0.0138 0.0075
3 0.7863 0.2213 0.0037 0.0112
3 0.9563 0.2250 0.0125 0.0125
3 0.9584 0.2169 0.0138 0.0150
3 0.9581 0.2034 0.0100 0.0100
3 0.9491 0.1834 0.0138 0.0138
3 0.9653 0.1375 0.0150 0.0063
3 0.9697 0.1481 0.0050 0.0150
3 0.9625 0.1481 0.0063 0.0150
3 0.9516 0.1475 0.0063 0.0138
3 0.9437 0.1466 0.0063 0.0150
3 0.9391 0.1359 0.0125 0.0063
3 0.9375 0.1475 0.0063 0.0138
3 0.9297 0.1475 0.0063 0.0138
3 0.9234 0.1359 0.0125 0.0063
3 0.9603 0.1738 0.0050 0.0100
3 0.9547 0.1731 0.0063 0.0087
3 0.9469 0.1728 0.0063 0.0112
3 0.9400 0.1712 0.0050 0.0112
3 0.9328 0.1722 0.0063 0.0100
3 0.9409 0.1844 0.0100 0.0125
3 0.9278 0.1837 0.0150 0.0112
3 0.9244 0.1712 0.0050 0.0112
3 0.9187 0.1712 0.0063 0.0112
3 0.9025 0.1837 0.0050 0.0112
3 0.9056 0.1712 0.0050 0.0112
3 0.8928 0.1719 0.0138 0.0063
3 0.8928 0.1650 0.0138 0.0050
