3 0.5162 0.3247 0.0075 0.0150
3 0.5084 0.3259 0.0075 0.0112
3 0.5016 0.2956 0.0063 0.0100
3 0.4881 0.2963 0.0075 0.0112
3 0.4797 0.3247 0.0063 0.0150
3 0.4734 0.3234 0.0063 0.0125
3 0.4656 0.3234 0.0063 0.0125
3 0.4578 0.3228 0.0063 0.0112
3 0.4500 0.3231 0.0063 0.0150
3 0.4409 0.3047 0.0100 0.0063
3 0.4409 0.2953 0.0100 0.0063
3 0.4409 0.2812 0.0100 0.0063
3 0.4425 0.2672 0.0100 0.0063
3 0.4859 0.5819 0.0125 0.0138
3 0.3819 0.5650 0.0138 0.0112
3 0.4544 0.6228 0.0150 0.0112
3 0.2097 0.4350 0.0163 0.0138
3 0.2022 0.4200 0.0138 0.0150
3 0.1919 0.4028 0.0150 0.0150
3 0.1069 0.3344 0.0138 0.0125
3 0.0344 0.2975 0.0125 0.0138
3 0.3063 0.1422 0.0063 0.0125
3 0.2944 0.1344 0.0075 0.0125
3 0.3184 0.1153 0.0087 0.0150
3 0.3250 0.0881 0.0063 0.0138
3 0.2878 0.0253 0.0100 0.0163
3 0.4813 0.2778 0.0063 0.0150
3 0.4959 0.2794 0.0075 0.0150
3 0.5037 0.2787 0.0075 0.0138
3 0.5628 0.2875 0.0163 0.0063
3 0.2631 0.7678 0.0075 0.0138
3 0.0338 0.2384 0.0112 0.0112
3 0.5697 0.1969 0.0112 0.0063
3 0.5650 0.1881 0.0112 0.0075
3 0.4900 0.1697 0.0112 0.0112
3 0.4981 0.1625 0.0150 0.0125
3 0.4769 0.1462 0.0100 0.0112
3 0.4353 0.0203 0.0050 0.0125
3 0.5622 0.2669 0.0150 0.0087
3 0.5622 0.2741 0.0150 0.0075
3 0.5631 0.2806 0.0138 0.0050
3 0.5641 0.2938 0.0125 0.0063
3 0.5116 0.2794 0.0075 0.0150
3 0.5622 0.3009 0.0150 0.0050
3 0.5287 0.2462 0.0075 0.0112
3 0.5209 0.2462 0.0075 0.0112
3 0.5069 0.2475 0.0075 0.0138
3 0.5000 0.2475 0.0063 0.0138
3 0.4922 0.2469 0.0063 0.0125
3 0.4781 0.2469 0.0063 0.0125
3 0.4694 0.2469 0.0075 0.0125
3 0.4619 0.2462 0.0050 0.0112
3 0.4556 0.2453 0.0050 0.0125
3 0.5194 0.2800 0.0075 0.0163
3 0.3959 0.5044 0.0450 0.0400
3 0.5887 0.7144 0.0087 0.0100
3 0.4400 0.2875 0.0112 0.0063
3 0.5231 0.2963 0.0087 0.0112
