3 0.8753 0.1684 0.0225 0.0150
3 0.5722 0.2969 0.0100 0.0250
3 0.5016 0.2959 0.0125 0.0263
3 0.5119 0.2947 0.0112 0.0238
3 0.5228 0.2956 0.0112 0.0225
3 0.5350 0.2969 0.0138 0.0250
3 0.5475 0.2969 0.0138 0.0250
3 0.5600 0.2975 0.0138 0.0263
3 0.5844 0.2984 0.0125 0.0250
3 0.5969 0.2969 0.0125 0.0250
3 0.6091 0.2991 0.0150 0.0263
3 0.2531 0.3500 0.0125 0.0250
3 0.2662 0.3494 0.0138 0.0238
3 0.2787 0.3509 0.0138 0.0238
3 0.2906 0.3500 0.0125 0.0250
3 0.4891 0.2969 0.0125 0.0250
3 0.4766 0.2987 0.0125 0.0287
3 0.4641 0.2938 0.0125 0.0250
3 0.4506 0.2919 0.0138 0.0275
3 0.4281 0.2928 0.0125 0.0263
3 0.4150 0.2931 0.0112 0.0238
3 0.3906 0.2900 0.0125 0.0300
3 0.3656 0.2897 0.0125 0.0263
3 0.3541 0.2859 0.0112 0.0312
3 0.3406 0.2913 0.0125 0.0263
3 0.2953 0.2866 0.0125 0.0263
3 0.2703 0.2844 0.0125 0.0250
3 0.6088 0.2669 0.0112 0.0275
3 0.5969 0.2669 0.0125 0.0275
3 0.5844 0.2669 0.0125 0.0275
3 0.5719 0.2662 0.0125 0.0263
3 0.5613 0.2669 0.0100 0.0275
3 0.3025 0.3500 0.0112 0.0250
3 0.3144 0.3475 0.0100 0.0263
3 0.3641 0.3531 0.0125 0.0250
3 0.6150 0.3619 0.0112 0.0238
3 0.1247 0.8022 0.0150 0.0263
3 0.1266 0.7741 0.0125 0.0263
3 0.1150 0.7728 0.0112 0.0238
3 0.0903 0.8044 0.0150 0.0275
3 0.0775 0.8022 0.0112 0.0263
3 0.0650 0.8003 0.0112 0.0287
3 0.0516 0.7994 0.0125 0.0300
3 0.1962 0.8100 0.0112 0.0263
3 0.1984 0.7634 0.0125 0.0238
3 0.0931 0.7087 0.0112 0.0238
3 0.0703 0.7087 0.0125 0.0238
3 0.0469 0.7072 0.0125 0.0238
3 0.6659 0.3100 0.0163 0.0450
3 0.6312 0.3619 0.0125 0.0300
3 0.5975 0.3619 0.0138 0.0238
3 0.3753 0.3541 0.0100 0.0238
3 0.5844 0.3631 0.0125 0.0200
3 0.5447 0.3600 0.0112 0.0200
3 0.5338 0.3588 0.0112 0.0238
3 0.5094 0.3588 0.0125 0.0238
3 0.4969 0.3575 0.0125 0.0275
3 0.4838 0.3578 0.0112 0.0250
3 0.4719 0.3572 0.0125 0.0238
3 0.4594 0.3538 0.0125 0.0263
3 0.4472 0.3531 0.0100 0.0250
3 0.4353 0.3566 0.0112 0.0225
3 0.4237 0.3538 0.0100 0.0263
3 0.4097 0.3538 0.0100 0.0263
3 0.3984 0.3541 0.0125 0.0238
3 0.3869 0.3541 0.0112 0.0238
3 0.5500 0.2647 0.0125 0.0263
3 0.5384 0.2647 0.0112 0.0263
3 0.5259 0.2650 0.0112 0.0238
3 0.0738 0.2522 0.0163 0.0263
3 0.3922 0.1962 0.0125 0.0238
3 0.3684 0.1969 0.0150 0.0250
3 0.3578 0.1966 0.0125 0.0275
3 0.3438 0.1934 0.0125 0.0275
3 0.3084 0.2225 0.0263 0.0138
3 0.3322 0.1938 0.0112 0.0250
3 0.3081 0.1925 0.0100 0.0225
3 0.2838 0.1906 0.0112 0.0250
3 0.2706 0.1913 0.0100 0.0200
3 0.2597 0.1888 0.0100 0.0212
3 0.1400 0.2481 0.0112 0.0275
3 0.1281 0.2500 0.0125 0.0312
3 0.1147 0.2491 0.0138 0.0263
3 0.0981 0.2528 0.0150 0.0275
3 0.0588 0.2478 0.0112 0.0238
3 0.4166 0.1909 0.0112 0.0225
3 0.4056 0.1956 0.0112 0.0225
3 0.4406 0.1975 0.0125 0.0263
3 0.5125 0.2650 0.0125 0.0238
3 0.2825 0.2525 0.0150 0.0300
3 0.5006 0.2631 0.0138 0.0263
3 0.4891 0.2634 0.0125 0.0238
3 0.4781 0.2641 0.0125 0.0250
3 0.4531 0.2600 0.0125 0.0263
3 0.4397 0.2600 0.0138 0.0263
3 0.4275 0.2594 0.0112 0.0250
3 0.4156 0.2603 0.0125 0.0238
3 0.4050 0.2594 0.0100 0.0250
3 0.3906 0.2594 0.0125 0.0250
3 0.3794 0.2581 0.0087 0.0225
3 0.3553 0.2562 0.0138 0.0250
3 0.3328 0.2544 0.0125 0.0275
3 0.3197 0.2550 0.0112 0.0287
3 0.2953 0.2544 0.0125 0.0275
3 0.2719 0.2531 0.0125 0.0312
3 0.4656 0.2003 0.0125 0.0287
3 0.2587 0.2528 0.0112 0.0275
3 0.6478 0.2059 0.0112 0.0275
3 0.6366 0.2069 0.0138 0.0263
3 0.6225 0.2047 0.0138 0.0250
3 0.6103 0.2047 0.0112 0.0250
3 0.6009 0.2028 0.0112 0.0275
3 0.5881 0.2022 0.0138 0.0263
3 0.5750 0.2016 0.0125 0.0250
3 0.5634 0.2041 0.0112 0.0238
3 0.5525 0.2022 0.0112 0.0263
3 0.5391 0.2031 0.0125 0.0250
3 0.5266 0.2016 0.0125 0.0250
3 0.5150 0.2000 0.0112 0.0250
3 0.5025 0.2006 0.0112 0.0263
3 0.1141 0.8031 0.0125 0.0250
3 0.0781 0.7709 0.0125 0.0263
3 0.0625 0.8662 0.0125 0.0263
3 0.7197 0.2075 0.0112 0.0275
3 0.7087 0.2062 0.0112 0.0250
3 0.6963 0.2081 0.0112 0.0225
3 0.6725 0.2081 0.0138 0.0225
3 0.7447 0.2094 0.0112 0.0250
3 0.7312 0.2075 0.0125 0.0275
3 0.7581 0.2100 0.0100 0.0263
3 0.7728 0.2156 0.0112 0.0250
3 0.9981 0.2156 0.0025 0.0250
3 0.9906 0.2159 0.0125 0.0225
3 0.9756 0.2162 0.0138 0.0263
3 0.9159 0.4125 0.0225 0.0125
3 0.9169 0.4391 0.0212 0.0125
3 0.8775 0.2194 0.0112 0.0263
3 0.8634 0.2150 0.0112 0.0300
3 0.8706 0.1956 0.0225 0.0100
3 0.8025 0.1953 0.0238 0.0125
3 0.8025 0.1831 0.0238 0.0100
3 0.7991 0.2144 0.0138 0.0225
3 0.7853 0.2125 0.0112 0.0250
3 0.0753 0.8662 0.0100 0.0263
3 0.0444 0.9884 0.0138 0.0238
3 0.0572 0.9884 0.0112 0.0238
3 0.0806 0.9894 0.0112 0.0225
3 0.0944 0.9925 0.0138 0.0163
3 0.1056 0.9916 0.0112 0.0175
3 0.1181 0.9887 0.0112 0.0212
3 0.1731 0.9788 0.0212 0.0263
3 0.1219 0.9306 0.0125 0.0238
3 0.0828 0.9294 0.0125 0.0275
3 0.0688 0.9281 0.0125 0.0250
3 0.0563 0.9294 0.0125 0.0275
3 0.0444 0.9287 0.0138 0.0263
3 0.1837 0.8700 0.0112 0.0212
3 0.1716 0.8656 0.0150 0.0250
3 0.1581 0.8666 0.0100 0.0238
3 0.1350 0.8681 0.0138 0.0238
3 0.1219 0.8675 0.0125 0.0225
3 0.0875 0.8656 0.0125 0.0250
