3 0.1650 0.9666 0.0112 0.0050
3 0.1666 0.9338 0.0112 0.0050
3 0.1672 0.9384 0.0125 0.0050
3 0.1666 0.9437 0.0112 0.0063
3 0.1672 0.9494 0.0125 0.0050
3 0.1666 0.9563 0.0112 0.0063
3 0.1656 0.9609 0.0125 0.0063
3 0.1650 0.9819 0.0112 0.0075
3 0.5769 0.8319 0.0100 0.0200
3 0.1666 0.9875 0.0112 0.0063
3 0.1656 0.9931 0.0125 0.0050
3 0.1666 0.9291 0.0112 0.0050
3 0.1650 0.9244 0.0112 0.0050
3 0.1656 0.9125 0.0125 0.0063
3 0.1650 0.9062 0.0112 0.0063
3 0.1672 0.9009 0.0125 0.0050
3 0.1666 0.8953 0.0112 0.0063
3 0.1666 0.8916 0.0112 0.0050
3 0.1666 0.8875 0.0112 0.0063
3 0.1666 0.8688 0.0112 0.0063
3 0.1672 0.8812 0.0125 0.0063
3 0.3000 0.9828 0.0063 0.0125
3 0.2922 0.9828 0.0063 0.0125
3 0.2812 0.9822 0.0063 0.0112
3 0.2694 0.9816 0.0075 0.0100
3 0.2500 0.9838 0.0063 0.0112
3 0.2391 0.9816 0.0063 0.0100
3 0.2266 0.9812 0.0063 0.0125
3 0.3362 0.9806 0.0100 0.0050
3 0.3362 0.9869 0.0100 0.0050
3 0.3341 0.9991 0.0087 0.0013
3 0.3359 0.9922 0.0125 0.0063
3 0.2094 0.9791 0.0063 0.0112
3 0.1897 0.9803 0.0075 0.0138
3 0.3116 0.9681 0.0075 0.0112
3 0.3922 0.9394 0.0063 0.0100
3 0.2700 0.9406 0.0087 0.0125
3 0.2766 0.9406 0.0063 0.0125
3 0.2928 0.9409 0.0075 0.0100
3 0.3000 0.9409 0.0063 0.0100
3 0.3056 0.9409 0.0050 0.0100
3 0.3109 0.9416 0.0063 0.0112
3 0.3391 0.9400 0.0063 0.0112
3 0.3447 0.9400 0.0050 0.0112
3 0.3494 0.9400 0.0050 0.0112
3 0.3563 0.9400 0.0063 0.0112
3 0.3647 0.9416 0.0075 0.0112
3 0.3703 0.9409 0.0063 0.0100
3 0.3766 0.9406 0.0063 0.0125
3 0.3822 0.9416 0.0050 0.0112
3 0.3978 0.9394 0.0050 0.0100
3 0.2562 0.9412 0.0063 0.0138
3 0.4022 0.9400 0.0075 0.0112
3 0.4253 0.9391 0.0100 0.0063
3 0.4253 0.9453 0.0100 0.0063
3 0.4491 0.9447 0.0138 0.0050
3 0.4484 0.9384 0.0125 0.0050
3 0.4244 0.9275 0.0050 0.0112
3 0.4362 0.9216 0.0100 0.0087
3 0.2047 0.9244 0.0063 0.0112
3 0.2109 0.9244 0.0063 0.0112
3 0.2150 0.9259 0.0050 0.0112
3 0.2266 0.9275 0.0063 0.0112
3 0.2337 0.9259 0.0050 0.0112
3 0.2406 0.9269 0.0063 0.0100
3 0.2500 0.9259 0.0063 0.0112
3 0.2625 0.9406 0.0063 0.0125
3 0.2509 0.9406 0.0050 0.0125
3 0.3056 0.9691 0.0050 0.0100
3 0.2391 0.9656 0.0063 0.0125
3 0.2994 0.9681 0.0050 0.0112
3 0.2931 0.9656 0.0050 0.0125
3 0.2875 0.9672 0.0063 0.0125
3 0.2806 0.9681 0.0050 0.0112
3 0.2750 0.9659 0.0063 0.0100
3 0.2687 0.9666 0.0063 0.0112
3 0.2634 0.9656 0.0050 0.0125
3 0.3375 0.9641 0.0063 0.0125
3 0.3531 0.9662 0.0063 0.0138
3 0.3603 0.9662 0.0050 0.0138
3 0.3644 0.9656 0.0037 0.0125
3 0.3697 0.9656 0.0050 0.0125
3 0.2572 0.9656 0.0050 0.0125
3 0.2500 0.9672 0.0063 0.0125
3 0.2337 0.9672 0.0050 0.0125
3 0.2334 0.9400 0.0075 0.0112
3 0.2266 0.9656 0.0063 0.0125
3 0.2203 0.9666 0.0063 0.0112
3 0.2109 0.9656 0.0063 0.0125
3 0.2031 0.9669 0.0063 0.0087
3 0.1978 0.9656 0.0050 0.0125
3 0.1906 0.9656 0.0063 0.0125
3 0.1916 0.9384 0.0050 0.0112
3 0.1922 0.9244 0.0063 0.0112
3 0.1984 0.9250 0.0063 0.0125
3 0.1972 0.9384 0.0037 0.0112
3 0.2103 0.9400 0.0050 0.0112
3 0.2156 0.9394 0.0063 0.0100
3 0.2213 0.9394 0.0050 0.0100
3 0.2272 0.9406 0.0075 0.0125
3 0.2041 0.6725 0.0112 0.0075
3 0.1741 0.5763 0.0138 0.0087
3 0.1750 0.5825 0.0125 0.0087
3 0.1775 0.5881 0.0112 0.0075
3 0.1781 0.5928 0.0125 0.0075
3 0.1791 0.5991 0.0112 0.0075
3 0.1831 0.6038 0.0100 0.0075
3 0.1837 0.6084 0.0112 0.0075
3 0.1862 0.6153 0.0100 0.0087
3 0.1884 0.6216 0.0112 0.0087
3 0.1903 0.6262 0.0087 0.0087
3 0.1944 0.6388 0.0138 0.0087
3 0.1994 0.6553 0.0112 0.0075
3 0.2031 0.6663 0.0125 0.0075
3 0.1956 0.6506 0.0100 0.0075
3 0.2066 0.6787 0.0100 0.0075
3 0.2119 0.7338 0.0050 0.0112
3 0.2081 0.6834 0.0100 0.0075
3 0.2237 0.6491 0.0100 0.0075
3 0.2213 0.6434 0.0112 0.0087
3 0.2197 0.6359 0.0112 0.0063
3 0.2188 0.6303 0.0125 0.0075
3 0.2166 0.6250 0.0112 0.0063
3 0.2084 0.5956 0.0138 0.0100
3 0.2044 0.5903 0.0150 0.0087
3 0.2116 0.6066 0.0138 0.0100
3 0.2125 0.6138 0.0125 0.0087
3 0.2944 0.6406 0.0075 0.0125
3 0.3006 0.6438 0.0075 0.0125
3 0.2313 0.6687 0.0125 0.0063
3 0.2087 0.6881 0.0112 0.0075
3 0.2181 0.7338 0.0050 0.0112
3 0.2062 0.7328 0.0063 0.0125
3 0.2156 0.7006 0.0125 0.0075
3 0.0194 0.7831 0.0138 0.0100
3 0.0175 0.7922 0.0163 0.0125
3 0.0966 0.8275 0.0150 0.0112
3 0.1931 0.7322 0.0050 0.0112
3 0.1219 0.7569 0.0125 0.0075
3 0.1212 0.7634 0.0112 0.0050
3 0.1256 0.7762 0.0138 0.0087
3 0.1294 0.7831 0.0150 0.0100
3 0.1303 0.7881 0.0138 0.0075
3 0.1341 0.7947 0.0150 0.0112
3 0.1344 0.8006 0.0125 0.0075
3 0.1416 0.8209 0.0112 0.0200
3 0.1391 0.7456 0.0063 0.0100
3 0.1450 0.7441 0.0087 0.0100
3 0.1606 0.7375 0.0087 0.0125
3 0.1672 0.7359 0.0063 0.0125
3 0.1812 0.7331 0.0063 0.0100
3 0.1869 0.7331 0.0050 0.0100
3 0.2119 0.6944 0.0112 0.0075
3 0.2150 0.7063 0.0112 0.0063
3 0.1931 0.8156 0.0050 0.0125
3 0.1969 0.7600 0.0063 0.0138
3 0.1906 0.7603 0.0063 0.0112
3 0.1634 0.8009 0.0050 0.0112
3 0.1750 0.8019 0.0063 0.0100
3 0.1812 0.8019 0.0063 0.0100
3 0.1931 0.8025 0.0050 0.0112
3 0.2000 0.8012 0.0063 0.0087
3 0.2056 0.8009 0.0050 0.0112
3 0.2116 0.8009 0.0075 0.0112
3 0.2181 0.8019 0.0050 0.0100
3 0.2306 0.8031 0.0050 0.0125
3 0.1750 0.8156 0.0063 0.0125
3 0.1812 0.8156 0.0063 0.0125
3 0.1869 0.8162 0.0050 0.0138
3 0.2062 0.8147 0.0063 0.0138
3 0.2094 0.7619 0.0063 0.0112
3 0.2116 0.8137 0.0075 0.0150
3 0.2172 0.8153 0.0063 0.0150
3 0.2228 0.8156 0.0050 0.0125
3 0.2359 0.8150 0.0063 0.0112
3 0.2422 0.8166 0.0063 0.0112
3 0.2031 0.7609 0.0063 0.0125
3 0.2162 0.7619 0.0075 0.0112
3 0.2156 0.7125 0.0125 0.0063
3 0.3291 0.7213 0.0050 0.0112
3 0.2156 0.7181 0.0125 0.0050
3 0.2881 0.7119 0.0075 0.0112
3 0.2719 0.6731 0.0125 0.0087
3 0.2953 0.6853 0.0063 0.0112
3 0.3006 0.6894 0.0075 0.0100
3 0.3069 0.6894 0.0075 0.0100
3 0.3138 0.6909 0.0087 0.0100
3 0.3303 0.6969 0.0075 0.0125
3 0.3362 0.6975 0.0100 0.0138
3 0.2981 0.7147 0.0087 0.0138
3 0.3044 0.7150 0.0087 0.0112
3 0.3100 0.7178 0.0075 0.0138
3 0.3147 0.7181 0.0075 0.0112
3 0.3209 0.7194 0.0075 0.0138
3 0.3341 0.7241 0.0087 0.0138
3 0.2213 0.7616 0.0050 0.0138
3 0.3438 0.7281 0.0063 0.0125
3 0.3506 0.7281 0.0075 0.0125
3 0.3569 0.7303 0.0075 0.0138
3 0.1519 0.7703 0.0100 0.0125
3 0.1581 0.7681 0.0100 0.0112
3 0.1644 0.7666 0.0100 0.0112
3 0.1694 0.7656 0.0075 0.0125
3 0.1672 0.7797 0.0125 0.0063
3 0.1791 0.7734 0.0050 0.0125
3 0.1844 0.7744 0.0063 0.0112
3 0.1906 0.7734 0.0063 0.0125
3 0.2016 0.7741 0.0063 0.0138
3 0.2078 0.7741 0.0063 0.0138
3 0.2150 0.7725 0.0050 0.0138
3 0.2572 0.9259 0.0050 0.0112
3 0.2634 0.9259 0.0050 0.0112
3 0.2687 0.9266 0.0063 0.0125
3 0.4516 0.8313 0.0125 0.0063
3 0.3072 0.8172 0.0050 0.0125
3 0.3131 0.8172 0.0075 0.0125
3 0.3244 0.8172 0.0050 0.0125
3 0.3306 0.8166 0.0050 0.0112
3 0.3553 0.8187 0.0075 0.0125
3 0.3666 0.8181 0.0050 0.0112
3 0.3728 0.8166 0.0050 0.0112
3 0.3828 0.8197 0.0063 0.0112
3 0.3906 0.8203 0.0063 0.0125
3 0.4031 0.8191 0.0063 0.0100
3 0.4141 0.8181 0.0063 0.0112
3 0.4203 0.8181 0.0063 0.0112
3 0.4266 0.8181 0.0063 0.0112
3 0.4531 0.8375 0.0125 0.0063
3 0.4516 0.8266 0.0125 0.0063
3 0.2891 0.8166 0.0063 0.0112
3 0.4525 0.8213 0.0112 0.0050
3 0.4531 0.8166 0.0125 0.0050
3 0.4531 0.8119 0.0125 0.0050
3 0.4525 0.8056 0.0112 0.0050
3 0.4531 0.8000 0.0125 0.0063
3 0.2641 0.8019 0.0063 0.0100
3 0.2725 0.8025 0.0075 0.0112
3 0.2784 0.8034 0.0037 0.0100
3 0.2844 0.8031 0.0063 0.0125
3 0.3006 0.8025 0.0075 0.0112
3 0.3125 0.8031 0.0063 0.0125
3 0.3187 0.8031 0.0063 0.0125
3 0.3244 0.8031 0.0050 0.0125
3 0.3312 0.8034 0.0063 0.0100
3 0.2944 0.8166 0.0075 0.0112
3 0.2838 0.8156 0.0050 0.0125
3 0.3438 0.8050 0.0063 0.0100
3 0.2578 0.8444 0.0063 0.0138
3 0.4056 0.8463 0.0050 0.0112
3 0.4000 0.8463 0.0063 0.0112
3 0.3922 0.8463 0.0063 0.0112
3 0.3712 0.8463 0.0050 0.0112
3 0.3641 0.8447 0.0063 0.0112
3 0.1938 0.8438 0.0063 0.0125
3 0.1991 0.8438 0.0075 0.0125
3 0.2056 0.8453 0.0050 0.0125
3 0.2116 0.8428 0.0075 0.0138
3 0.2225 0.8431 0.0075 0.0112
3 0.2297 0.8438 0.0063 0.0125
3 0.2353 0.8438 0.0050 0.0125
3 0.2413 0.8447 0.0075 0.0112
3 0.2509 0.8438 0.0050 0.0125
3 0.2641 0.8453 0.0063 0.0125
3 0.2781 0.8162 0.0063 0.0138
3 0.2687 0.8444 0.0063 0.0138
3 0.2756 0.8453 0.0075 0.0125
3 0.2838 0.8447 0.0050 0.0112
3 0.2906 0.8456 0.0063 0.0100
3 0.2984 0.8447 0.0063 0.0112
3 0.3109 0.8447 0.0063 0.0112
3 0.3187 0.8456 0.0063 0.0100
3 0.3256 0.8447 0.0075 0.0112
3 0.3322 0.8456 0.0050 0.0100
3 0.3400 0.8463 0.0050 0.0112
3 0.3541 0.8463 0.0050 0.0112
3 0.2538 0.8166 0.0075 0.0112
3 0.2647 0.8156 0.0075 0.0125
3 0.2719 0.8156 0.0063 0.0125
3 0.3375 0.8050 0.0063 0.0100
3 0.3500 0.8056 0.0063 0.0112
3 0.4150 0.8603 0.0050 0.0112
3 0.3641 0.7031 0.0125 0.0125
3 0.5459 0.8600 0.0075 0.0138
3 0.5428 0.6706 0.0138 0.0100
3 0.5341 0.6656 0.0087 0.0063
3 0.5394 0.6462 0.0163 0.0112
3 0.5847 0.6297 0.0100 0.0125
3 0.5800 0.6438 0.0100 0.0125
3 0.5478 0.6316 0.0112 0.0100
3 0.5622 0.6153 0.0212 0.0150
3 0.5603 0.6059 0.0175 0.0150
3 0.6781 0.5344 0.0125 0.0125
3 0.6937 0.5141 0.0125 0.0125
3 0.7866 0.4344 0.0138 0.0125
3 0.4644 0.7400 0.0100 0.0050
3 0.3553 0.8053 0.0075 0.0138
3 0.3197 0.7753 0.0050 0.0100
3 0.3719 0.8056 0.0063 0.0112
3 0.3803 0.8053 0.0075 0.0138
3 0.3912 0.8050 0.0075 0.0100
3 0.3969 0.8066 0.0063 0.0100
3 0.4022 0.8056 0.0075 0.0112
3 0.4194 0.8072 0.0075 0.0112
3 0.2509 0.7766 0.0050 0.0125
3 0.2659 0.7766 0.0037 0.0125
3 0.2709 0.7756 0.0075 0.0138
3 0.2781 0.7750 0.0063 0.0125
3 0.2844 0.7756 0.0063 0.0138
3 0.2959 0.7756 0.0075 0.0138
3 0.3069 0.7750 0.0075 0.0125
3 0.3141 0.7750 0.0063 0.0125
3 0.3244 0.7759 0.0050 0.0112
3 0.3794 0.7384 0.0087 0.0112
3 0.3312 0.7766 0.0063 0.0125
3 0.3375 0.7775 0.0063 0.0112
3 0.3569 0.7775 0.0075 0.0112
3 0.3678 0.7781 0.0075 0.0125
3 0.3791 0.7766 0.0050 0.0125
3 0.3850 0.7781 0.0075 0.0125
3 0.3916 0.7775 0.0050 0.0112
3 0.3969 0.7787 0.0063 0.0138
3 0.4031 0.7791 0.0063 0.0112
3 0.4088 0.7787 0.0050 0.0138
3 0.4156 0.7791 0.0063 0.0112
3 0.4219 0.7781 0.0063 0.0125
3 0.4272 0.7781 0.0075 0.0125
3 0.3625 0.7334 0.0063 0.0138
3 0.4181 0.8469 0.0050 0.0125
3 0.4094 0.8603 0.0063 0.0112
3 0.2750 0.9259 0.0063 0.0112
3 0.3541 0.9019 0.0050 0.0100
3 0.2697 0.8994 0.0050 0.0112
3 0.2750 0.8984 0.0063 0.0125
3 0.2812 0.9000 0.0063 0.0125
3 0.2869 0.9009 0.0050 0.0112
3 0.2938 0.9000 0.0063 0.0125
3 0.3000 0.9009 0.0063 0.0112
3 0.3056 0.9012 0.0050 0.0087
3 0.3119 0.9003 0.0050 0.0100
3 0.3181 0.9009 0.0050 0.0112
3 0.3244 0.9006 0.0050 0.0138
3 0.3297 0.9025 0.0063 0.0112
3 0.3353 0.9016 0.0050 0.0125
3 0.3406 0.9009 0.0063 0.0112
3 0.3469 0.9009 0.0063 0.0112
3 0.3634 0.9016 0.0050 0.0125
3 0.2578 0.9000 0.0063 0.0125
3 0.3697 0.9009 0.0050 0.0112
3 0.3756 0.9019 0.0075 0.0100
3 0.3828 0.9009 0.0063 0.0112
3 0.3875 0.9016 0.0063 0.0125
3 0.3937 0.9016 0.0063 0.0125
3 0.4000 0.9009 0.0063 0.0112
3 0.4125 0.9022 0.0063 0.0138
3 0.4188 0.9016 0.0063 0.0125
3 0.4250 0.9025 0.0063 0.0112
3 0.4125 0.8875 0.0063 0.0125
3 0.4056 0.8875 0.0050 0.0125
3 0.4494 0.9056 0.0112 0.0050
3 0.4494 0.9003 0.0112 0.0037
3 0.4516 0.8750 0.0125 0.0063
3 0.2634 0.8984 0.0050 0.0125
3 0.2516 0.9000 0.0063 0.0125
3 0.1931 0.8838 0.0050 0.0112
3 0.3728 0.9281 0.0050 0.0125
3 0.2806 0.9269 0.0050 0.0100
3 0.2875 0.9275 0.0063 0.0112
3 0.2938 0.9266 0.0063 0.0125
3 0.3000 0.9275 0.0063 0.0112
3 0.3063 0.9272 0.0063 0.0138
3 0.3119 0.9281 0.0050 0.0125
3 0.3325 0.9187 0.0087 0.0125
3 0.4178 0.9275 0.0075 0.0112
3 0.4088 0.9266 0.0050 0.0125
3 0.4031 0.9269 0.0063 0.0100
3 0.3975 0.9266 0.0075 0.0125
3 0.3922 0.9275 0.0063 0.0112
3 0.3806 0.9281 0.0050 0.0125
3 0.3759 0.9275 0.0050 0.0112
3 0.3391 0.9281 0.0063 0.0125
3 0.2406 0.8994 0.0063 0.0112
3 0.3438 0.9281 0.0063 0.0125
3 0.3500 0.9287 0.0063 0.0138
3 0.3550 0.9275 0.0037 0.0112
3 0.3656 0.9275 0.0063 0.0112
3 0.3603 0.9272 0.0050 0.0138
3 0.4484 0.9125 0.0125 0.0063
3 0.1931 0.8972 0.0050 0.0100
3 0.1984 0.8972 0.0063 0.0100
3 0.2047 0.8978 0.0063 0.0112
3 0.2094 0.8984 0.0063 0.0125
3 0.2156 0.8988 0.0063 0.0100
3 0.2219 0.8988 0.0063 0.0100
3 0.2281 0.8994 0.0063 0.0112
3 0.2344 0.9000 0.0063 0.0125
3 0.4516 0.8806 0.0125 0.0050
3 0.1984 0.8844 0.0063 0.0125
3 0.4031 0.8609 0.0063 0.0125
3 0.2931 0.8572 0.0050 0.0112
3 0.2062 0.8572 0.0063 0.0112
3 0.2125 0.8581 0.0063 0.0100
3 0.2172 0.8578 0.0063 0.0125
3 0.2228 0.8572 0.0050 0.0112
3 0.2291 0.8556 0.0050 0.0112
3 0.2337 0.8572 0.0050 0.0112
3 0.2419 0.8572 0.0087 0.0112
3 0.2500 0.8578 0.0063 0.0125
3 0.2578 0.8584 0.0063 0.0138
3 0.2641 0.8594 0.0063 0.0125
3 0.2697 0.8594 0.0050 0.0125
3 0.2766 0.8581 0.0063 0.0100
3 0.2812 0.8578 0.0063 0.0125
3 0.2884 0.8572 0.0050 0.0112
3 0.2994 0.8572 0.0050 0.0112
3 0.1938 0.8562 0.0063 0.0125
3 0.3056 0.8588 0.0050 0.0112
3 0.3109 0.8581 0.0063 0.0100
3 0.3181 0.8581 0.0050 0.0100
3 0.3244 0.8578 0.0050 0.0125
3 0.3312 0.8588 0.0063 0.0112
3 0.3369 0.8594 0.0050 0.0125
3 0.3422 0.8594 0.0063 0.0125
3 0.3547 0.8588 0.0063 0.0112
3 0.3712 0.8597 0.0050 0.0100
3 0.3634 0.8581 0.0050 0.0100
3 0.3781 0.8597 0.0063 0.0100
3 0.3844 0.8597 0.0063 0.0100
3 0.3912 0.8594 0.0075 0.0125
3 0.3978 0.8594 0.0050 0.0125
3 0.2000 0.8572 0.0063 0.0112
3 0.4000 0.8884 0.0063 0.0112
3 0.2047 0.8844 0.0063 0.0125
3 0.2994 0.8869 0.0050 0.0112
3 0.2109 0.8844 0.0063 0.0125
3 0.2166 0.8847 0.0050 0.0100
3 0.2234 0.8853 0.0063 0.0112
3 0.2297 0.8838 0.0063 0.0112
3 0.2359 0.8844 0.0063 0.0125
3 0.2422 0.8838 0.0063 0.0112
3 0.2500 0.8838 0.0063 0.0112
3 0.2562 0.8850 0.0063 0.0138
3 0.2641 0.8838 0.0063 0.0112
3 0.2703 0.8847 0.0063 0.0100
3 0.2759 0.8853 0.0050 0.0112
3 0.2822 0.8844 0.0050 0.0125
3 0.2891 0.8844 0.0063 0.0125
3 0.2938 0.8869 0.0063 0.0112
3 0.3063 0.8869 0.0063 0.0112
3 0.3962 0.8884 0.0050 0.0112
3 0.3125 0.8869 0.0063 0.0112
3 0.3187 0.8869 0.0063 0.0112
3 0.3244 0.8859 0.0050 0.0125
3 0.3312 0.8853 0.0063 0.0112
3 0.3375 0.8863 0.0063 0.0100
3 0.3422 0.8847 0.0063 0.0100
3 0.3488 0.8853 0.0037 0.0112
3 0.3541 0.8847 0.0050 0.0100
3 0.3647 0.8853 0.0075 0.0112
3 0.4062 0.9000 0.0063 0.0125
3 0.3709 0.8859 0.0075 0.0125
3 0.3775 0.8853 0.0050 0.0112
3 0.3837 0.8863 0.0050 0.0100
3 0.3906 0.8859 0.0063 0.0125
