3 0.1666 0.3263 0.0550 0.0212
3 0.2950 0.4309 0.0338 0.0150
3 0.2925 0.3387 0.0225 0.0462
3 0.5966 0.8603 0.0525 0.0362
3 0.3553 0.3791 0.0200 0.0550
3 0.2975 0.6006 0.0138 0.0138
3 0.2703 0.5713 0.0125 0.0112
3 0.0772 0.4297 0.0138 0.0125
3 0.2291 0.6500 0.0238 0.0187
3 0.2028 0.6347 0.0338 0.0225
3 0.1300 0.5813 0.0163 0.0125
3 0.0700 0.5422 0.0150 0.0125
3 0.8262 0.9900 0.0150 0.0112
3 0.7722 0.9897 0.0163 0.0138
3 0.7384 0.9622 0.0175 0.0150
3 0.4059 0.6569 0.0150 0.0138
3 0.3669 0.3209 0.0150 0.0138
3 0.4169 0.1172 0.0150 0.0125
3 0.1956 0.1178 0.0100 0.0075
3 0.1934 0.0972 0.0150 0.0100
3 0.1656 0.1081 0.0125 0.0100
3 0.1638 0.0613 0.0087 0.0100
3 0.1638 0.0406 0.0150 0.0125
3 0.1663 0.0244 0.0138 0.0112
3 0.1688 0.0125 0.0125 0.0125
3 0.1788 0.1800 0.0075 0.0163
3 0.1947 0.1091 0.0112 0.0087
