3 0.1950 0.9369 0.0087 0.0112
3 0.1650 0.6166 0.0112 0.0050
3 0.1666 0.5837 0.0112 0.0050
3 0.1672 0.5884 0.0125 0.0050
3 0.1666 0.5938 0.0112 0.0063
3 0.1672 0.5994 0.0125 0.0050
3 0.1666 0.6062 0.0112 0.0063
3 0.1656 0.6109 0.0125 0.0063
3 0.1650 0.6319 0.0112 0.0075
3 0.5769 0.4819 0.0100 0.0200
3 0.1666 0.6375 0.0112 0.0063
3 0.1656 0.6431 0.0125 0.0050
3 0.1891 0.6566 0.0063 0.0100
3 0.1891 0.6713 0.0063 0.0112
3 0.1969 0.6578 0.0063 0.0125
3 0.2500 0.6578 0.0063 0.0125
3 0.1666 0.5791 0.0112 0.0050
3 0.1650 0.5744 0.0112 0.0050
3 0.1656 0.5625 0.0125 0.0063
3 0.1650 0.5563 0.0112 0.0063
3 0.1672 0.5509 0.0125 0.0050
3 0.1666 0.5453 0.0112 0.0063
3 0.1666 0.5416 0.0112 0.0050
3 0.1666 0.5375 0.0112 0.0063
3 0.1666 0.5188 0.0112 0.0063
3 0.1672 0.5312 0.0125 0.0063
3 0.3000 0.6328 0.0063 0.0125
3 0.2922 0.6328 0.0063 0.0125
3 0.2812 0.6322 0.0063 0.0112
3 0.2694 0.6316 0.0075 0.0100
3 0.2500 0.6338 0.0063 0.0112
3 0.2391 0.6316 0.0063 0.0100
3 0.2266 0.6312 0.0063 0.0125
3 0.2750 0.6588 0.0063 0.0112
3 0.2869 0.6581 0.0050 0.0100
3 0.3362 0.6306 0.0100 0.0050
3 0.3681 0.6947 0.0112 0.0112
3 0.3094 0.7416 0.0063 0.0112
3 0.3675 0.7166 0.0100 0.0112
3 0.3606 0.7166 0.0087 0.0112
3 0.3534 0.7156 0.0100 0.0125
3 0.3472 0.7150 0.0100 0.0112
3 0.3400 0.7150 0.0112 0.0112
3 0.3084 0.7131 0.0075 0.0138
3 0.2984 0.7134 0.0063 0.0112
3 0.3103 0.6994 0.0050 0.0112
3 0.3047 0.7003 0.0063 0.0100
3 0.2969 0.6994 0.0063 0.0112
3 0.3394 0.6931 0.0100 0.0112
3 0.3538 0.6931 0.0075 0.0112
3 0.3612 0.6950 0.0100 0.0087
3 0.3753 0.6947 0.0100 0.0112
3 0.3362 0.6369 0.0100 0.0050
3 0.2400 0.6987 0.0050 0.0100
3 0.2678 0.6728 0.0075 0.0112
3 0.2750 0.6728 0.0063 0.0112
3 0.2859 0.6728 0.0063 0.0112
3 0.2969 0.6734 0.0063 0.0125
3 0.3041 0.6734 0.0050 0.0125
3 0.3097 0.6734 0.0037 0.0125
3 0.3353 0.6734 0.0112 0.0063
3 0.3369 0.6681 0.0112 0.0050
3 0.2987 0.6581 0.0037 0.0100
3 0.3053 0.6578 0.0075 0.0125
3 0.3347 0.6556 0.0100 0.0050
3 0.3341 0.6509 0.0087 0.0050
3 0.3359 0.6422 0.0125 0.0063
3 0.2094 0.6291 0.0063 0.0112
3 0.1897 0.6303 0.0075 0.0138
3 0.3116 0.6181 0.0075 0.0112
3 0.3922 0.5894 0.0063 0.0100
3 0.2700 0.5906 0.0087 0.0125
3 0.2766 0.5906 0.0063 0.0125
3 0.2928 0.5909 0.0075 0.0100
3 0.3000 0.5909 0.0063 0.0100
3 0.3056 0.5909 0.0050 0.0100
3 0.3109 0.5916 0.0063 0.0112
3 0.3391 0.5900 0.0063 0.0112
3 0.3447 0.5900 0.0050 0.0112
3 0.3494 0.5900 0.0050 0.0112
3 0.3563 0.5900 0.0063 0.0112
3 0.3647 0.5916 0.0075 0.0112
3 0.3703 0.5909 0.0063 0.0100
3 0.3766 0.5906 0.0063 0.0125
3 0.3822 0.5916 0.0050 0.0112
3 0.3978 0.5894 0.0050 0.0100
3 0.2562 0.5912 0.0063 0.0138
3 0.4022 0.5900 0.0075 0.0112
3 0.4253 0.5891 0.0100 0.0063
3 0.4253 0.5953 0.0100 0.0063
3 0.4491 0.5947 0.0138 0.0050
3 0.4484 0.5884 0.0125 0.0050
3 0.4244 0.5775 0.0050 0.0112
3 0.4362 0.5716 0.0100 0.0087
3 0.2047 0.5744 0.0063 0.0112
3 0.2109 0.5744 0.0063 0.0112
3 0.2150 0.5759 0.0050 0.0112
3 0.2266 0.5775 0.0063 0.0112
3 0.2337 0.5759 0.0050 0.0112
3 0.2406 0.5769 0.0063 0.0100
3 0.2500 0.5759 0.0063 0.0112
3 0.2625 0.5906 0.0063 0.0125
3 0.2509 0.5906 0.0050 0.0125
3 0.3056 0.6191 0.0050 0.0100
3 0.2391 0.6156 0.0063 0.0125
3 0.2994 0.6181 0.0050 0.0112
3 0.2931 0.6156 0.0050 0.0125
3 0.2875 0.6172 0.0063 0.0125
3 0.2806 0.6181 0.0050 0.0112
3 0.2750 0.6159 0.0063 0.0100
3 0.2687 0.6166 0.0063 0.0112
3 0.2634 0.6156 0.0050 0.0125
3 0.3375 0.6141 0.0063 0.0125
3 0.3531 0.6162 0.0063 0.0138
3 0.3603 0.6162 0.0050 0.0138
3 0.3644 0.6156 0.0037 0.0125
3 0.3697 0.6156 0.0050 0.0125
3 0.2572 0.6156 0.0050 0.0125
3 0.2500 0.6172 0.0063 0.0125
3 0.2337 0.6172 0.0050 0.0125
3 0.2334 0.5900 0.0075 0.0112
3 0.2266 0.6156 0.0063 0.0125
3 0.2203 0.6166 0.0063 0.0112
3 0.2109 0.6156 0.0063 0.0125
3 0.2031 0.6169 0.0063 0.0087
3 0.1978 0.6156 0.0050 0.0125
3 0.1906 0.6156 0.0063 0.0125
3 0.1916 0.5884 0.0050 0.0112
3 0.1922 0.5744 0.0063 0.0112
3 0.1984 0.5750 0.0063 0.0125
3 0.1972 0.5884 0.0037 0.0112
3 0.2103 0.5900 0.0050 0.0112
3 0.2156 0.5894 0.0063 0.0100
3 0.2213 0.5894 0.0050 0.0100
3 0.2272 0.5906 0.0075 0.0125
3 0.3031 0.7416 0.0063 0.0112
3 0.2969 0.7400 0.0063 0.0112
3 0.2916 0.7400 0.0050 0.0112
3 0.2041 0.3225 0.0112 0.0075
3 0.1741 0.2263 0.0138 0.0087
3 0.1750 0.2325 0.0125 0.0087
3 0.1775 0.2381 0.0112 0.0075
3 0.1781 0.2428 0.0125 0.0075
3 0.1791 0.2491 0.0112 0.0075
3 0.1831 0.2538 0.0100 0.0075
3 0.1837 0.2584 0.0112 0.0075
3 0.1862 0.2653 0.0100 0.0087
3 0.1884 0.2716 0.0112 0.0087
3 0.1903 0.2762 0.0087 0.0087
3 0.1944 0.2888 0.0138 0.0087
3 0.1994 0.3053 0.0112 0.0075
3 0.2031 0.3163 0.0125 0.0075
3 0.1956 0.3006 0.0100 0.0075
3 0.2066 0.3287 0.0100 0.0075
3 0.2119 0.3837 0.0050 0.0112
3 0.2081 0.3334 0.0100 0.0075
3 0.2237 0.2991 0.0100 0.0075
3 0.2213 0.2934 0.0112 0.0087
3 0.2197 0.2859 0.0112 0.0063
3 0.2188 0.2803 0.0125 0.0075
3 0.2166 0.2750 0.0112 0.0063
3 0.2084 0.2456 0.0138 0.0100
3 0.2044 0.2403 0.0150 0.0087
3 0.2116 0.2566 0.0138 0.0100
3 0.2125 0.2638 0.0125 0.0087
3 0.2944 0.2906 0.0075 0.0125
3 0.3006 0.2938 0.0075 0.0125
3 0.2313 0.3187 0.0125 0.0063
3 0.2087 0.3381 0.0112 0.0075
3 0.2181 0.3837 0.0050 0.0112
3 0.2062 0.3828 0.0063 0.0125
3 0.2156 0.3506 0.0125 0.0075
3 0.0194 0.4331 0.0138 0.0100
3 0.0175 0.4422 0.0163 0.0125
3 0.0966 0.4775 0.0150 0.0112
3 0.1931 0.3822 0.0050 0.0112
3 0.1219 0.4069 0.0125 0.0075
3 0.1212 0.4134 0.0112 0.0050
3 0.1256 0.4263 0.0138 0.0087
3 0.1294 0.4331 0.0150 0.0100
3 0.1303 0.4381 0.0138 0.0075
3 0.1341 0.4447 0.0150 0.0112
3 0.1344 0.4506 0.0125 0.0075
3 0.1416 0.4709 0.0112 0.0200
3 0.1391 0.3956 0.0063 0.0100
3 0.1450 0.3941 0.0087 0.0100
3 0.1606 0.3875 0.0087 0.0125
3 0.1672 0.3859 0.0063 0.0125
3 0.1812 0.3831 0.0063 0.0100
3 0.1869 0.3831 0.0050 0.0100
3 0.2119 0.3444 0.0112 0.0075
3 0.2150 0.3563 0.0112 0.0063
3 0.2859 0.7406 0.0063 0.0125
3 0.1931 0.4656 0.0050 0.0125
3 0.1969 0.4100 0.0063 0.0138
3 0.1906 0.4103 0.0063 0.0112
3 0.1634 0.4509 0.0050 0.0112
3 0.1750 0.4519 0.0063 0.0100
3 0.1812 0.4519 0.0063 0.0100
3 0.1931 0.4525 0.0050 0.0112
3 0.2000 0.4513 0.0063 0.0087
3 0.2056 0.4509 0.0050 0.0112
3 0.2116 0.4509 0.0075 0.0112
3 0.2181 0.4519 0.0050 0.0100
3 0.2306 0.4531 0.0050 0.0125
3 0.1750 0.4656 0.0063 0.0125
3 0.1812 0.4656 0.0063 0.0125
3 0.1869 0.4662 0.0050 0.0138
3 0.2062 0.4647 0.0063 0.0138
3 0.2094 0.4119 0.0063 0.0112
3 0.2116 0.4637 0.0075 0.0150
3 0.2172 0.4653 0.0063 0.0150
3 0.2228 0.4656 0.0050 0.0125
3 0.2359 0.4650 0.0063 0.0112
3 0.2422 0.4666 0.0063 0.0112
3 0.1831 0.9781 0.0100 0.0125
3 0.1684 0.9509 0.0087 0.0112
3 0.2162 0.9744 0.0075 0.0112
3 0.1916 0.8259 0.0050 0.0112
3 0.1994 0.8253 0.0050 0.0100
3 0.2047 0.8244 0.0063 0.0112
3 0.1922 0.8003 0.0063 0.0100
3 0.3187 0.7781 0.0063 0.0125
3 0.2600 0.7400 0.0075 0.0112
3 0.2031 0.4109 0.0063 0.0125
3 0.2162 0.4119 0.0075 0.0112
3 0.2156 0.3625 0.0125 0.0063
3 0.3291 0.3712 0.0050 0.0112
3 0.2156 0.3681 0.0125 0.0050
3 0.2881 0.3619 0.0075 0.0112
3 0.2719 0.3231 0.0125 0.0087
3 0.2953 0.3353 0.0063 0.0112
3 0.3006 0.3394 0.0075 0.0100
3 0.3069 0.3394 0.0075 0.0100
3 0.3138 0.3409 0.0087 0.0100
3 0.3303 0.3469 0.0075 0.0125
3 0.3362 0.3475 0.0100 0.0138
3 0.2981 0.3647 0.0087 0.0138
3 0.3044 0.3650 0.0087 0.0112
3 0.3100 0.3678 0.0075 0.0138
3 0.3147 0.3681 0.0075 0.0112
3 0.3209 0.3694 0.0075 0.0138
3 0.3341 0.3741 0.0087 0.0138
3 0.2213 0.4116 0.0050 0.0138
3 0.3438 0.3781 0.0063 0.0125
3 0.3506 0.3781 0.0075 0.0125
3 0.3569 0.3803 0.0075 0.0138
3 0.1519 0.4203 0.0100 0.0125
3 0.1581 0.4181 0.0100 0.0112
3 0.1644 0.4166 0.0100 0.0112
3 0.1694 0.4156 0.0075 0.0125
3 0.1672 0.4297 0.0125 0.0063
3 0.1791 0.4234 0.0050 0.0125
3 0.1844 0.4244 0.0063 0.0112
3 0.1906 0.4234 0.0063 0.0125
3 0.2016 0.4241 0.0063 0.0138
3 0.2078 0.4241 0.0063 0.0138
3 0.2150 0.4225 0.0050 0.0138
3 0.2572 0.5759 0.0050 0.0112
3 0.2634 0.5759 0.0050 0.0112
3 0.2687 0.5766 0.0063 0.0125
3 0.4516 0.4813 0.0125 0.0063
3 0.3072 0.4672 0.0050 0.0125
3 0.3131 0.4672 0.0075 0.0125
3 0.3244 0.4672 0.0050 0.0125
3 0.3306 0.4666 0.0050 0.0112
3 0.3553 0.4688 0.0075 0.0125
3 0.3666 0.4681 0.0050 0.0112
3 0.3728 0.4666 0.0050 0.0112
3 0.3828 0.4697 0.0063 0.0112
3 0.3906 0.4703 0.0063 0.0125
3 0.4031 0.4691 0.0063 0.0100
3 0.4141 0.4681 0.0063 0.0112
3 0.4203 0.4681 0.0063 0.0112
3 0.4266 0.4681 0.0063 0.0112
3 0.4531 0.4875 0.0125 0.0063
3 0.4516 0.4766 0.0125 0.0063
3 0.2891 0.4666 0.0063 0.0112
3 0.4525 0.4713 0.0112 0.0050
3 0.4531 0.4666 0.0125 0.0050
3 0.4531 0.4619 0.0125 0.0050
3 0.4525 0.4556 0.0112 0.0050
3 0.4531 0.4500 0.0125 0.0063
3 0.2641 0.4519 0.0063 0.0100
3 0.2725 0.4525 0.0075 0.0112
3 0.2784 0.4534 0.0037 0.0100
3 0.2844 0.4531 0.0063 0.0125
3 0.3006 0.4525 0.0075 0.0112
3 0.3125 0.4531 0.0063 0.0125
3 0.3187 0.4531 0.0063 0.0125
3 0.3244 0.4531 0.0050 0.0125
3 0.3312 0.4534 0.0063 0.0100
3 0.2944 0.4666 0.0075 0.0112
3 0.2838 0.4656 0.0050 0.0125
3 0.3438 0.4550 0.0063 0.0100
3 0.2578 0.4944 0.0063 0.0138
3 0.4056 0.4963 0.0050 0.0112
3 0.4000 0.4963 0.0063 0.0112
3 0.3922 0.4963 0.0063 0.0112
3 0.3712 0.4963 0.0050 0.0112
3 0.3641 0.4947 0.0063 0.0112
3 0.1938 0.4938 0.0063 0.0125
3 0.1991 0.4938 0.0075 0.0125
3 0.2056 0.4953 0.0050 0.0125
3 0.2116 0.4928 0.0075 0.0138
3 0.2225 0.4931 0.0075 0.0112
3 0.2297 0.4938 0.0063 0.0125
3 0.2353 0.4938 0.0050 0.0125
3 0.2413 0.4947 0.0075 0.0112
3 0.2509 0.4938 0.0050 0.0125
3 0.2641 0.4953 0.0063 0.0125
3 0.2781 0.4662 0.0063 0.0138
3 0.2687 0.4944 0.0063 0.0138
3 0.2756 0.4953 0.0075 0.0125
3 0.2838 0.4947 0.0050 0.0112
3 0.2906 0.4956 0.0063 0.0100
3 0.2984 0.4947 0.0063 0.0112
3 0.3109 0.4947 0.0063 0.0112
3 0.3187 0.4956 0.0063 0.0100
3 0.3256 0.4947 0.0075 0.0112
3 0.3322 0.4956 0.0050 0.0100
3 0.3400 0.4963 0.0050 0.0112
3 0.3541 0.4963 0.0050 0.0112
3 0.2538 0.4666 0.0075 0.0112
3 0.2647 0.4656 0.0075 0.0125
3 0.2719 0.4656 0.0063 0.0125
3 0.3375 0.4550 0.0063 0.0100
3 0.3500 0.4556 0.0063 0.0112
3 0.4150 0.5103 0.0050 0.0112
3 0.6850 0.7300 0.0075 0.0100
3 0.5641 0.9400 0.0125 0.0112
3 0.5681 0.9322 0.0112 0.0112
3 0.5725 0.9216 0.0138 0.0087
3 0.5741 0.9113 0.0138 0.0100
3 0.5787 0.9050 0.0138 0.0100
3 0.5912 0.8841 0.0138 0.0087
3 0.5919 0.8784 0.0150 0.0100
3 0.5981 0.8659 0.0150 0.0100
3 0.5606 0.8847 0.0150 0.0100
3 0.5628 0.8784 0.0163 0.0100
3 0.5662 0.8731 0.0138 0.0087
3 0.5719 0.8581 0.0125 0.0100
3 0.5747 0.8519 0.0150 0.0100
3 0.5516 0.9066 0.0125 0.0100
3 0.6819 0.7156 0.0075 0.0125
3 0.3641 0.3531 0.0125 0.0125
3 0.5459 0.5100 0.0075 0.0138
3 0.5428 0.3206 0.0138 0.0100
3 0.5341 0.3156 0.0087 0.0063
3 0.5394 0.2963 0.0163 0.0112
3 0.5847 0.2797 0.0100 0.0125
3 0.5800 0.2938 0.0100 0.0125
3 0.5478 0.2816 0.0112 0.0100
3 0.5622 0.2653 0.0212 0.0150
3 0.5572 0.2578 0.0238 0.0125
3 0.6781 0.1844 0.0125 0.0125
3 0.6937 0.1641 0.0125 0.0125
3 0.7866 0.0844 0.0138 0.0125
3 0.7547 0.9606 0.0125 0.0087
3 0.5613 0.9459 0.0100 0.0075
3 0.4644 0.3900 0.0100 0.0050
3 0.3553 0.4553 0.0075 0.0138
3 0.3197 0.4253 0.0050 0.0100
3 0.3719 0.4556 0.0063 0.0112
3 0.3803 0.4553 0.0075 0.0138
3 0.3912 0.4550 0.0075 0.0100
3 0.3969 0.4566 0.0063 0.0100
3 0.4022 0.4556 0.0075 0.0112
3 0.4194 0.4572 0.0075 0.0112
3 0.2509 0.4266 0.0050 0.0125
3 0.2659 0.4266 0.0037 0.0125
3 0.2709 0.4256 0.0075 0.0138
3 0.2781 0.4250 0.0063 0.0125
3 0.2844 0.4256 0.0063 0.0138
3 0.2959 0.4256 0.0075 0.0138
3 0.3069 0.4250 0.0075 0.0125
3 0.3141 0.4250 0.0063 0.0125
3 0.3244 0.4259 0.0050 0.0112
3 0.3794 0.3884 0.0087 0.0112
3 0.3312 0.4266 0.0063 0.0125
3 0.3375 0.4275 0.0063 0.0112
3 0.3569 0.4275 0.0075 0.0112
3 0.3678 0.4281 0.0075 0.0125
3 0.3791 0.4266 0.0050 0.0125
3 0.3850 0.4281 0.0075 0.0125
3 0.3916 0.4275 0.0050 0.0112
3 0.3969 0.4287 0.0063 0.0138
3 0.4031 0.4291 0.0063 0.0112
3 0.4088 0.4287 0.0050 0.0138
3 0.4156 0.4291 0.0063 0.0112
3 0.4219 0.4281 0.0063 0.0125
3 0.4272 0.4281 0.0075 0.0125
3 0.3625 0.3834 0.0063 0.0138
3 0.4181 0.4969 0.0050 0.0125
3 0.4094 0.5103 0.0063 0.0112
3 0.2750 0.5759 0.0063 0.0112
3 0.3541 0.5519 0.0050 0.0100
3 0.2697 0.5494 0.0050 0.0112
3 0.2750 0.5484 0.0063 0.0125
3 0.2812 0.5500 0.0063 0.0125
3 0.2869 0.5509 0.0050 0.0112
3 0.2938 0.5500 0.0063 0.0125
3 0.3000 0.5509 0.0063 0.0112
3 0.3056 0.5513 0.0050 0.0087
3 0.3119 0.5503 0.0050 0.0100
3 0.3181 0.5509 0.0050 0.0112
3 0.3244 0.5506 0.0050 0.0138
3 0.3297 0.5525 0.0063 0.0112
3 0.3353 0.5516 0.0050 0.0125
3 0.3406 0.5509 0.0063 0.0112
3 0.3469 0.5509 0.0063 0.0112
3 0.3634 0.5516 0.0050 0.0125
3 0.2578 0.5500 0.0063 0.0125
3 0.3697 0.5509 0.0050 0.0112
3 0.3756 0.5519 0.0075 0.0100
3 0.3828 0.5509 0.0063 0.0112
3 0.3875 0.5516 0.0063 0.0125
3 0.3937 0.5516 0.0063 0.0125
3 0.4000 0.5509 0.0063 0.0112
3 0.4125 0.5522 0.0063 0.0138
3 0.4188 0.5516 0.0063 0.0125
3 0.4250 0.5525 0.0063 0.0112
3 0.4125 0.5375 0.0063 0.0125
3 0.4056 0.5375 0.0050 0.0125
3 0.4494 0.5556 0.0112 0.0050
3 0.4494 0.5503 0.0112 0.0037
3 0.4516 0.5250 0.0125 0.0063
3 0.2634 0.5484 0.0050 0.0125
3 0.2516 0.5500 0.0063 0.0125
3 0.1931 0.5338 0.0050 0.0112
3 0.3728 0.5781 0.0050 0.0125
3 0.2806 0.5769 0.0050 0.0100
3 0.2875 0.5775 0.0063 0.0112
3 0.2938 0.5766 0.0063 0.0125
3 0.3000 0.5775 0.0063 0.0112
3 0.3063 0.5772 0.0063 0.0138
3 0.3119 0.5781 0.0050 0.0125
3 0.3325 0.5687 0.0087 0.0125
3 0.4178 0.5775 0.0075 0.0112
3 0.4088 0.5766 0.0050 0.0125
3 0.4031 0.5769 0.0063 0.0100
3 0.3975 0.5766 0.0075 0.0125
3 0.3922 0.5775 0.0063 0.0112
3 0.3806 0.5781 0.0050 0.0125
3 0.3759 0.5775 0.0050 0.0112
3 0.3391 0.5781 0.0063 0.0125
3 0.2406 0.5494 0.0063 0.0112
3 0.3438 0.5781 0.0063 0.0125
3 0.3500 0.5787 0.0063 0.0138
3 0.3550 0.5775 0.0037 0.0112
3 0.3656 0.5775 0.0063 0.0112
3 0.3603 0.5772 0.0050 0.0138
3 0.4484 0.5625 0.0125 0.0063
3 0.1931 0.5472 0.0050 0.0100
3 0.1984 0.5472 0.0063 0.0100
3 0.2047 0.5478 0.0063 0.0112
3 0.2094 0.5484 0.0063 0.0125
3 0.2156 0.5487 0.0063 0.0100
3 0.2219 0.5487 0.0063 0.0100
3 0.2281 0.5494 0.0063 0.0112
3 0.2344 0.5500 0.0063 0.0125
3 0.4516 0.5306 0.0125 0.0050
3 0.1984 0.5344 0.0063 0.0125
3 0.4031 0.5109 0.0063 0.0125
3 0.2931 0.5072 0.0050 0.0112
3 0.2062 0.5072 0.0063 0.0112
3 0.2125 0.5081 0.0063 0.0100
3 0.2172 0.5078 0.0063 0.0125
3 0.2228 0.5072 0.0050 0.0112
3 0.2291 0.5056 0.0050 0.0112
3 0.2337 0.5072 0.0050 0.0112
3 0.2419 0.5072 0.0087 0.0112
3 0.2500 0.5078 0.0063 0.0125
3 0.2578 0.5084 0.0063 0.0138
3 0.2641 0.5094 0.0063 0.0125
3 0.2697 0.5094 0.0050 0.0125
3 0.2766 0.5081 0.0063 0.0100
3 0.2812 0.5078 0.0063 0.0125
3 0.2884 0.5072 0.0050 0.0112
3 0.2994 0.5072 0.0050 0.0112
3 0.1938 0.5062 0.0063 0.0125
3 0.3056 0.5088 0.0050 0.0112
3 0.3109 0.5081 0.0063 0.0100
3 0.3181 0.5081 0.0050 0.0100
3 0.3244 0.5078 0.0050 0.0125
3 0.3312 0.5088 0.0063 0.0112
3 0.3369 0.5094 0.0050 0.0125
3 0.3422 0.5094 0.0063 0.0125
3 0.3547 0.5088 0.0063 0.0112
3 0.3712 0.5097 0.0050 0.0100
3 0.3634 0.5081 0.0050 0.0100
3 0.3781 0.5097 0.0063 0.0100
3 0.3844 0.5097 0.0063 0.0100
3 0.3912 0.5094 0.0075 0.0125
3 0.3978 0.5094 0.0050 0.0125
3 0.2000 0.5072 0.0063 0.0112
3 0.4000 0.5384 0.0063 0.0112
3 0.2047 0.5344 0.0063 0.0125
3 0.2994 0.5369 0.0050 0.0112
3 0.2109 0.5344 0.0063 0.0125
3 0.2166 0.5347 0.0050 0.0100
3 0.2234 0.5353 0.0063 0.0112
3 0.2297 0.5338 0.0063 0.0112
3 0.2359 0.5344 0.0063 0.0125
3 0.2422 0.5338 0.0063 0.0112
3 0.2500 0.5338 0.0063 0.0112
3 0.2562 0.5350 0.0063 0.0138
3 0.2641 0.5338 0.0063 0.0112
3 0.2703 0.5347 0.0063 0.0100
3 0.2759 0.5353 0.0050 0.0112
3 0.2822 0.5344 0.0050 0.0125
3 0.2891 0.5344 0.0063 0.0125
3 0.2938 0.5369 0.0063 0.0112
3 0.3063 0.5369 0.0063 0.0112
3 0.3962 0.5384 0.0050 0.0112
3 0.3125 0.5369 0.0063 0.0112
3 0.3187 0.5369 0.0063 0.0112
3 0.3244 0.5359 0.0050 0.0125
3 0.3312 0.5353 0.0063 0.0112
3 0.3375 0.5363 0.0063 0.0100
3 0.3422 0.5347 0.0063 0.0100
3 0.3488 0.5353 0.0037 0.0112
3 0.3541 0.5347 0.0050 0.0100
3 0.3647 0.5353 0.0075 0.0112
3 0.4062 0.5500 0.0063 0.0125
3 0.3709 0.5359 0.0075 0.0125
3 0.3775 0.5353 0.0050 0.0112
3 0.3837 0.5363 0.0050 0.0100
3 0.3906 0.5359 0.0063 0.0125
