3 0.1253 0.1684 0.0225 0.0150
3 0.0081 0.2100 0.0100 0.0263
3 0.2900 0.2209 0.0112 0.0263
3 0.2775 0.2206 0.0112 0.0287
3 0.0228 0.2156 0.0112 0.0250
3 0.2656 0.2166 0.0125 0.0238
3 0.2531 0.2162 0.0125 0.0263
3 0.2406 0.2159 0.0125 0.0225
3 0.2256 0.2162 0.0138 0.0263
3 0.1659 0.4125 0.0225 0.0125
3 0.1669 0.4391 0.0212 0.0125
3 0.1075 0.0925 0.0275 0.0163
3 0.1275 0.2194 0.0112 0.0263
3 0.1134 0.2150 0.0112 0.0300
3 0.1206 0.1956 0.0225 0.0100
3 0.0525 0.1953 0.0238 0.0125
3 0.0525 0.1831 0.0238 0.0100
3 0.0491 0.2144 0.0138 0.0225
3 0.0353 0.2125 0.0112 0.0250
