3 0.3994 0.6422 0.0300 0.0125
3 0.3972 0.6172 0.0350 0.0125
3 0.3994 0.6028 0.0300 0.0150
3 0.3994 0.5709 0.0300 0.0138
3 0.3444 0.5203 0.0263 0.0125
3 0.2487 0.6359 0.0287 0.0125
3 0.3047 0.6578 0.0312 0.0125
3 0.3059 0.6459 0.0275 0.0138
3 0.3050 0.6303 0.0287 0.0138
3 0.3063 0.6203 0.0250 0.0125
3 0.3412 0.6203 0.0263 0.0125
3 0.3416 0.6053 0.0300 0.0138
3 0.3044 0.6056 0.0275 0.0112
3 0.2513 0.5625 0.0275 0.0125
3 0.3400 0.5731 0.0300 0.0150
3 0.3050 0.5700 0.0287 0.0150
3 0.2462 0.6234 0.0300 0.0125
3 0.2478 0.6047 0.0238 0.0125
3 0.2516 0.5775 0.0250 0.0112
3 0.4056 0.5162 0.0238 0.0138
3 0.4012 0.4766 0.0338 0.0125
3 0.2481 0.2178 0.0150 0.0263
3 0.2216 0.1663 0.0150 0.0263
3 0.2863 0.9969 0.0287 0.0063
3 0.3953 0.6303 0.0312 0.0138
3 0.3962 0.6553 0.0238 0.0138
3 0.3959 0.6687 0.0263 0.0125
3 0.2350 0.8256 0.0263 0.0138
3 0.2375 0.8125 0.0250 0.0125
3 0.2384 0.7897 0.0238 0.0138
3 0.2400 0.7766 0.0238 0.0125
3 0.2400 0.7644 0.0238 0.0100
3 0.2391 0.7509 0.0250 0.0112
3 0.2397 0.7384 0.0263 0.0112
3 0.2394 0.7244 0.0287 0.0175
3 0.2406 0.7109 0.0250 0.0125
3 0.2453 0.6991 0.0250 0.0138
3 0.2444 0.6766 0.0263 0.0125
3 0.2453 0.6622 0.0250 0.0150
3 0.2441 0.6500 0.0225 0.0125
3 0.3397 0.6591 0.0263 0.0150
3 0.3381 0.6459 0.0263 0.0138
3 0.3362 0.6319 0.0287 0.0138
3 0.3922 0.7725 0.0312 0.0138
3 0.3934 0.7584 0.0275 0.0138
3 0.3925 0.7466 0.0287 0.0150
3 0.3922 0.7306 0.0375 0.0175
3 0.3934 0.7172 0.0275 0.0125
3 0.3953 0.7031 0.0250 0.0125
3 0.3944 0.6825 0.0325 0.0150
3 0.3469 0.5347 0.0250 0.0163
3 0.3428 0.5487 0.0263 0.0163
3 0.2500 0.5481 0.0312 0.0150
3 0.4003 0.5828 0.0287 0.0125
3 0.3991 0.5600 0.0325 0.0138
3 0.3091 0.5934 0.0275 0.0150
3 0.3431 0.5941 0.0300 0.0163
3 0.4025 0.5437 0.0238 0.0125
3 0.3422 0.5603 0.0250 0.0175
3 0.3106 0.5309 0.0275 0.0150
3 0.3075 0.5569 0.0275 0.0138
3 0.2506 0.5225 0.0263 0.0138
3 0.2528 0.5100 0.0275 0.0138
3 0.2506 0.4975 0.0263 0.0138
3 0.4497 0.8100 0.0150 0.0512
3 0.4834 0.6912 0.0200 0.0387
3 0.4562 0.6381 0.0187 0.0325
3 0.4575 0.5269 0.0150 0.0350
3 0.4056 0.5312 0.0300 0.0125
3 0.3169 0.4434 0.0150 0.0338
3 0.2350 0.8375 0.0263 0.0125
3 0.2344 0.8506 0.0250 0.0138
3 0.2356 0.8634 0.0275 0.0112
3 0.2872 0.9844 0.0275 0.0125
3 0.3209 0.9856 0.0263 0.0150
3 0.3219 0.9959 0.0250 0.0075
3 0.3831 0.9894 0.0225 0.0100
3 0.3819 0.9988 0.0263 0.0037
3 0.2350 0.8791 0.0325 0.0175
3 0.3006 0.7469 0.0263 0.0125
3 0.2978 0.7594 0.0300 0.0125
3 0.2956 0.7734 0.0287 0.0125
3 0.2994 0.7891 0.0238 0.0125
3 0.3006 0.8094 0.0263 0.0125
3 0.2966 0.8219 0.0275 0.0125
3 0.2953 0.8341 0.0250 0.0150
3 0.2938 0.8463 0.0312 0.0112
3 0.2919 0.8606 0.0338 0.0150
3 0.2944 0.8744 0.0263 0.0112
3 0.2922 0.8872 0.0312 0.0150
3 0.2919 0.9009 0.0275 0.0112
3 0.2906 0.9147 0.0312 0.0138
3 0.3875 0.9109 0.0250 0.0125
3 0.3856 0.8988 0.0275 0.0163
3 0.3878 0.8850 0.0287 0.0138
3 0.3878 0.8709 0.0287 0.0138
3 0.3900 0.8600 0.0238 0.0138
3 0.3888 0.8453 0.0338 0.0125
3 0.3916 0.8325 0.0300 0.0150
3 0.3912 0.8169 0.0263 0.0150
3 0.3941 0.7984 0.0225 0.0125
3 0.3919 0.7847 0.0275 0.0100
3 0.3003 0.7350 0.0287 0.0138
3 0.3353 0.7344 0.0300 0.0125
3 0.3359 0.7491 0.0312 0.0138
3 0.4278 0.9109 0.0275 0.0250
3 0.3275 0.9150 0.0238 0.0112
3 0.3341 0.7612 0.0338 0.0163
3 0.3263 0.9037 0.0212 0.0138
3 0.3275 0.8900 0.0238 0.0112
3 0.3284 0.8766 0.0287 0.0125
3 0.3331 0.8647 0.0225 0.0138
3 0.3306 0.8491 0.0238 0.0138
3 0.3294 0.8359 0.0275 0.0125
3 0.3306 0.8234 0.0238 0.0125
3 0.3281 0.8100 0.0250 0.0138
3 0.3328 0.7897 0.0250 0.0138
3 0.3350 0.7759 0.0263 0.0112
