3 0.5556 0.7881 0.0112 0.0138
3 0.5862 0.8072 0.0100 0.0112
3 0.5894 0.8109 0.0100 0.0125
3 0.5956 0.8156 0.0100 0.0125
3 0.6003 0.8178 0.0100 0.0138
3 0.6144 0.8300 0.0100 0.0163
3 0.5644 0.8272 0.0100 0.0138
3 0.5597 0.8241 0.0100 0.0138
3 0.5556 0.8209 0.0112 0.0138
3 0.5513 0.8181 0.0087 0.0112
3 0.5469 0.8169 0.0125 0.0150
3 0.5406 0.8122 0.0125 0.0150
3 0.5359 0.8100 0.0125 0.0138
3 0.5312 0.8037 0.0125 0.0138
3 0.5266 0.8022 0.0125 0.0138
3 0.5212 0.7978 0.0112 0.0112
3 0.5150 0.7944 0.0112 0.0138
3 0.5100 0.7919 0.0138 0.0150
3 0.5797 0.8037 0.0125 0.0138
3 0.5525 0.7844 0.0112 0.0125
3 0.5478 0.7812 0.0112 0.0125
3 0.5766 0.7491 0.0125 0.0138
3 0.6188 0.7787 0.0125 0.0138
3 0.6125 0.7756 0.0125 0.0138
3 0.5297 0.7531 0.0125 0.0125
3 0.5225 0.7647 0.0138 0.0138
3 0.5275 0.7666 0.0112 0.0112
3 0.5303 0.7703 0.0138 0.0125
3 0.5397 0.7594 0.0138 0.0125
3 0.5447 0.7625 0.0112 0.0125
3 0.5500 0.7662 0.0125 0.0138
3 0.5616 0.7766 0.0138 0.0125
3 0.5687 0.7794 0.0125 0.0150
3 0.5834 0.7881 0.0138 0.0138
3 0.5891 0.7913 0.0125 0.0138
3 0.5556 0.7678 0.0112 0.0138
3 0.5369 0.7734 0.0112 0.0125
3 0.5416 0.7772 0.0112 0.0138
3 0.5062 0.7881 0.0125 0.0138
3 0.5088 0.8059 0.0112 0.0150
3 0.5150 0.8109 0.0112 0.0125
3 0.5181 0.8134 0.0112 0.0112
3 0.4738 0.8150 0.0100 0.0112
3 0.4781 0.8178 0.0125 0.0138
3 0.4828 0.8219 0.0125 0.0125
3 0.4884 0.8259 0.0112 0.0112
3 0.4931 0.8281 0.0112 0.0125
3 0.4978 0.8344 0.0112 0.0125
3 0.5569 0.8725 0.0138 0.0138
3 0.5719 0.8787 0.0125 0.0138
3 0.5769 0.8844 0.0100 0.0125
3 0.6709 0.8234 0.0138 0.0125
3 0.6669 0.8297 0.0150 0.0125
3 0.6603 0.8387 0.0112 0.0087
3 0.6562 0.8494 0.0125 0.0112
3 0.6409 0.8669 0.0163 0.0150
3 0.6359 0.8753 0.0187 0.0163
3 0.6319 0.8838 0.0200 0.0175
3 0.6275 0.8897 0.0175 0.0138
3 0.4703 0.8134 0.0063 0.0112
3 0.4644 0.8078 0.0100 0.0125
3 0.4572 0.7956 0.0112 0.0100
3 0.5956 0.8469 0.0100 0.0125
3 0.5244 0.8150 0.0112 0.0112
3 0.5275 0.8181 0.0112 0.0112
3 0.5681 0.8297 0.0112 0.0125
3 0.5744 0.8337 0.0112 0.0112
3 0.5791 0.8363 0.0112 0.0100
3 0.5837 0.8406 0.0112 0.0125
3 0.5900 0.8422 0.0112 0.0125
3 0.6088 0.8562 0.0112 0.0125
3 0.4588 0.7900 0.0112 0.0112
3 0.5388 0.8275 0.0087 0.0112
3 0.5338 0.8219 0.0112 0.0125
3 0.5281 0.8497 0.0125 0.0150
3 0.5581 0.8406 0.0100 0.0125
3 0.4703 0.7766 0.0125 0.0125
3 0.4659 0.7812 0.0100 0.0125
3 0.4628 0.7847 0.0100 0.0100
3 0.5687 0.7475 0.0125 0.0138
3 0.5556 0.7350 0.0112 0.0138
3 0.5656 0.7438 0.0125 0.0125
3 0.6362 0.6406 0.0100 0.0125
3 0.6331 0.4656 0.0100 0.0125
3 0.6534 0.4781 0.0100 0.0125
3 0.5338 0.4000 0.0112 0.0125
3 0.5309 0.4291 0.0087 0.0112
3 0.5759 0.4316 0.0112 0.0100
3 0.5922 0.5331 0.0125 0.0100
3 0.5616 0.5156 0.0138 0.0125
3 0.7122 0.6713 0.0087 0.0112
3 0.6603 0.6391 0.0112 0.0125
3 0.6134 0.6241 0.0112 0.0138
3 0.6213 0.6312 0.0112 0.0125
3 0.6275 0.6344 0.0112 0.0125
3 0.6325 0.6384 0.0087 0.0112
3 0.6456 0.6291 0.0100 0.0112
3 0.5522 0.7334 0.0138 0.0138
3 0.6394 0.6253 0.0100 0.0100
3 0.6144 0.6784 0.0100 0.0100
3 0.5188 0.6953 0.0125 0.0125
3 0.5212 0.6887 0.0112 0.0087
3 0.5256 0.6853 0.0138 0.0112
3 0.5100 0.7087 0.0138 0.0112
3 0.5062 0.7137 0.0125 0.0087
3 0.5016 0.7191 0.0125 0.0100
3 0.4969 0.7238 0.0125 0.0100
3 0.4975 0.7300 0.0138 0.0100
3 0.4922 0.7350 0.0125 0.0138
3 0.4894 0.7394 0.0100 0.0100
3 0.5934 0.6959 0.0087 0.0138
3 0.5978 0.6994 0.0112 0.0112
3 0.5984 0.7466 0.0125 0.0150
3 0.5922 0.7412 0.0125 0.0138
3 0.5781 0.7344 0.0125 0.0125
3 0.5475 0.7300 0.0138 0.0163
3 0.6028 0.6703 0.0087 0.0125
3 0.5981 0.6666 0.0087 0.0112
3 0.5894 0.6594 0.0100 0.0125
3 0.5750 0.6081 0.0125 0.0100
3 0.6347 0.6213 0.0100 0.0112
3 0.6291 0.6197 0.0112 0.0112
3 0.6238 0.6159 0.0100 0.0100
3 0.6191 0.6134 0.0100 0.0112
3 0.5850 0.5956 0.0138 0.0100
3 0.5828 0.6003 0.0125 0.0100
3 0.5766 0.6028 0.0125 0.0087
3 0.5719 0.6138 0.0125 0.0087
3 0.5837 0.6562 0.0112 0.0125
3 0.5656 0.6247 0.0125 0.0087
3 0.5634 0.6294 0.0112 0.0087
3 0.5588 0.6341 0.0112 0.0087
3 0.6266 0.6684 0.0125 0.0150
3 0.6206 0.6650 0.0100 0.0112
3 0.6159 0.6609 0.0100 0.0125
3 0.6112 0.6578 0.0100 0.0125
3 0.6175 0.9003 0.0225 0.0163
3 0.0494 0.6481 0.0112 0.0150
3 0.3234 0.2275 0.0063 0.0112
3 0.1181 0.0225 0.0112 0.0138
3 0.2469 0.0622 0.0063 0.0087
3 0.2494 0.0853 0.0050 0.0112
3 0.2634 0.0772 0.0112 0.0075
3 0.2650 0.0656 0.0112 0.0063
3 0.2656 0.0600 0.0125 0.0075
3 0.2253 0.0391 0.0037 0.0125
3 0.2712 0.0034 0.0112 0.0037
3 0.1444 0.0059 0.0075 0.0087
3 0.1378 0.0078 0.0100 0.0125
3 0.1263 0.0150 0.0087 0.0112
3 0.2188 0.0406 0.0063 0.0125
3 0.2147 0.0400 0.0075 0.0112
3 0.2084 0.0400 0.0075 0.0112
3 0.0750 0.0697 0.0125 0.0050
3 0.0803 0.1078 0.0138 0.0063
3 0.0803 0.1025 0.0138 0.0050
3 0.0797 0.0953 0.0125 0.0063
3 0.0784 0.0906 0.0100 0.0063
3 0.0781 0.0850 0.0125 0.0075
3 0.0759 0.0806 0.0112 0.0050
3 0.0759 0.0744 0.0112 0.0050
3 0.0462 0.0725 0.0112 0.0075
3 0.2047 0.0431 0.0063 0.0112
3 0.0537 0.0900 0.0075 0.0112
3 0.0494 0.0781 0.0112 0.0063
3 0.2453 0.1103 0.0063 0.0112
3 0.2041 0.0928 0.0112 0.0075
3 0.2031 0.0866 0.0125 0.0075
3 0.1981 0.0437 0.0087 0.0125
3 0.1228 0.0187 0.0112 0.0125
3 0.0938 0.0078 0.0125 0.0125
3 0.1000 0.0641 0.0063 0.0125
3 0.0988 0.0059 0.0100 0.0087
3 0.1656 0.0194 0.0063 0.0138
3 0.0588 0.0312 0.0112 0.0125
3 0.0659 0.0284 0.0163 0.0163
3 0.1022 0.0419 0.0138 0.0087
3 0.1156 0.0387 0.0125 0.0087
3 0.1281 0.0366 0.0125 0.0075
3 0.1391 0.0281 0.0063 0.0125
3 0.1444 0.0281 0.0075 0.0125
3 0.1866 0.0163 0.0075 0.0138
3 0.2309 0.0041 0.0150 0.0050
3 0.1931 0.0181 0.0050 0.0112
3 0.2016 0.0125 0.0063 0.0125
3 0.2069 0.0116 0.0075 0.0138
3 0.2578 0.0163 0.0125 0.0075
3 0.2581 0.0212 0.0100 0.0050
3 0.2562 0.0256 0.0125 0.0075
3 0.2562 0.0312 0.0125 0.0063
3 0.0944 0.0641 0.0075 0.0125
3 0.1059 0.0609 0.0087 0.0125
3 0.3962 0.2006 0.0112 0.0075
3 0.1869 0.2084 0.0112 0.0075
3 0.2288 0.2022 0.0138 0.0075
3 0.2313 0.2125 0.0125 0.0063
3 0.2297 0.2172 0.0125 0.0063
3 0.2313 0.2234 0.0125 0.0063
3 0.2313 0.2291 0.0125 0.0050
3 0.2337 0.2337 0.0112 0.0050
3 0.1681 0.2375 0.0112 0.0063
3 0.1688 0.2422 0.0125 0.0063
3 0.1703 0.2478 0.0125 0.0050
3 0.1781 0.2178 0.0125 0.0075
3 0.1766 0.2116 0.0125 0.0075
3 0.1594 0.1981 0.0125 0.0087
3 0.1562 0.1819 0.0125 0.0075
3 0.1569 0.1872 0.0138 0.0087
3 0.1712 0.1781 0.0112 0.0063
3 0.1719 0.1834 0.0125 0.0075
3 0.1844 0.1762 0.0125 0.0087
3 0.2266 0.1975 0.0125 0.0075
3 0.2250 0.1906 0.0125 0.0063
3 0.2244 0.1850 0.0112 0.0075
3 0.2500 0.1869 0.0125 0.0050
3 0.4487 0.3050 0.0163 0.0163
3 0.4197 0.3278 0.0112 0.0087
3 0.3588 0.3094 0.0112 0.0125
3 0.4134 0.2631 0.0112 0.0075
3 0.4113 0.2525 0.0163 0.0112
3 0.2431 0.1619 0.0112 0.0050
3 0.2469 0.1725 0.0125 0.0075
3 0.2478 0.1800 0.0112 0.0037
3 0.2225 0.1750 0.0138 0.0063
3 0.2531 0.1953 0.0125 0.0063
3 0.2525 0.2031 0.0112 0.0063
3 0.2578 0.2131 0.0125 0.0075
3 0.2175 0.1516 0.0163 0.0063
3 0.2181 0.1562 0.0175 0.0063
3 0.2209 0.1634 0.0138 0.0050
3 0.2219 0.1688 0.0125 0.0063
3 0.1862 0.2031 0.0100 0.0063
3 0.1900 0.2141 0.0112 0.0063
3 0.1266 0.0578 0.0063 0.0125
3 0.1906 0.2194 0.0125 0.0075
3 0.2300 0.0853 0.0100 0.0050
3 0.2281 0.0756 0.0125 0.0075
3 0.2281 0.0703 0.0125 0.0063
3 0.2266 0.0641 0.0125 0.0063
3 0.1750 0.0759 0.0125 0.0050
3 0.1766 0.0875 0.0125 0.0063
3 0.1781 0.0925 0.0125 0.0037
3 0.1844 0.1156 0.0125 0.0063
3 0.1594 0.1241 0.0125 0.0075
3 0.1594 0.1194 0.0125 0.0075
3 0.1584 0.1131 0.0138 0.0075
3 0.1531 0.1075 0.0125 0.0087
3 0.1519 0.0953 0.0100 0.0063
3 0.1525 0.0834 0.0112 0.0075
3 0.1509 0.0747 0.0112 0.0087
3 0.1387 0.0556 0.0087 0.0112
3 0.1313 0.0581 0.0063 0.0100
3 0.2072 0.0991 0.0112 0.0075
3 0.2103 0.1087 0.0112 0.0050
3 0.2109 0.1131 0.0125 0.0075
3 0.1256 0.1756 0.0138 0.0075
3 0.1344 0.2500 0.0125 0.0063
3 0.1322 0.2381 0.0112 0.0075
3 0.1400 0.2328 0.0112 0.0063
3 0.1322 0.2062 0.0112 0.0063
3 0.1244 0.2006 0.0112 0.0075
3 0.1219 0.1913 0.0125 0.0075
3 0.1203 0.1812 0.0125 0.0063
3 0.1169 0.1725 0.0150 0.0075
3 0.2112 0.1187 0.0100 0.0063
3 0.1169 0.1669 0.0150 0.0087
3 0.4250 0.1025 0.0063 0.0112
3 0.4125 0.1009 0.0063 0.0112
3 0.1844 0.1256 0.0125 0.0075
3 0.2353 0.1156 0.0112 0.0063
3 0.2313 0.0966 0.0125 0.0087
3 0.2337 0.1119 0.0112 0.0050
3 0.9912 0.8322 0.0075 0.0112
3 0.9969 0.8313 0.0063 0.0125
3 0.9887 0.7991 0.0087 0.0138
3 0.9841 0.7975 0.0087 0.0138
3 0.9788 0.7975 0.0075 0.0138
3 0.9725 0.7963 0.0075 0.0112
3 0.9662 0.7947 0.0075 0.0112
3 0.9613 0.7937 0.0100 0.0125
3 0.9559 0.7913 0.0087 0.0138
3 0.9497 0.7906 0.0087 0.0125
3 0.9441 0.7875 0.0100 0.0125
3 0.9088 0.7397 0.0112 0.0138
3 0.9081 0.9969 0.0100 0.0063
3 0.9019 0.9956 0.0100 0.0100
3 0.8978 0.9919 0.0112 0.0150
3 0.9981 0.8031 0.0025 0.0125
3 0.9859 0.1141 0.0125 0.0125
3 0.9988 0.1284 0.0037 0.0100
3 0.9641 0.0369 0.0125 0.0112
3 0.4841 0.3956 0.0087 0.0100
3 0.1034 0.0047 0.0100 0.0063
3 0.8931 0.9891 0.0112 0.0125
3 0.8884 0.9853 0.0112 0.0112
3 0.8822 0.9844 0.0112 0.0125
3 0.7869 0.7169 0.0112 0.0087
3 0.8594 0.7019 0.0125 0.0100
3 0.8238 0.6553 0.0100 0.0138
3 0.8025 0.6706 0.0112 0.0100
3 0.7725 0.7431 0.0138 0.0112
3 0.2416 0.1547 0.0112 0.0063
3 0.7375 0.5403 0.0125 0.0087
3 0.7784 0.5031 0.0100 0.0063
3 0.8031 0.4713 0.0063 0.0112
3 0.7937 0.4697 0.0063 0.0112
3 0.7659 0.4888 0.0100 0.0087
3 0.7484 0.5212 0.0063 0.0112
3 0.7375 0.5103 0.0063 0.0112
3 0.8084 0.9338 0.0075 0.0112
3 0.7991 0.9775 0.0138 0.0112
3 0.8494 0.9950 0.0175 0.0087
