3 0.3234 0.9775 0.0063 0.0112
3 0.1181 0.7725 0.0112 0.0138
3 0.2469 0.8122 0.0063 0.0087
3 0.2494 0.8353 0.0050 0.0112
3 0.2634 0.8272 0.0112 0.0075
3 0.2650 0.8156 0.0112 0.0063
3 0.2656 0.8100 0.0125 0.0075
3 0.2253 0.7891 0.0037 0.0125
3 0.2719 0.7516 0.0125 0.0063
3 0.2712 0.7463 0.0112 0.0050
3 0.2703 0.7416 0.0125 0.0050
3 0.1109 0.6881 0.0125 0.0138
3 0.0881 0.7375 0.0138 0.0125
3 0.0944 0.7350 0.0138 0.0138
3 0.1337 0.7297 0.0112 0.0125
3 0.1275 0.7328 0.0112 0.0125
3 0.1444 0.7537 0.0075 0.0138
3 0.1378 0.7578 0.0100 0.0125
3 0.1263 0.7650 0.0087 0.0112
3 0.2188 0.7906 0.0063 0.0125
3 0.2147 0.7900 0.0075 0.0112
3 0.2084 0.7900 0.0075 0.0112
3 0.0750 0.8197 0.0125 0.0050
3 0.0803 0.8578 0.0138 0.0063
3 0.0803 0.8525 0.0138 0.0050
3 0.0797 0.8453 0.0125 0.0063
3 0.0784 0.8406 0.0100 0.0063
3 0.0781 0.8350 0.0125 0.0075
3 0.0759 0.8306 0.0112 0.0050
3 0.0759 0.8244 0.0112 0.0050
3 0.0462 0.8225 0.0112 0.0075
3 0.2047 0.7931 0.0063 0.0112
3 0.0537 0.8400 0.0075 0.0112
3 0.0494 0.8281 0.0112 0.0063
3 0.1956 0.7156 0.0100 0.0125
3 0.2453 0.8603 0.0063 0.0112
3 0.2041 0.8428 0.0112 0.0075
3 0.2031 0.8366 0.0125 0.0075
3 0.1981 0.7937 0.0087 0.0125
3 0.1228 0.7688 0.0112 0.0125
3 0.0938 0.7578 0.0125 0.0125
3 0.1000 0.8141 0.0063 0.0125
3 0.0988 0.7531 0.0100 0.0125
3 0.2294 0.7234 0.0150 0.0063
3 0.2562 0.7244 0.0125 0.0050
3 0.2519 0.6937 0.0100 0.0063
3 0.2641 0.6866 0.0125 0.0075
3 0.2519 0.6881 0.0100 0.0075
3 0.2150 0.6728 0.0112 0.0112
3 0.2472 0.6819 0.0100 0.0075
3 0.1500 0.6912 0.0125 0.0138
3 0.2041 0.6537 0.0112 0.0138
3 0.2469 0.6203 0.0063 0.0125
3 0.0469 0.5950 0.0125 0.0087
3 0.2925 0.5578 0.0100 0.0125
3 0.2572 0.5334 0.0112 0.0075
3 0.2550 0.5141 0.0100 0.0125
3 0.2300 0.7328 0.0163 0.0063
3 0.2309 0.7400 0.0150 0.0050
3 0.2303 0.7453 0.0138 0.0063
3 0.1656 0.7694 0.0063 0.0138
3 0.0588 0.7812 0.0112 0.0125
3 0.0659 0.7784 0.0163 0.0163
3 0.1022 0.7919 0.0138 0.0087
3 0.1156 0.7888 0.0125 0.0087
3 0.1281 0.7866 0.0125 0.0075
3 0.1391 0.7781 0.0063 0.0125
3 0.1444 0.7781 0.0075 0.0125
3 0.1866 0.7662 0.0075 0.0138
3 0.2309 0.7522 0.0150 0.0075
3 0.1931 0.7681 0.0050 0.0112
3 0.2016 0.7625 0.0063 0.0125
3 0.2069 0.7616 0.0075 0.0138
3 0.2578 0.7662 0.0125 0.0075
3 0.2581 0.7712 0.0100 0.0050
3 0.2562 0.7756 0.0125 0.0075
3 0.2562 0.7812 0.0125 0.0063
3 0.0944 0.8141 0.0075 0.0125
3 0.1059 0.8109 0.0087 0.0125
3 0.3962 0.9506 0.0112 0.0075
3 0.1869 0.9584 0.0112 0.0075
3 0.2288 0.9522 0.0138 0.0075
3 0.2313 0.9625 0.0125 0.0063
3 0.2297 0.9672 0.0125 0.0063
3 0.2313 0.9734 0.0125 0.0063
3 0.2313 0.9791 0.0125 0.0050
3 0.2337 0.9838 0.0112 0.0050
3 0.1681 0.9875 0.0112 0.0063
3 0.1688 0.9922 0.0125 0.0063
3 0.1703 0.9978 0.0125 0.0050
3 0.1781 0.9678 0.0125 0.0075
3 0.1766 0.9616 0.0125 0.0075
3 0.1594 0.9481 0.0125 0.0087
3 0.1562 0.9319 0.0125 0.0075
3 0.1569 0.9372 0.0138 0.0087
3 0.1712 0.9281 0.0112 0.0063
3 0.1719 0.9334 0.0125 0.0075
3 0.1844 0.9262 0.0125 0.0087
3 0.2266 0.9475 0.0125 0.0075
3 0.2250 0.9406 0.0125 0.0063
3 0.2244 0.9350 0.0112 0.0075
3 0.2500 0.9369 0.0125 0.0050
3 0.2431 0.9119 0.0112 0.0050
3 0.2469 0.9225 0.0125 0.0075
3 0.2478 0.9300 0.0112 0.0037
3 0.2225 0.9250 0.0138 0.0063
3 0.2531 0.9453 0.0125 0.0063
3 0.2525 0.9531 0.0112 0.0063
3 0.2578 0.9631 0.0125 0.0075
3 0.2175 0.9016 0.0163 0.0063
3 0.2181 0.9062 0.0175 0.0063
3 0.2209 0.9134 0.0138 0.0050
3 0.2219 0.9187 0.0125 0.0063
3 0.1862 0.9531 0.0100 0.0063
3 0.1900 0.9641 0.0112 0.0063
3 0.1266 0.8078 0.0063 0.0125
3 0.1906 0.9694 0.0125 0.0075
3 0.2300 0.8353 0.0100 0.0050
3 0.2281 0.8256 0.0125 0.0075
3 0.2281 0.8203 0.0125 0.0063
3 0.2266 0.8141 0.0125 0.0063
3 0.1750 0.8259 0.0125 0.0050
3 0.1766 0.8375 0.0125 0.0063
3 0.1781 0.8425 0.0125 0.0037
3 0.1844 0.8656 0.0125 0.0063
3 0.1594 0.8741 0.0125 0.0075
3 0.1594 0.8694 0.0125 0.0075
3 0.1584 0.8631 0.0138 0.0075
3 0.1531 0.8575 0.0125 0.0087
3 0.1519 0.8453 0.0100 0.0063
3 0.1525 0.8334 0.0112 0.0075
3 0.1509 0.8247 0.0112 0.0087
3 0.1387 0.8056 0.0087 0.0112
3 0.1313 0.8081 0.0063 0.0100
3 0.2072 0.8491 0.0112 0.0075
3 0.2103 0.8588 0.0112 0.0050
3 0.2109 0.8631 0.0125 0.0075
3 0.1256 0.9256 0.0138 0.0075
3 0.1344 0.9988 0.0125 0.0037
3 0.1322 0.9881 0.0112 0.0075
3 0.1400 0.9828 0.0112 0.0063
3 0.1322 0.9563 0.0112 0.0063
3 0.1244 0.9506 0.0112 0.0075
3 0.1219 0.9412 0.0125 0.0075
3 0.1203 0.9313 0.0125 0.0063
3 0.1169 0.9225 0.0150 0.0075
3 0.2112 0.8688 0.0100 0.0063
3 0.1169 0.9169 0.0150 0.0087
3 0.4250 0.8525 0.0063 0.0112
3 0.4125 0.8509 0.0063 0.0112
3 0.1844 0.8756 0.0125 0.0075
3 0.2353 0.8656 0.0112 0.0063
3 0.2313 0.8466 0.0125 0.0087
3 0.2337 0.8619 0.0112 0.0050
3 0.9859 0.8641 0.0125 0.0125
3 0.9988 0.8784 0.0037 0.0100
3 0.9641 0.7869 0.0125 0.0112
3 0.9400 0.6853 0.0112 0.0050
3 0.9412 0.7009 0.0138 0.0050
3 0.9469 0.6119 0.0125 0.0112
3 0.9525 0.6013 0.0112 0.0087
3 0.9338 0.5822 0.0050 0.0112
3 0.9391 0.5822 0.0063 0.0112
3 0.9938 0.5431 0.0125 0.0112
3 0.7906 0.5781 0.0125 0.0125
3 0.1087 0.7472 0.0112 0.0100
3 0.1025 0.7516 0.0112 0.0125
3 0.2416 0.9047 0.0112 0.0063
3 0.8775 0.7591 0.0112 0.0087
3 0.1788 0.4534 0.0138 0.0100
3 0.2575 0.6400 0.0087 0.0112
3 0.1350 0.9688 0.0138 0.0063
