3 0.0100 0.2413 0.0138 0.0138
3 0.0447 0.3769 0.0112 0.0100
3 0.0197 0.4588 0.0112 0.0112
3 0.0266 0.4513 0.0125 0.0087
3 0.0022 0.4547 0.0013 0.0063
3 0.0541 0.4066 0.0112 0.0100
3 0.0378 0.3862 0.0100 0.0100
3 0.0347 0.3909 0.0100 0.0100
3 0.0306 0.3950 0.0112 0.0087
3 0.0734 0.3753 0.0125 0.0100
3 0.0672 0.3853 0.0125 0.0112
3 0.0613 0.3953 0.0163 0.0125
3 0.0584 0.4009 0.0138 0.0112
3 0.0028 0.4469 0.0025 0.0063
3 0.0497 0.4103 0.0150 0.0112
3 0.0291 0.4450 0.0112 0.0087
3 0.0109 0.4259 0.0125 0.0112
3 0.0072 0.4369 0.0112 0.0112
3 0.0047 0.4425 0.0063 0.0100
3 0.0406 0.3806 0.0125 0.0112
3 0.0541 0.3612 0.0112 0.0100
3 0.2275 0.2134 0.0112 0.0112
3 0.2641 0.2200 0.0125 0.0087
3 0.2819 0.2288 0.0138 0.0075
3 0.3119 0.2466 0.0112 0.0087
3 0.3031 0.2456 0.0125 0.0100
3 0.3006 0.2634 0.0138 0.0112
3 0.2928 0.2850 0.0075 0.0138
3 0.2725 0.3431 0.0138 0.0112
3 0.0184 0.3878 0.0087 0.0100
3 0.1094 0.2784 0.0125 0.0100
3 0.0684 0.2309 0.0150 0.0087
3 0.1000 0.2159 0.0125 0.0100
3 0.0119 0.1087 0.0112 0.0112
3 0.0066 0.1041 0.0100 0.0112
3 0.0047 0.1006 0.0063 0.0138
3 0.3712 0.2906 0.0112 0.0125
3 0.3381 0.2350 0.0075 0.0138
3 0.9563 0.0706 0.0125 0.0100
3 0.9209 0.0619 0.0138 0.0112
3 0.0588 0.2737 0.0112 0.0100
3 0.0094 0.3519 0.0125 0.0100
3 0.0303 0.2119 0.0138 0.0112
3 0.0844 0.2050 0.0125 0.0100
3 0.1025 0.2575 0.0112 0.0087
3 0.0822 0.2456 0.0112 0.0100
3 0.0875 0.2347 0.0125 0.0100
3 0.0609 0.1978 0.0125 0.0112
3 0.0584 0.2034 0.0138 0.0100
3 0.0437 0.2206 0.0125 0.0100
3 0.0244 0.1738 0.0112 0.0100
3 0.2078 0.2019 0.0125 0.0100
3 0.0912 0.1534 0.0138 0.0163
