3 0.8575 0.6219 0.0087 0.0125
3 0.2413 0.8322 0.0075 0.0112
3 0.3563 0.8178 0.0063 0.0138
3 0.3509 0.8172 0.0050 0.0125
3 0.3453 0.8162 0.0063 0.0138
3 0.3328 0.8147 0.0063 0.0138
3 0.3694 0.8203 0.0075 0.0125
3 0.2475 0.8313 0.0075 0.0125
3 0.2600 0.8344 0.0075 0.0125
3 0.3819 0.5928 0.0075 0.0138
3 0.3750 0.5919 0.0063 0.0150
3 0.2762 0.6494 0.0087 0.0112
3 0.3688 0.8484 0.0063 0.0125
3 0.3625 0.8484 0.0063 0.0125
3 0.3563 0.8463 0.0063 0.0112
3 0.3500 0.8469 0.0063 0.0125
3 0.3447 0.8469 0.0050 0.0125
3 0.3384 0.8463 0.0050 0.0112
3 0.3337 0.8463 0.0050 0.0112
3 0.3291 0.8456 0.0050 0.0100
3 0.3219 0.8412 0.0063 0.0138
3 0.3063 0.8425 0.0063 0.0100
3 0.3119 0.8416 0.0050 0.0112
3 0.2991 0.8406 0.0075 0.0125
3 0.2772 0.8359 0.0075 0.0125
3 0.2844 0.8381 0.0063 0.0138
3 0.3275 0.8141 0.0050 0.0125
3 0.3212 0.8141 0.0050 0.0125
3 0.3166 0.8125 0.0050 0.0125
3 0.3125 0.8125 0.0063 0.0125
3 0.2388 0.7991 0.0087 0.0138
3 0.2341 0.7975 0.0087 0.0138
3 0.2288 0.7975 0.0075 0.0138
3 0.2225 0.7963 0.0075 0.0112
3 0.2162 0.7947 0.0075 0.0112
3 0.2112 0.7937 0.0100 0.0125
3 0.2059 0.7913 0.0087 0.0138
3 0.1997 0.7906 0.0087 0.0125
3 0.1941 0.7875 0.0100 0.0125
3 0.1588 0.7397 0.0112 0.0138
3 0.1581 0.9969 0.0100 0.0063
3 0.1519 0.9956 0.0100 0.0100
3 0.1478 0.9919 0.0112 0.0150
3 0.2506 0.8031 0.0075 0.0125
3 0.2562 0.8025 0.0063 0.0112
3 0.2625 0.8050 0.0063 0.0100
3 0.2553 0.1334 0.0138 0.0138
3 0.3041 0.8109 0.0050 0.0125
3 0.2922 0.8094 0.0063 0.0125
3 0.2819 0.8078 0.0075 0.0125
3 0.3362 0.7406 0.0163 0.0063
3 0.3259 0.6084 0.0112 0.0138
3 0.2359 0.1141 0.0125 0.0125
3 0.2525 0.1281 0.0112 0.0125
3 0.2141 0.0369 0.0125 0.0112
3 0.2744 0.8053 0.0050 0.0138
3 0.3916 0.5944 0.0050 0.0138
3 0.3984 0.5969 0.0063 0.0125
3 0.4034 0.5969 0.0037 0.0125
3 0.5144 0.8475 0.0037 0.0138
3 0.8369 0.6025 0.0112 0.0112
3 0.8250 0.8419 0.0125 0.0087
3 0.7153 0.7744 0.0150 0.0112
3 0.6966 0.7691 0.0150 0.0100
3 0.5744 0.8531 0.0050 0.0125
3 0.5687 0.8516 0.0063 0.0125
3 0.5506 0.8481 0.0075 0.0150
3 0.5328 0.8469 0.0063 0.0125
3 0.9691 0.5391 0.0100 0.0125
3 0.9016 0.5772 0.0125 0.0075
3 0.9794 0.5344 0.0087 0.0125
3 0.8806 0.5725 0.0112 0.0138
3 0.5197 0.8478 0.0050 0.0112
3 0.5016 0.8478 0.0063 0.0112
3 0.4084 0.5969 0.0075 0.0125
3 0.4938 0.8463 0.0063 0.0112
3 0.5159 0.8181 0.0037 0.0112
3 0.4984 0.8178 0.0063 0.0138
3 0.4922 0.8181 0.0063 0.0112
3 0.4869 0.8181 0.0050 0.0112
3 0.4813 0.8181 0.0063 0.0112
3 0.4744 0.8175 0.0050 0.0100
3 0.4688 0.8175 0.0063 0.0100
3 0.4619 0.8175 0.0050 0.0100
3 0.4562 0.8181 0.0063 0.0112
3 0.4506 0.8187 0.0075 0.0125
3 0.4447 0.8178 0.0050 0.0138
3 0.4391 0.8187 0.0063 0.0125
3 0.4338 0.8187 0.0050 0.0125
3 0.4275 0.8187 0.0050 0.0125
3 0.4588 0.7594 0.0175 0.0063
3 0.2825 0.6469 0.0087 0.0125
3 0.4256 0.5713 0.0075 0.0112
3 0.5203 0.8181 0.0063 0.0112
3 0.5344 0.8313 0.0125 0.0063
3 0.5625 0.8216 0.0063 0.0150
3 0.4422 0.8484 0.0063 0.0125
3 0.4828 0.8494 0.0063 0.0112
3 0.4772 0.8494 0.0075 0.0112
3 0.4719 0.8500 0.0063 0.0125
3 0.4656 0.8475 0.0063 0.0138
3 0.4588 0.8484 0.0050 0.0125
3 0.4531 0.8478 0.0063 0.0112
3 0.4478 0.8484 0.0050 0.0125
3 0.4369 0.8484 0.0050 0.0125
3 0.5859 0.8253 0.0063 0.0100
3 0.6744 0.7719 0.0112 0.0063
3 0.6159 0.6528 0.0100 0.0150
3 0.6072 0.6450 0.0112 0.0150
3 0.5716 0.5938 0.0087 0.0125
3 0.5653 0.5906 0.0087 0.0125
3 0.5981 0.8256 0.0087 0.0138
3 0.5919 0.8250 0.0087 0.0125
3 0.1431 0.9891 0.0112 0.0125
3 0.1384 0.9853 0.0112 0.0112
3 0.1322 0.9844 0.0112 0.0125
3 0.0369 0.7169 0.0112 0.0087
3 0.1094 0.7019 0.0125 0.0100
3 0.0738 0.6553 0.0100 0.0138
3 0.0525 0.6706 0.0112 0.0100
3 0.0225 0.7431 0.0138 0.0112
3 0.0284 0.5031 0.0100 0.0063
3 0.0531 0.4713 0.0063 0.0112
3 0.0437 0.4697 0.0063 0.0112
3 0.0159 0.4888 0.0100 0.0087
3 0.0584 0.9338 0.0075 0.0112
3 0.0491 0.9775 0.0138 0.0112
3 0.1009 0.9956 0.0175 0.0100
