3 0.5606 0.5141 0.0150 0.0063
3 0.5453 0.3653 0.0125 0.0087
3 0.5394 0.4750 0.0100 0.0063
3 0.4738 0.6975 0.0100 0.0138
3 0.4819 0.6844 0.0075 0.0125
3 0.7037 0.7322 0.0138 0.0050
3 0.7394 0.7338 0.0100 0.0050
3 0.5775 0.5275 0.0112 0.0050
3 0.6053 0.5312 0.0138 0.0063
3 0.4400 0.6016 0.0112 0.0125
3 0.5469 0.3594 0.0125 0.0063
3 0.6125 0.3078 0.0063 0.0125
3 0.6062 0.3078 0.0063 0.0125
3 0.5912 0.2787 0.0075 0.0138
3 0.5491 0.2078 0.0075 0.0125
3 0.6134 0.2781 0.0050 0.0125
3 0.4519 0.6150 0.0100 0.0112
