3 0.8169 0.2731 0.0275 0.0275
3 0.6225 0.7022 0.0263 0.0200
3 0.6303 0.6931 0.0263 0.0238
3 0.6403 0.6797 0.0275 0.0250
3 0.6462 0.6713 0.0238 0.0238
3 0.6134 0.7116 0.0238 0.0200
3 0.6550 0.6613 0.0225 0.0225
3 0.6625 0.6525 0.0250 0.0238
3 0.6719 0.6403 0.0250 0.0212
3 0.6769 0.6319 0.0225 0.0200
3 0.6878 0.6156 0.0225 0.0250
3 0.6987 0.6059 0.0225 0.0212
3 0.7103 0.6019 0.0175 0.0225
3 0.7244 0.5956 0.0175 0.0225
3 0.7369 0.5900 0.0175 0.0238
3 0.7500 0.5859 0.0187 0.0250
3 0.7728 0.5834 0.0238 0.0263
3 0.7978 0.5900 0.0238 0.0112
3 0.7069 0.6553 0.0138 0.0263
3 0.7181 0.6556 0.0112 0.0238
3 0.7444 0.6581 0.0138 0.0225
3 0.7378 0.6319 0.0163 0.0263
3 0.7500 0.6331 0.0125 0.0225
3 0.9756 0.7469 0.0138 0.0250
3 0.9906 0.7469 0.0125 0.0250
3 0.9988 0.7475 0.0037 0.0263
3 0.9947 0.6216 0.0112 0.0275
3 0.7584 0.6578 0.0138 0.0250
3 0.7922 0.6303 0.0125 0.0263
3 0.7728 0.6556 0.0112 0.0238
3 0.7647 0.6331 0.0138 0.0225
3 0.7881 0.6556 0.0138 0.0238
3 0.8028 0.6541 0.0150 0.0238
3 0.8181 0.6516 0.0112 0.0250
3 0.8434 0.6453 0.0150 0.0250
3 0.8588 0.6481 0.0112 0.0275
3 0.8553 0.6175 0.0138 0.0287
3 0.8447 0.6213 0.0112 0.0238
3 0.8334 0.6206 0.0138 0.0287
3 0.8187 0.6269 0.0125 0.0225
3 0.8059 0.6275 0.0150 0.0238
3 0.7794 0.6297 0.0150 0.0250
3 0.9869 0.6178 0.0175 0.0263
3 0.6866 0.7459 0.0263 0.0138
3 0.6556 0.7731 0.0238 0.0150
3 0.6547 0.7856 0.0250 0.0150
3 0.6734 0.7144 0.0125 0.0225
3 0.6838 0.7150 0.0112 0.0238
3 0.6956 0.7166 0.0100 0.0238
3 0.7056 0.7156 0.0112 0.0250
3 0.6863 0.7319 0.0225 0.0138
3 0.9141 0.5025 0.0250 0.0112
3 0.9494 0.6031 0.0175 0.0250
3 0.9625 0.6100 0.0187 0.0263
3 0.9753 0.6131 0.0163 0.0263
3 0.6981 0.9781 0.0150 0.0250
3 0.7303 0.6559 0.0138 0.0275
