3 0.2869 0.8275 0.0112 0.0238
3 0.2728 0.8291 0.0175 0.0238
3 0.6806 0.8969 0.0300 0.0125
3 0.6825 0.8831 0.0212 0.0100
3 0.6844 0.8719 0.0250 0.0125
3 0.6834 0.8359 0.0263 0.0125
3 0.6250 0.6694 0.0250 0.0138
3 0.6238 0.6031 0.0225 0.0125
3 0.6231 0.6162 0.0212 0.0138
3 0.6234 0.6281 0.0250 0.0125
3 0.6234 0.6578 0.0250 0.0125
3 0.6244 0.6819 0.0238 0.0138
3 0.6238 0.6931 0.0225 0.0112
3 0.6241 0.7072 0.0263 0.0112
3 0.6272 0.7859 0.0263 0.0125
3 0.6247 0.7978 0.0275 0.0112
3 0.6244 0.8125 0.0238 0.0125
3 0.6259 0.8238 0.0238 0.0100
3 0.6266 0.8469 0.0250 0.0125
3 0.6275 0.8600 0.0238 0.0138
3 0.6256 0.8713 0.0263 0.0112
3 0.6256 0.8838 0.0263 0.0112
3 0.6234 0.8975 0.0250 0.0138
3 0.6700 0.8494 0.0212 0.0112
3 0.6800 0.8134 0.0225 0.0112
3 0.4772 0.1288 0.0138 0.0263
3 0.4912 0.1316 0.0138 0.0225
3 0.5022 0.1306 0.0138 0.0238
3 0.5162 0.1319 0.0138 0.0263
3 0.5372 0.1322 0.0150 0.0300
3 0.5500 0.1322 0.0125 0.0238
3 0.5619 0.1325 0.0112 0.0275
3 0.5847 0.1309 0.0100 0.0212
3 0.6256 0.1038 0.0263 0.0138
3 0.6228 0.1147 0.0238 0.0138
3 0.6216 0.0781 0.0275 0.0125
3 0.4991 0.1878 0.0138 0.0225
3 0.4859 0.1878 0.0125 0.0225
3 0.5359 0.1875 0.0125 0.0312
3 0.6809 0.8003 0.0212 0.0100
3 0.6828 0.6459 0.0250 0.0138
3 0.6838 0.7897 0.0238 0.0138
3 0.6816 0.7775 0.0225 0.0112
3 0.6787 0.7656 0.0263 0.0125
3 0.6797 0.7516 0.0250 0.0125
3 0.6816 0.7400 0.0225 0.0112
3 0.6822 0.7275 0.0238 0.0112
3 0.6825 0.7150 0.0212 0.0112
3 0.6825 0.7025 0.0212 0.0112
3 0.6822 0.6937 0.0238 0.0125
3 0.6797 0.6809 0.0250 0.0150
3 0.6809 0.6572 0.0212 0.0112
3 0.6828 0.6322 0.0250 0.0112
3 0.5588 0.1894 0.0112 0.0225
3 0.6816 0.6206 0.0225 0.0100
3 0.6825 0.6084 0.0212 0.0138
3 0.6794 0.5800 0.0275 0.0163
3 0.6781 0.5469 0.0250 0.0125
3 0.6763 0.5347 0.0212 0.0100
3 0.6397 0.5425 0.0138 0.0287
3 0.6250 0.4875 0.0250 0.0125
3 0.6791 0.5109 0.0238 0.0125
3 0.6825 0.4875 0.0212 0.0125
3 0.6234 0.4656 0.0250 0.0125
3 0.5844 0.1888 0.0125 0.0212
3 0.6244 0.5781 0.0238 0.0125
3 0.6238 0.5900 0.0225 0.0112
