3 0.8303 0.3278 0.0138 0.0212
3 0.8181 0.3278 0.0112 0.0212
3 0.7906 0.3272 0.0125 0.0200
3 0.7672 0.3272 0.0125 0.0200
3 0.7800 0.3266 0.0100 0.0187
3 0.7087 0.3387 0.0112 0.0212
3 0.5262 0.2209 0.0338 0.0138
3 0.4534 0.2634 0.0225 0.0112
3 0.4612 0.2038 0.0287 0.0138
3 0.8431 0.3294 0.0112 0.0212
3 0.8141 0.3866 0.0125 0.0200
3 0.8297 0.3847 0.0125 0.0225
3 0.8706 0.3875 0.0100 0.0187
3 0.7475 0.9894 0.0263 0.0163
3 0.7441 0.9759 0.0225 0.0112
3 0.7463 0.9625 0.0238 0.0125
3 0.7463 0.9475 0.0238 0.0138
3 0.7463 0.9366 0.0238 0.0138
3 0.7469 0.9228 0.0250 0.0112
3 0.7478 0.9088 0.0238 0.0112
3 0.7469 0.8969 0.0250 0.0125
3 0.8900 0.8381 0.0112 0.0263
3 0.7688 0.8363 0.0125 0.0225
3 0.7662 0.7444 0.0138 0.0200
3 0.7969 0.5925 0.0125 0.0287
3 0.7037 0.5531 0.0138 0.0250
3 0.7044 0.5091 0.0150 0.0212
3 0.7016 0.4575 0.0125 0.0212
3 0.9209 0.3878 0.0138 0.0225
3 0.9344 0.3862 0.0125 0.0225
3 0.8938 0.3872 0.0125 0.0212
3 0.8806 0.3866 0.0112 0.0200
3 0.9688 0.9422 0.0250 0.0125
3 0.4622 0.6747 0.0150 0.0275
3 0.3284 0.2753 0.0225 0.0100
3 0.7425 0.9988 0.0225 0.0037
3 0.8575 0.9531 0.0212 0.0125
3 0.8597 0.9403 0.0287 0.0150
3 0.8581 0.9266 0.0225 0.0125
3 0.8581 0.9141 0.0225 0.0125
3 0.9128 0.9941 0.0225 0.0100
3 0.9128 0.9544 0.0225 0.0087
3 0.9150 0.9387 0.0238 0.0087
3 0.9716 0.9566 0.0275 0.0100
3 0.9713 0.9825 0.0238 0.0150
3 0.8422 0.3853 0.0125 0.0238
3 0.9628 0.3316 0.0100 0.0225
3 0.8831 0.3312 0.0100 0.0187
3 0.9684 0.9947 0.0212 0.0112
3 0.9184 0.9025 0.0212 0.0112
3 0.9163 0.9134 0.0200 0.0112
3 0.9137 0.9275 0.0212 0.0112
3 0.8019 0.9344 0.0225 0.0125
3 0.8569 0.9647 0.0263 0.0138
3 0.8541 0.9781 0.0238 0.0125
3 0.8025 0.9978 0.0238 0.0050
3 0.8019 0.9863 0.0225 0.0100
3 0.8562 0.9906 0.0250 0.0125
3 0.8019 0.9738 0.0225 0.0100
3 0.8028 0.9472 0.0212 0.0100
