3 0.0059 0.2656 0.0087 0.0125
3 0.0125 0.2950 0.0125 0.0087
3 0.0087 0.2641 0.0112 0.0125
3 0.0156 0.2600 0.0125 0.0138
3 0.0191 0.2556 0.0100 0.0112
3 0.0238 0.2516 0.0100 0.0125
3 0.0300 0.2500 0.0100 0.0125
3 0.0347 0.2469 0.0100 0.0125
3 0.0387 0.2431 0.0087 0.0112
3 0.0344 0.2138 0.0125 0.0087
3 0.0206 0.1922 0.0100 0.0125
3 0.0134 0.1759 0.0112 0.0112
3 0.0103 0.1706 0.0112 0.0100
3 0.2109 0.3094 0.0125 0.0125
3 0.3013 0.3737 0.0150 0.0163
3 0.2969 0.3628 0.0125 0.0100
3 0.2875 0.3481 0.0125 0.0087
3 0.2666 0.3122 0.0112 0.0087
3 0.2581 0.2963 0.0163 0.0112
3 0.2513 0.2872 0.0150 0.0087
3 0.2272 0.3019 0.0138 0.0100
3 0.2469 0.3372 0.0125 0.0087
3 0.2347 0.3434 0.0100 0.0087
3 0.2331 0.3375 0.0100 0.0063
3 0.2175 0.3191 0.0100 0.0100
3 0.2150 0.3131 0.0112 0.0075
3 0.2462 0.3638 0.0112 0.0087
3 0.2175 0.2634 0.0100 0.0112
3 0.2506 0.3697 0.0138 0.0112
3 0.2531 0.3759 0.0125 0.0112
3 0.2647 0.3691 0.0138 0.0100
3 0.2703 0.3800 0.0125 0.0100
3 0.2625 0.3894 0.0125 0.0100
3 0.2381 0.4081 0.0138 0.0100
3 0.2281 0.3925 0.0125 0.0100
3 0.2250 0.3878 0.0125 0.0100
3 0.2125 0.3675 0.0125 0.0100
3 0.2038 0.3494 0.0138 0.0112
3 0.1853 0.3206 0.0112 0.0100
3 0.2013 0.2722 0.0087 0.0100
3 0.2081 0.2712 0.0100 0.0112
3 0.0034 0.2131 0.0037 0.0075
3 0.0072 0.2237 0.0112 0.0100
3 0.0078 0.2300 0.0125 0.0100
3 0.7066 0.0912 0.0100 0.0138
3 0.6675 0.1428 0.0100 0.0075
3 0.6581 0.1537 0.0100 0.0138
3 0.7100 0.0437 0.0138 0.0125
3 0.6297 0.0559 0.0125 0.0087
3 0.7250 0.0359 0.0187 0.0125
3 0.8588 0.3606 0.0112 0.0150
3 0.8656 0.3731 0.0125 0.0150
3 0.4931 0.5281 0.0175 0.0125
3 0.9409 0.4969 0.0100 0.0125
3 0.9197 0.4609 0.0112 0.0125
3 0.9587 0.5297 0.0112 0.0125
3 0.6172 0.2447 0.0125 0.0112
3 0.6172 0.2822 0.0125 0.0112
3 0.9488 0.5494 0.0100 0.0112
3 0.8988 0.5194 0.0100 0.0075
3 0.8625 0.5463 0.0125 0.0112
3 0.8691 0.5444 0.0100 0.0075
3 0.8681 0.5331 0.0050 0.0100
3 0.8959 0.5825 0.0138 0.0150
3 0.8972 0.5969 0.0100 0.0125
3 0.9222 0.6141 0.0100 0.0125
3 0.9291 0.6141 0.0112 0.0125
3 0.1956 0.3400 0.0100 0.0112
3 0.8831 0.3859 0.0100 0.0125
3 0.7972 0.2578 0.0100 0.0125
