3 0.3212 0.9944 0.0112 0.0075
3 0.3034 0.9934 0.0163 0.0087
3 0.3525 0.9922 0.0112 0.0063
3 0.3578 0.9234 0.0125 0.0063
3 0.3597 0.9350 0.0163 0.0075
3 0.3575 0.9475 0.0150 0.0075
3 0.3563 0.9547 0.0125 0.0063
3 0.3563 0.9594 0.0125 0.0063
3 0.3569 0.9641 0.0138 0.0063
3 0.3547 0.9688 0.0125 0.0063
3 0.3538 0.9750 0.0138 0.0063
3 0.3538 0.9806 0.0138 0.0050
3 0.3531 0.9859 0.0125 0.0063
3 0.3531 0.9959 0.0125 0.0075
3 0.1881 0.9950 0.0075 0.0087
3 0.3594 0.9172 0.0125 0.0063
3 0.3609 0.9109 0.0125 0.0063
3 0.3625 0.9037 0.0125 0.0075
3 0.3391 0.8384 0.0125 0.0050
3 0.3444 0.7928 0.0138 0.0075
3 0.3422 0.7984 0.0125 0.0063
3 0.3422 0.8047 0.0125 0.0063
3 0.3412 0.8109 0.0138 0.0063
3 0.3412 0.8172 0.0138 0.0063
3 0.3403 0.8225 0.0150 0.0075
3 0.3666 0.8453 0.0112 0.0063
3 0.3672 0.8494 0.0125 0.0050
3 0.3663 0.8569 0.0138 0.0075
3 0.3656 0.8625 0.0125 0.0063
3 0.3212 0.8369 0.0112 0.0050
3 0.3453 0.7819 0.0125 0.0075
3 0.3203 0.8431 0.0125 0.0050
3 0.3219 0.8469 0.0125 0.0063
3 0.3200 0.8534 0.0150 0.0100
3 0.3194 0.8578 0.0138 0.0063
3 0.3194 0.8694 0.0138 0.0075
3 0.3178 0.8781 0.0138 0.0063
3 0.3163 0.8834 0.0138 0.0075
3 0.3150 0.8891 0.0112 0.0063
3 0.3150 0.8944 0.0112 0.0075
3 0.3141 0.9000 0.0125 0.0063
3 0.3447 0.7869 0.0112 0.0050
3 0.3459 0.7750 0.0138 0.0063
3 0.3269 0.9734 0.0163 0.0063
3 0.3275 0.7947 0.0112 0.0050
3 0.2031 0.8709 0.0063 0.0138
3 0.2906 0.8056 0.0125 0.0050
3 0.2906 0.8116 0.0125 0.0075
3 0.3456 0.7572 0.0100 0.0050
3 0.3475 0.7634 0.0138 0.0050
3 0.3463 0.7694 0.0112 0.0075
3 0.3281 0.7678 0.0125 0.0075
3 0.3275 0.7744 0.0112 0.0050
3 0.3266 0.7847 0.0125 0.0037
3 0.3281 0.7891 0.0125 0.0063
3 0.3244 0.8056 0.0112 0.0050
3 0.3678 0.8194 0.0138 0.0075
3 0.3225 0.8141 0.0138 0.0063
3 0.3756 0.7619 0.0138 0.0050
3 0.3750 0.7688 0.0125 0.0063
3 0.3756 0.7744 0.0138 0.0050
3 0.3756 0.7800 0.0138 0.0037
3 0.3741 0.7844 0.0138 0.0063
3 0.3719 0.7944 0.0125 0.0075
3 0.3719 0.8000 0.0125 0.0063
3 0.3694 0.8063 0.0138 0.0063
3 0.3681 0.8131 0.0112 0.0075
3 0.3144 0.9062 0.0163 0.0063
3 0.3156 0.9125 0.0125 0.0063
3 0.3122 0.9172 0.0150 0.0063
3 0.2781 0.9266 0.0125 0.0063
3 0.3266 0.9500 0.0125 0.0063
3 0.3087 0.9437 0.0112 0.0063
3 0.3094 0.9484 0.0125 0.0063
3 0.3091 0.9547 0.0150 0.0063
3 0.2794 0.9512 0.0150 0.0087
3 0.2809 0.9169 0.0150 0.0087
3 0.2844 0.8812 0.0125 0.0063
3 0.2838 0.8866 0.0112 0.0075
3 0.2844 0.8925 0.0125 0.0037
3 0.2844 0.9000 0.0125 0.0063
3 0.2812 0.9322 0.0125 0.0050
3 0.3116 0.9228 0.0138 0.0050
3 0.2809 0.9381 0.0150 0.0075
3 0.2787 0.9625 0.0138 0.0063
3 0.2753 0.9731 0.0163 0.0087
3 0.2756 0.9806 0.0138 0.0050
3 0.2759 0.9869 0.0112 0.0050
3 0.2731 0.9944 0.0150 0.0075
3 0.3069 0.9647 0.0138 0.0075
3 0.3272 0.9553 0.0138 0.0075
3 0.3256 0.9609 0.0138 0.0063
3 0.3259 0.9672 0.0112 0.0063
3 0.3287 0.9434 0.0138 0.0087
3 0.3291 0.9381 0.0112 0.0075
3 0.3303 0.9322 0.0138 0.0050
3 0.3309 0.9250 0.0150 0.0063
3 0.3100 0.9281 0.0138 0.0063
3 0.3119 0.9328 0.0112 0.0063
3 0.3638 0.8709 0.0150 0.0075
3 0.3663 0.8772 0.0138 0.0075
3 0.3650 0.8834 0.0112 0.0075
3 0.3644 0.8912 0.0100 0.0075
3 0.3644 0.8956 0.0100 0.0037
3 0.3397 0.8444 0.0138 0.0075
3 0.3403 0.8506 0.0150 0.0075
3 0.3381 0.8562 0.0138 0.0063
3 0.3366 0.8631 0.0138 0.0075
3 0.3356 0.8694 0.0150 0.0075
3 0.3350 0.8756 0.0138 0.0075
3 0.3350 0.8812 0.0138 0.0063
3 0.3334 0.8859 0.0138 0.0063
3 0.3334 0.8922 0.0138 0.0063
3 0.3337 0.8978 0.0112 0.0050
3 0.3337 0.9031 0.0112 0.0063
3 0.3306 0.9081 0.0112 0.0037
3 0.3312 0.9150 0.0125 0.0050
3 0.3291 0.9197 0.0112 0.0050
3 0.2031 0.8562 0.0063 0.0125
3 0.2069 0.8316 0.0075 0.0163
3 0.2013 0.9100 0.0087 0.0138
3 0.6013 0.4975 0.0150 0.0075
3 0.6225 0.5413 0.0138 0.0075
3 0.6412 0.5188 0.0138 0.0063
3 0.6281 0.5119 0.0125 0.0050
3 0.6287 0.5181 0.0138 0.0050
3 0.6294 0.5062 0.0150 0.0063
3 0.6297 0.4953 0.0125 0.0063
3 0.6287 0.4888 0.0138 0.0087
3 0.6053 0.4562 0.0138 0.0063
3 0.6059 0.4694 0.0150 0.0075
3 0.6050 0.4850 0.0163 0.0075
3 0.5997 0.5037 0.0150 0.0075
3 0.6384 0.5494 0.0112 0.0050
3 0.5997 0.5094 0.0150 0.0063
3 0.6000 0.5156 0.0125 0.0063
3 0.5963 0.5256 0.0112 0.0075
3 0.5969 0.5319 0.0125 0.0075
3 0.5966 0.5388 0.0150 0.0087
3 0.5959 0.5450 0.0138 0.0087
3 0.5787 0.5437 0.0138 0.0063
3 0.5797 0.5356 0.0125 0.0087
3 0.5837 0.5256 0.0112 0.0075
3 0.5834 0.5084 0.0138 0.0075
3 0.6231 0.5475 0.0150 0.0075
3 0.6800 0.5519 0.0163 0.0100
3 0.5872 0.4844 0.0150 0.0063
3 0.6959 0.9159 0.0138 0.0100
3 0.7359 0.9119 0.0125 0.0050
3 0.7338 0.9231 0.0112 0.0087
3 0.7966 0.2772 0.0087 0.0075
3 0.7284 0.9938 0.0100 0.0063
3 0.7172 0.9878 0.0125 0.0037
3 0.7188 0.9838 0.0125 0.0050
3 0.7191 0.9772 0.0100 0.0075
3 0.7200 0.9713 0.0150 0.0050
3 0.7234 0.9387 0.0125 0.0087
3 0.7350 0.9341 0.0138 0.0087
3 0.6922 0.9403 0.0125 0.0087
3 0.6681 0.5325 0.0112 0.0087
3 0.6975 0.8944 0.0138 0.0075
3 0.6969 0.8875 0.0125 0.0063
3 0.6997 0.8762 0.0150 0.0087
3 0.7006 0.8703 0.0138 0.0063
3 0.7025 0.8584 0.0112 0.0075
3 0.7053 0.8409 0.0138 0.0100
3 0.7059 0.8187 0.0150 0.0063
3 0.7053 0.8116 0.0138 0.0075
3 0.7075 0.8056 0.0150 0.0050
3 0.7081 0.8006 0.0163 0.0075
3 0.5856 0.5022 0.0150 0.0075
3 0.5872 0.4684 0.0150 0.0087
3 0.1934 0.9616 0.0087 0.0138
3 0.5241 0.3844 0.0138 0.0063
3 0.5531 0.3744 0.0125 0.0050
3 0.5563 0.3591 0.0125 0.0087
3 0.5553 0.3522 0.0138 0.0075
3 0.5569 0.3350 0.0138 0.0075
3 0.5334 0.3141 0.0138 0.0063
3 0.5294 0.3328 0.0150 0.0063
3 0.5287 0.3375 0.0138 0.0063
3 0.5287 0.3500 0.0138 0.0063
3 0.5244 0.3663 0.0112 0.0075
3 0.5253 0.3725 0.0163 0.0075
3 0.5234 0.3891 0.0125 0.0063
3 0.5519 0.3900 0.0163 0.0112
3 0.5228 0.3959 0.0112 0.0075
3 0.5225 0.4022 0.0138 0.0075
3 0.5219 0.4069 0.0125 0.0075
3 0.5203 0.4131 0.0125 0.0075
3 0.5188 0.4194 0.0125 0.0075
3 0.5188 0.4241 0.0125 0.0075
3 0.5203 0.4313 0.0125 0.0063
3 0.5156 0.4369 0.0125 0.0050
3 0.5150 0.4475 0.0112 0.0075
3 0.5150 0.4591 0.0112 0.0087
3 0.5531 0.3806 0.0125 0.0050
3 0.5513 0.4106 0.0150 0.0087
3 0.5884 0.4600 0.0175 0.0075
3 0.5569 0.4938 0.0138 0.0063
3 0.5897 0.4497 0.0138 0.0087
3 0.5350 0.2913 0.0138 0.0075
3 0.5334 0.2981 0.0138 0.0087
3 0.5716 0.3694 0.0150 0.0075
3 0.5716 0.3616 0.0150 0.0075
3 0.5609 0.4416 0.0125 0.0050
3 0.5594 0.4469 0.0125 0.0063
3 0.5588 0.4525 0.0112 0.0050
3 0.5594 0.4578 0.0125 0.0063
3 0.5584 0.4875 0.0138 0.0063
3 0.5572 0.5053 0.0175 0.0075
3 0.5516 0.4219 0.0125 0.0063
3 0.5381 0.5328 0.0138 0.0063
3 0.5525 0.5350 0.0112 0.0075
3 0.5356 0.5381 0.0150 0.0075
3 0.5381 0.5197 0.0138 0.0050
3 0.5409 0.5028 0.0163 0.0087
3 0.5419 0.4928 0.0150 0.0075
3 0.5459 0.4631 0.0138 0.0075
3 0.5459 0.4506 0.0138 0.0075
3 0.5475 0.4397 0.0138 0.0075
3 0.5487 0.4303 0.0163 0.0075
3 0.7272 0.8897 0.0138 0.0075
3 0.7284 0.8769 0.0163 0.0100
3 0.7428 0.8691 0.0138 0.0100
3 0.7463 0.8475 0.0112 0.0075
3 0.8878 0.9925 0.0163 0.0100
3 0.8691 0.7931 0.0100 0.0050
3 0.7584 0.9969 0.0138 0.0063
3 0.7594 0.9825 0.0125 0.0087
3 0.7806 0.9906 0.0112 0.0187
3 0.8397 0.9631 0.0200 0.0075
3 0.8588 0.7994 0.0112 0.0050
3 0.8478 0.7978 0.0112 0.0050
3 0.8906 0.7969 0.0125 0.0063
3 0.8766 0.7953 0.0063 0.0063
3 0.8581 0.7937 0.0100 0.0063
3 0.8200 0.9947 0.0087 0.0112
3 0.8478 0.7919 0.0112 0.0087
3 0.7669 0.9113 0.0150 0.0100
3 0.7662 0.9006 0.0138 0.0075
3 0.7631 0.9262 0.0138 0.0087
3 0.7881 0.9169 0.0075 0.0150
3 0.8019 0.8275 0.0100 0.0175
3 0.7750 0.8344 0.0125 0.0063
3 0.7494 0.8241 0.0112 0.0075
3 0.7338 0.8225 0.0112 0.0075
3 0.7338 0.8334 0.0112 0.0075
3 0.8119 0.9991 0.0050 0.0013
3 0.5153 0.4666 0.0087 0.0050
3 0.5150 0.4713 0.0112 0.0050
3 0.5141 0.4991 0.0125 0.0075
3 0.3788 0.7209 0.0138 0.0075
3 0.3966 0.5650 0.0150 0.0050
3 0.3912 0.5947 0.0138 0.0050
3 0.3906 0.6062 0.0125 0.0063
3 0.3916 0.6156 0.0112 0.0063
3 0.3456 0.6156 0.0163 0.0063
3 0.3912 0.6325 0.0138 0.0087
3 0.3866 0.6438 0.0138 0.0063
3 0.4188 0.6431 0.0063 0.0175
3 0.3803 0.7081 0.0138 0.0100
3 0.3812 0.7147 0.0125 0.0075
3 0.3812 0.7256 0.0125 0.0075
3 0.3688 0.5687 0.0125 0.0063
3 0.3797 0.7322 0.0125 0.0050
3 0.3816 0.7375 0.0100 0.0063
3 0.3806 0.7431 0.0112 0.0050
3 0.3794 0.7478 0.0150 0.0050
3 0.3656 0.5844 0.0125 0.0063
3 0.3650 0.5897 0.0112 0.0075
3 0.3678 0.5969 0.0138 0.0063
3 0.3638 0.6047 0.0150 0.0063
3 0.3641 0.6094 0.0125 0.0063
3 0.3631 0.6141 0.0138 0.0063
3 0.3684 0.5750 0.0150 0.0063
3 0.3469 0.5694 0.0125 0.0075
3 0.3319 0.4513 0.0138 0.0087
3 0.3538 0.5241 0.0138 0.0075
3 0.3769 0.4756 0.0100 0.0075
3 0.3775 0.4819 0.0112 0.0075
3 0.3766 0.4938 0.0125 0.0063
3 0.3594 0.4741 0.0125 0.0075
3 0.3584 0.4803 0.0138 0.0075
3 0.3578 0.4844 0.0125 0.0063
3 0.3275 0.4797 0.0112 0.0063
3 0.3256 0.4856 0.0138 0.0087
3 0.3581 0.4903 0.0163 0.0087
3 0.4009 0.4922 0.0112 0.0063
3 0.3559 0.5125 0.0150 0.0063
3 0.3703 0.5563 0.0125 0.0063
3 0.4016 0.5250 0.0125 0.0063
3 0.3731 0.5209 0.0150 0.0075
3 0.3731 0.5281 0.0150 0.0063
3 0.3731 0.5334 0.0150 0.0075
3 0.3981 0.5388 0.0150 0.0087
3 0.3216 0.5281 0.0150 0.0063
3 0.3534 0.5319 0.0163 0.0075
3 0.3709 0.5444 0.0138 0.0075
3 0.3978 0.5494 0.0112 0.0050
3 0.3991 0.5588 0.0138 0.0050
3 0.3609 0.6209 0.0125 0.0075
3 0.3600 0.6266 0.0138 0.0063
3 0.3600 0.6328 0.0138 0.0063
3 0.3047 0.6906 0.0125 0.0063
3 0.3150 0.5828 0.0112 0.0063
3 0.3141 0.6109 0.0125 0.0063
3 0.3103 0.6188 0.0112 0.0063
3 0.3109 0.6328 0.0125 0.0063
3 0.3116 0.6428 0.0138 0.0075
3 0.3100 0.6500 0.0138 0.0063
3 0.3087 0.6556 0.0112 0.0050
3 0.3063 0.6741 0.0125 0.0075
3 0.3059 0.6781 0.0150 0.0063
3 0.3047 0.6838 0.0125 0.0050
3 0.3056 0.6953 0.0112 0.0063
3 0.3600 0.6397 0.0138 0.0075
3 0.3047 0.7253 0.0125 0.0100
3 0.3031 0.7334 0.0125 0.0075
3 0.3009 0.7397 0.0112 0.0075
3 0.2981 0.7491 0.0150 0.0075
3 0.2997 0.7584 0.0150 0.0075
3 0.2931 0.7653 0.0175 0.0087
3 0.2963 0.7866 0.0175 0.0075
3 0.2391 0.8566 0.0063 0.0225
3 0.2381 0.8812 0.0075 0.0187
3 0.2016 0.8844 0.0063 0.0125
3 0.3178 0.5637 0.0138 0.0087
3 0.3331 0.6969 0.0100 0.0063
3 0.3369 0.6922 0.0112 0.0063
3 0.3484 0.7525 0.0125 0.0050
3 0.3412 0.6412 0.0138 0.0075
3 0.3600 0.6544 0.0138 0.0087
3 0.3400 0.6569 0.0112 0.0075
3 0.3578 0.6609 0.0125 0.0063
3 0.3606 0.6663 0.0150 0.0075
3 0.3569 0.6703 0.0138 0.0063
3 0.3391 0.6709 0.0125 0.0075
3 0.3391 0.6750 0.0125 0.0063
3 0.3569 0.6766 0.0138 0.0063
3 0.3547 0.6825 0.0125 0.0087
3 0.3563 0.6891 0.0125 0.0063
3 0.3544 0.6937 0.0150 0.0063
3 0.3538 0.7000 0.0138 0.0063
3 0.3538 0.7056 0.0138 0.0050
3 0.3538 0.7116 0.0138 0.0075
3 0.3531 0.7178 0.0125 0.0075
3 0.3538 0.7250 0.0138 0.0063
3 0.3516 0.7297 0.0125 0.0063
3 0.3509 0.7359 0.0112 0.0063
3 0.3484 0.7416 0.0125 0.0050
3 0.3484 0.7459 0.0125 0.0075
3 0.3781 0.4694 0.0125 0.0075
3 0.3578 0.4641 0.0125 0.0063
3 0.5106 0.5172 0.0150 0.0063
3 0.5006 0.5741 0.0075 0.0138
3 0.5625 0.5797 0.0063 0.0125
3 0.5556 0.5787 0.0050 0.0138
3 0.5491 0.5794 0.0075 0.0150
3 0.5422 0.5772 0.0063 0.0138
3 0.5344 0.5772 0.0063 0.0138
3 0.5291 0.5775 0.0050 0.0112
3 0.5234 0.5756 0.0063 0.0138
3 0.5162 0.5750 0.0075 0.0125
3 0.5109 0.5759 0.0063 0.0112
3 0.5062 0.5750 0.0063 0.0125
3 0.4938 0.5734 0.0063 0.0125
3 0.5797 0.5803 0.0063 0.0138
3 0.4869 0.5734 0.0050 0.0125
3 0.4822 0.5725 0.0050 0.0138
3 0.4766 0.5725 0.0063 0.0138
3 0.4713 0.5725 0.0050 0.0138
3 0.4963 0.4881 0.0112 0.0075
3 0.4975 0.4938 0.0138 0.0063
3 0.4969 0.4991 0.0125 0.0075
3 0.4969 0.5053 0.0125 0.0075
3 0.4956 0.5178 0.0100 0.0075
3 0.4953 0.5225 0.0125 0.0075
3 0.5694 0.5806 0.0075 0.0112
3 0.6094 0.5841 0.0063 0.0150
3 0.3594 0.4553 0.0125 0.0075
3 0.4844 0.3756 0.0125 0.0075
3 0.5094 0.5262 0.0125 0.0087
3 0.4981 0.4825 0.0150 0.0087
3 0.5022 0.4578 0.0138 0.0063
3 0.5003 0.4694 0.0163 0.0075
3 0.5031 0.4309 0.0125 0.0087
3 0.5037 0.4234 0.0138 0.0063
3 0.5053 0.4125 0.0138 0.0063
3 0.5088 0.3994 0.0112 0.0050
3 0.5094 0.3944 0.0125 0.0075
3 0.5094 0.3875 0.0125 0.0063
3 0.4850 0.3681 0.0138 0.0050
3 0.6156 0.5850 0.0063 0.0138
3 0.5094 0.3656 0.0125 0.0063
3 0.5094 0.3719 0.0125 0.0063
3 0.5150 0.3312 0.0112 0.0063
3 0.5162 0.3181 0.0138 0.0050
3 0.5181 0.2953 0.0112 0.0063
3 0.5188 0.2884 0.0125 0.0050
3 0.8291 0.5116 0.0050 0.0138
3 0.6562 0.5903 0.0063 0.0150
3 0.6491 0.5887 0.0075 0.0150
3 0.6328 0.5866 0.0063 0.0138
3 0.4944 0.5287 0.0138 0.0075
3 0.4953 0.5344 0.0125 0.0063
3 0.5078 0.5366 0.0125 0.0075
3 0.3888 0.3412 0.0150 0.0075
3 0.4338 0.4781 0.0112 0.0125
3 0.4434 0.3997 0.0087 0.0212
3 0.4466 0.3609 0.0087 0.0187
3 0.3944 0.2575 0.0138 0.0087
3 0.3981 0.2922 0.0150 0.0063
3 0.3428 0.3241 0.0138 0.0075
3 0.3425 0.3312 0.0163 0.0063
3 0.3931 0.3109 0.0175 0.0063
3 0.3900 0.3516 0.0175 0.0063
3 0.4647 0.5506 0.0138 0.0075
3 0.3866 0.3756 0.0138 0.0075
3 0.3872 0.3944 0.0150 0.0075
3 0.3359 0.3984 0.0125 0.0063
3 0.3844 0.4109 0.0125 0.0063
3 0.3641 0.4131 0.0125 0.0075
3 0.3828 0.4231 0.0125 0.0087
3 0.3862 0.4409 0.0163 0.0100
3 0.4037 0.4813 0.0138 0.0063
3 0.4059 0.4703 0.0150 0.0063
3 0.3794 0.4575 0.0150 0.0087
3 0.4900 0.2884 0.0112 0.0050
3 0.4900 0.2953 0.0112 0.0063
3 0.4891 0.3131 0.0125 0.0075
3 0.4656 0.5391 0.0125 0.0063
3 0.4662 0.5328 0.0138 0.0063
3 0.4688 0.5209 0.0125 0.0075
3 0.4688 0.4969 0.0125 0.0063
3 0.4703 0.4906 0.0125 0.0063
3 0.4719 0.4853 0.0125 0.0050
3 0.4725 0.4797 0.0138 0.0063
3 0.4728 0.4719 0.0112 0.0063
3 0.4750 0.4625 0.0125 0.0063
3 0.4744 0.4556 0.0112 0.0050
3 0.4750 0.4500 0.0125 0.0063
3 0.4759 0.4391 0.0112 0.0063
3 0.4775 0.4319 0.0112 0.0075
3 0.4787 0.4147 0.0138 0.0075
3 0.4797 0.4078 0.0125 0.0063
3 0.4787 0.4037 0.0138 0.0075
3 0.4806 0.3919 0.0175 0.0087
3 0.4797 0.3859 0.0125 0.0063
3 0.4803 0.3797 0.0138 0.0063
3 0.4850 0.3422 0.0138 0.0063
3 0.4881 0.3234 0.0138 0.0063
