3 0.9641 0.3769 0.0250 0.0100
3 0.0116 0.8625 0.0200 0.0125
3 0.0103 0.8838 0.0175 0.0112
3 0.0084 0.9634 0.0138 0.0112
3 0.7475 0.2394 0.0263 0.0163
3 0.7441 0.2259 0.0225 0.0112
3 0.7463 0.2125 0.0238 0.0125
3 0.7463 0.1975 0.0238 0.0138
3 0.7463 0.1866 0.0238 0.0138
3 0.7469 0.1728 0.0250 0.0112
3 0.7478 0.1588 0.0238 0.0112
3 0.7469 0.1469 0.0250 0.0125
3 0.8900 0.0881 0.0112 0.0263
3 0.7688 0.0863 0.0125 0.0225
3 0.0084 0.9519 0.0138 0.0100
3 0.9688 0.1922 0.0250 0.0125
3 0.0703 0.6822 0.0250 0.0112
3 0.0759 0.6384 0.0238 0.0112
3 0.0156 0.6281 0.0250 0.0125
3 0.0719 0.6641 0.0250 0.0125
3 0.0144 0.7612 0.0225 0.0100
3 0.0116 0.9844 0.0200 0.0125
3 0.0647 0.9956 0.0263 0.0100
3 0.0638 0.9853 0.0212 0.0112
3 0.0638 0.9744 0.0212 0.0112
3 0.0634 0.9531 0.0175 0.0125
3 0.0638 0.9303 0.0212 0.0138
3 0.0634 0.9184 0.0238 0.0087
3 0.0631 0.8975 0.0263 0.0138
3 0.0647 0.8866 0.0263 0.0138
3 0.0647 0.8519 0.0263 0.0100
3 0.0650 0.8406 0.0238 0.0125
3 0.0663 0.8275 0.0263 0.0112
3 0.0681 0.8072 0.0238 0.0112
3 0.0700 0.7838 0.0275 0.0112
3 0.0672 0.7722 0.0250 0.0100
3 0.0706 0.7628 0.0225 0.0100
3 0.7431 0.2531 0.0238 0.0125
3 0.7428 0.2928 0.0263 0.0138
3 0.7428 0.3050 0.0263 0.0100
3 0.9088 0.4031 0.0238 0.0125
3 0.9128 0.2691 0.0225 0.0100
3 0.9119 0.2831 0.0238 0.0100
3 0.9113 0.2956 0.0225 0.0100
3 0.9122 0.3087 0.0212 0.0112
3 0.9144 0.3212 0.0225 0.0112
3 0.9128 0.3344 0.0225 0.0125
3 0.9100 0.3506 0.0263 0.0138
3 0.9113 0.3769 0.0287 0.0100
3 0.9069 0.3891 0.0263 0.0125
3 0.9091 0.4269 0.0212 0.0100
3 0.7431 0.3294 0.0238 0.0150
3 0.9081 0.4409 0.0225 0.0100
3 0.9072 0.4556 0.0238 0.0112
3 0.9078 0.4672 0.0250 0.0125
3 0.9078 0.4797 0.0250 0.0125
3 0.9088 0.4928 0.0238 0.0138
3 0.8575 0.2031 0.0212 0.0125
3 0.8597 0.1903 0.0287 0.0150
3 0.8581 0.1766 0.0225 0.0125
3 0.8581 0.1641 0.0225 0.0125
3 0.9134 0.2547 0.0238 0.0125
3 0.9128 0.2441 0.0225 0.0100
3 0.9128 0.2044 0.0225 0.0087
3 0.9150 0.1888 0.0238 0.0087
3 0.9716 0.2066 0.0275 0.0100
3 0.9713 0.2325 0.0238 0.0150
3 0.9691 0.2459 0.0225 0.0138
3 0.9675 0.2600 0.0287 0.0138
3 0.9694 0.2719 0.0263 0.0125
3 0.9703 0.2844 0.0250 0.0125
3 0.9675 0.2975 0.0225 0.0138
3 0.9666 0.3100 0.0238 0.0138
3 0.9697 0.3231 0.0238 0.0150
3 0.9672 0.3397 0.0250 0.0138
3 0.9681 0.3513 0.0238 0.0150
3 0.9656 0.4047 0.0250 0.0125
3 0.9644 0.4431 0.0225 0.0112
3 0.9184 0.1525 0.0212 0.0112
3 0.9163 0.1634 0.0200 0.0112
3 0.9137 0.1775 0.0212 0.0112
3 0.8019 0.1844 0.0225 0.0125
3 0.8569 0.2147 0.0263 0.0138
3 0.8541 0.2281 0.0238 0.0125
3 0.8025 0.2509 0.0238 0.0112
3 0.8028 0.2638 0.0212 0.0087
3 0.7975 0.2775 0.0200 0.0112
3 0.8025 0.2900 0.0238 0.0112
3 0.7991 0.3156 0.0200 0.0125
3 0.7956 0.3297 0.0225 0.0125
3 0.8019 0.3684 0.0225 0.0087
3 0.7972 0.3969 0.0225 0.0125
3 0.7963 0.4097 0.0238 0.0100
3 0.7975 0.4219 0.0200 0.0125
3 0.7956 0.4478 0.0225 0.0112
3 0.7388 0.4356 0.0212 0.0087
3 0.9613 0.5619 0.0163 0.0238
3 0.9334 0.5566 0.0138 0.0225
3 0.9078 0.5581 0.0125 0.0225
3 0.7391 0.4891 0.0250 0.0125
3 0.7425 0.3844 0.0225 0.0125
3 0.7419 0.3700 0.0275 0.0150
3 0.7409 0.3572 0.0225 0.0112
3 0.7425 0.3434 0.0225 0.0150
3 0.7775 0.2684 0.0112 0.0212
3 0.8019 0.2362 0.0225 0.0100
3 0.8562 0.2406 0.0250 0.0125
3 0.8019 0.2237 0.0225 0.0100
3 0.8581 0.2541 0.0225 0.0112
3 0.8553 0.2703 0.0263 0.0125
3 0.8556 0.2947 0.0238 0.0112
3 0.8541 0.3072 0.0238 0.0112
3 0.8528 0.3225 0.0275 0.0138
3 0.8522 0.3344 0.0263 0.0125
3 0.8519 0.3491 0.0225 0.0138
3 0.8547 0.3600 0.0250 0.0138
3 0.8566 0.3728 0.0225 0.0112
3 0.8544 0.3881 0.0275 0.0138
3 0.8509 0.4012 0.0238 0.0087
3 0.8528 0.4147 0.0275 0.0138
3 0.8519 0.4394 0.0225 0.0100
3 0.8491 0.4531 0.0263 0.0125
3 0.8541 0.4691 0.0238 0.0100
3 0.8494 0.4963 0.0238 0.0112
3 0.8534 0.4806 0.0225 0.0112
3 0.7731 0.3206 0.0150 0.0350
3 0.8028 0.1972 0.0212 0.0100
3 0.9731 0.5619 0.0087 0.0238
