3 0.4213 0.7522 0.0050 0.0138
3 0.8825 0.0316 0.0150 0.0163
3 0.8769 0.0216 0.0100 0.0087
3 0.8688 0.0075 0.0125 0.0087
3 0.8275 0.0231 0.0112 0.0087
3 0.8319 0.0275 0.0138 0.0112
3 0.8344 0.0338 0.0125 0.0112
3 0.8459 0.0269 0.0138 0.0100
3 0.8516 0.0394 0.0125 0.0100
3 0.8438 0.0488 0.0125 0.0100
3 0.8194 0.0659 0.0138 0.0100
3 0.8094 0.0519 0.0125 0.0100
3 0.8063 0.0456 0.0125 0.0100
3 0.7937 0.0269 0.0125 0.0100
3 0.7850 0.0087 0.0138 0.0112
3 0.7422 0.6997 0.0063 0.0150
3 0.4938 0.7897 0.0063 0.0138
3 0.4875 0.7884 0.0063 0.0112
3 0.5469 0.7650 0.0125 0.0050
3 0.4822 0.7859 0.0050 0.0125
3 0.4741 0.7847 0.0075 0.0163
3 0.4569 0.7844 0.0075 0.0125
3 0.4500 0.7838 0.0063 0.0112
3 0.4431 0.7831 0.0050 0.0100
3 0.4134 0.7791 0.0112 0.0050
3 0.4000 0.7847 0.0063 0.0100
3 0.3875 0.7859 0.0063 0.0125
3 0.4094 0.7541 0.0063 0.0112
3 0.5719 0.0159 0.0125 0.0163
3 0.4375 0.0459 0.0125 0.0138
3 0.4322 0.0491 0.0112 0.0138
3 0.9959 0.9656 0.0075 0.0125
3 0.9906 0.9713 0.0125 0.0112
3 0.9869 0.9772 0.0112 0.0138
3 0.9816 0.9806 0.0100 0.0112
3 0.9741 0.9828 0.0138 0.0125
3 0.4156 0.7525 0.0063 0.0112
3 0.4281 0.7503 0.0063 0.0163
3 0.4331 0.7509 0.0037 0.0112
3 0.2275 0.3447 0.0112 0.0050
3 0.2487 0.3078 0.0100 0.0063
3 0.2494 0.3016 0.0112 0.0063
3 0.2487 0.2963 0.0100 0.0050
3 0.2472 0.2906 0.0100 0.0063
3 0.2219 0.2906 0.0125 0.0063
3 0.2091 0.2994 0.0150 0.0050
3 0.2094 0.3047 0.0125 0.0063
3 0.2100 0.3119 0.0138 0.0050
3 0.2094 0.3181 0.0125 0.0050
3 0.2100 0.3234 0.0138 0.0063
3 0.2116 0.3297 0.0138 0.0063
3 0.2116 0.3353 0.0138 0.0050
3 0.2131 0.3406 0.0138 0.0063
3 0.2281 0.3625 0.0125 0.0063
3 0.2288 0.3681 0.0138 0.0050
3 0.2291 0.3744 0.0112 0.0050
3 0.2294 0.3978 0.0150 0.0050
3 0.2181 0.3931 0.0112 0.0050
3 0.2169 0.3812 0.0087 0.0063
3 0.2162 0.3744 0.0138 0.0050
3 0.2156 0.3697 0.0125 0.0050
3 0.2156 0.3634 0.0125 0.0050
3 0.2141 0.3588 0.0125 0.0050
3 0.2141 0.3538 0.0125 0.0075
3 0.2141 0.3453 0.0125 0.0063
3 0.1828 0.3187 0.0125 0.0063
3 0.2500 0.3147 0.0125 0.0075
3 0.2509 0.3209 0.0112 0.0075
3 0.2522 0.3250 0.0138 0.0063
3 0.3334 0.3391 0.0138 0.0063
3 0.4478 0.2297 0.0112 0.0063
3 0.4487 0.2244 0.0100 0.0050
3 0.4484 0.2188 0.0125 0.0063
3 0.3984 0.4081 0.0063 0.0100
3 0.3778 0.3891 0.0150 0.0063
3 0.3766 0.3766 0.0125 0.0063
3 0.3781 0.3647 0.0125 0.0075
3 0.3775 0.3572 0.0112 0.0050
3 0.3775 0.3541 0.0112 0.0050
3 0.3866 0.3312 0.0138 0.0063
3 0.3875 0.3266 0.0125 0.0063
3 0.3866 0.3187 0.0138 0.0063
3 0.3375 0.3853 0.0125 0.0050
3 0.3328 0.3312 0.0125 0.0063
3 0.4828 0.2141 0.0125 0.0063
3 0.3328 0.3250 0.0125 0.0063
3 0.3303 0.2953 0.0138 0.0063
3 0.3297 0.2909 0.0125 0.0037
3 0.3303 0.2844 0.0138 0.0063
3 0.3094 0.3928 0.0125 0.0075
3 0.3094 0.3862 0.0125 0.0037
3 0.3084 0.3806 0.0138 0.0050
3 0.3075 0.3697 0.0087 0.0050
3 0.3075 0.3634 0.0087 0.0050
3 0.3087 0.3556 0.0112 0.0050
3 0.3072 0.3503 0.0112 0.0037
3 0.3078 0.3447 0.0125 0.0050
3 0.3072 0.3400 0.0112 0.0050
3 0.4472 0.2359 0.0100 0.0063
3 0.4562 0.2297 0.0063 0.0125
3 0.3047 0.3281 0.0125 0.0063
3 0.4044 0.4344 0.0150 0.0063
3 0.4369 0.7481 0.0050 0.0150
3 0.4172 0.7375 0.0063 0.0125
3 0.4272 0.7272 0.0075 0.0138
3 0.4641 0.7225 0.0063 0.0138
3 0.4781 0.7222 0.0063 0.0163
3 0.5062 0.7200 0.0063 0.0150
3 0.5203 0.7953 0.0063 0.0125
3 0.4787 0.5613 0.0075 0.0163
3 0.4709 0.5534 0.0075 0.0163
3 0.4647 0.5550 0.0075 0.0163
3 0.4662 0.5381 0.0138 0.0075
3 0.4637 0.5312 0.0150 0.0063
3 0.4034 0.4384 0.0163 0.0050
3 0.4053 0.4206 0.0138 0.0037
3 0.4484 0.2431 0.0125 0.0050
3 0.4775 0.3634 0.0175 0.0050
3 0.4753 0.3578 0.0163 0.0063
3 0.4713 0.3478 0.0112 0.0050
3 0.4713 0.3406 0.0112 0.0063
3 0.4713 0.3353 0.0112 0.0050
3 0.4713 0.3287 0.0112 0.0075
3 0.4719 0.3228 0.0125 0.0050
3 0.4703 0.3181 0.0125 0.0050
3 0.4697 0.3119 0.0112 0.0050
3 0.4681 0.3056 0.0112 0.0050
3 0.4713 0.2987 0.0112 0.0037
3 0.4678 0.2938 0.0138 0.0063
3 0.4678 0.2875 0.0138 0.0063
3 0.3066 0.3344 0.0100 0.0063
3 0.3063 0.3219 0.0125 0.0063
3 0.2531 0.3312 0.0125 0.0063
3 0.2662 0.3603 0.0138 0.0050
3 0.2975 0.3937 0.0138 0.0063
3 0.2594 0.2891 0.0125 0.0063
3 0.2650 0.2938 0.0112 0.0063
3 0.2631 0.3006 0.0138 0.0075
3 0.2625 0.3072 0.0125 0.0050
3 0.2656 0.3119 0.0125 0.0050
3 0.2656 0.3187 0.0125 0.0063
3 0.2650 0.3244 0.0112 0.0050
3 0.2662 0.3306 0.0138 0.0050
3 0.2650 0.3375 0.0112 0.0063
3 0.2669 0.3431 0.0150 0.0050
3 0.2656 0.3494 0.0125 0.0050
3 0.2656 0.3556 0.0125 0.0050
3 0.2672 0.3666 0.0125 0.0050
3 0.2963 0.3816 0.0112 0.0037
3 0.2694 0.3728 0.0138 0.0050
3 0.2700 0.3781 0.0150 0.0063
3 0.2709 0.3837 0.0138 0.0050
3 0.2719 0.3900 0.0125 0.0050
3 0.2725 0.3962 0.0138 0.0050
3 0.2587 0.3916 0.0112 0.0050
3 0.2572 0.3844 0.0112 0.0063
3 0.2572 0.3791 0.0112 0.0050
3 0.2578 0.3734 0.0125 0.0063
3 0.2541 0.3625 0.0112 0.0063
3 0.2531 0.3494 0.0125 0.0050
3 0.2531 0.3438 0.0125 0.0063
3 0.2538 0.3384 0.0138 0.0050
3 0.2963 0.3875 0.0112 0.0063
3 0.2956 0.3759 0.0100 0.0050
3 0.3056 0.3156 0.0112 0.0063
3 0.2375 0.2616 0.0063 0.0138
3 0.3056 0.3103 0.0112 0.0050
3 0.3038 0.3056 0.0138 0.0050
3 0.3044 0.2978 0.0150 0.0050
3 0.3025 0.2931 0.0112 0.0050
3 0.3019 0.2875 0.0100 0.0063
3 0.3397 0.2525 0.0075 0.0112
3 0.3328 0.2556 0.0063 0.0112
3 0.3256 0.2562 0.0075 0.0125
3 0.2959 0.2587 0.0075 0.0112
3 0.2838 0.2587 0.0050 0.0112
3 0.2681 0.2594 0.0050 0.0125
3 0.2500 0.2600 0.0063 0.0138
3 0.2431 0.2600 0.0050 0.0138
3 0.2306 0.2631 0.0050 0.0138
3 0.2969 0.3703 0.0125 0.0063
3 0.2875 0.2875 0.0125 0.0063
3 0.2891 0.2938 0.0125 0.0063
3 0.2891 0.3000 0.0125 0.0063
3 0.2922 0.3063 0.0125 0.0063
3 0.2916 0.3119 0.0112 0.0050
3 0.2922 0.3172 0.0125 0.0063
3 0.2938 0.3222 0.0125 0.0037
3 0.2928 0.3266 0.0138 0.0063
3 0.2928 0.3409 0.0138 0.0037
3 0.2938 0.3469 0.0125 0.0063
3 0.2938 0.3525 0.0125 0.0050
3 0.2944 0.3572 0.0138 0.0050
3 0.2975 0.3650 0.0138 0.0050
