3 0.9922 0.3272 0.0125 0.0200
3 0.9338 0.3387 0.0112 0.0212
3 0.7512 0.2209 0.0338 0.0138
3 0.6784 0.2634 0.0225 0.0112
3 0.6863 0.2038 0.0287 0.0138
3 0.9719 0.9881 0.0250 0.0138
3 0.9691 0.9759 0.0225 0.0112
3 0.9713 0.9625 0.0238 0.0125
3 0.9713 0.9475 0.0238 0.0138
3 0.9713 0.9366 0.0238 0.0138
3 0.9719 0.9228 0.0250 0.0112
3 0.9728 0.9088 0.0238 0.0112
3 0.9719 0.8969 0.0250 0.0125
3 0.9938 0.8363 0.0125 0.0225
3 0.9912 0.7444 0.0138 0.0200
3 0.9287 0.5531 0.0138 0.0250
3 0.9294 0.5091 0.0150 0.0212
3 0.9266 0.4575 0.0125 0.0212
3 0.6872 0.6747 0.0150 0.0275
3 0.5534 0.2753 0.0225 0.0100
3 0.9675 0.9988 0.0225 0.0037
