3 0.8919 0.9869 0.0212 0.0112
3 0.9238 0.9869 0.0100 0.0238
3 0.8081 0.9406 0.0225 0.0125
3 0.9025 0.9006 0.0238 0.0138
3 0.9081 0.8834 0.0287 0.0138
3 0.9437 0.8925 0.0187 0.0100
3 0.9347 0.9153 0.0100 0.0212
3 0.9488 0.9200 0.0100 0.0212
3 0.9594 0.9225 0.0063 0.0200
3 0.9725 0.9241 0.0075 0.0200
3 0.9847 0.9213 0.0100 0.0238
3 0.9187 0.8022 0.0250 0.0138
3 0.8850 0.7509 0.0263 0.0112
3 0.7606 0.6731 0.0087 0.0212
3 0.7797 0.6778 0.0125 0.0275
3 0.9275 0.7194 0.0238 0.0138
3 0.8900 0.6947 0.0175 0.0112
3 0.9338 0.6684 0.0238 0.0150
3 0.8897 0.6469 0.0200 0.0125
3 0.9394 0.6059 0.0225 0.0150
3 0.9494 0.5153 0.0238 0.0150
3 0.8972 0.5353 0.0225 0.0112
3 0.8969 0.9988 0.0187 0.0037
3 0.7847 0.4578 0.0100 0.0250
3 0.6503 0.6534 0.0100 0.0225
3 0.6669 0.6556 0.0087 0.0175
3 0.7406 0.6747 0.0125 0.0275
3 0.6834 0.6262 0.0075 0.0212
3 0.5709 0.5563 0.0075 0.0187
3 0.6034 0.5600 0.0100 0.0263
3 0.6206 0.5584 0.0100 0.0263
3 0.6372 0.5584 0.0087 0.0200
3 0.5719 0.4794 0.0125 0.0275
3 0.6497 0.4625 0.0087 0.0250
3 0.6759 0.4681 0.0112 0.0300
3 0.7281 0.4641 0.0125 0.0312
3 0.7550 0.4594 0.0100 0.0250
3 0.8019 0.4591 0.0100 0.0275
3 0.8059 0.9575 0.0150 0.0087
3 0.8041 0.9709 0.0175 0.0075
3 0.8025 0.9825 0.0175 0.0087
3 0.8041 0.9928 0.0238 0.0138
3 0.6075 0.6556 0.0087 0.0175
3 0.8619 0.3837 0.0238 0.0112
3 0.9525 0.3384 0.0112 0.0175
3 0.9641 0.3450 0.0125 0.0212
3 0.9772 0.3472 0.0138 0.0225
3 0.9881 0.3506 0.0138 0.0200
3 0.6234 0.6541 0.0063 0.0175
3 0.5944 0.6509 0.0075 0.0175
3 0.3075 0.4353 0.0087 0.0175
3 0.0859 0.8144 0.0250 0.0100
3 0.0938 0.7963 0.0250 0.0112
3 0.0941 0.7566 0.0225 0.0100
3 0.2534 0.6756 0.0100 0.0200
3 0.2437 0.5194 0.0187 0.0200
3 0.2566 0.5116 0.0163 0.0200
3 0.2694 0.5066 0.0138 0.0225
3 0.2809 0.4997 0.0150 0.0212
3 0.2953 0.4956 0.0187 0.0225
3 0.2281 0.5388 0.0187 0.0087
3 0.3250 0.5044 0.0250 0.0087
3 0.2094 0.4306 0.0063 0.0175
3 0.2200 0.4294 0.0087 0.0150
3 0.2337 0.4303 0.0112 0.0200
3 0.2481 0.4313 0.0087 0.0187
3 0.2644 0.4313 0.0100 0.0187
3 0.2772 0.4319 0.0075 0.0200
3 0.2931 0.4325 0.0112 0.0212
3 0.3463 0.4334 0.0112 0.0200
3 0.5825 0.6506 0.0087 0.0200
3 0.3837 0.4369 0.0112 0.0175
3 0.6303 0.9531 0.0075 0.0250
3 0.6478 0.8756 0.0112 0.0200
3 0.6450 0.9503 0.0087 0.0225
3 0.7050 0.9350 0.0100 0.0200
3 0.4372 0.7150 0.0087 0.0238
3 0.4838 0.7175 0.0112 0.0225
3 0.5588 0.6934 0.0112 0.0212
3 0.5900 0.6953 0.0112 0.0250
3 0.6134 0.6969 0.0112 0.0250
3 0.6341 0.6966 0.0087 0.0212
3 0.4253 0.6384 0.0100 0.0238
3 0.4400 0.6328 0.0112 0.0250
3 0.4559 0.6378 0.0087 0.0225
3 0.4706 0.6400 0.0100 0.0238
3 0.4831 0.6416 0.0100 0.0238
3 0.4966 0.6459 0.0087 0.0200
3 0.5125 0.6403 0.0063 0.0212
3 0.5291 0.6444 0.0112 0.0200
3 0.5569 0.6462 0.0075 0.0175
3 0.5687 0.6494 0.0063 0.0175
3 0.5553 0.9981 0.0075 0.0025
3 0.5437 0.9969 0.0063 0.0063
3 0.5147 0.9950 0.0075 0.0087
3 0.3450 0.8931 0.0087 0.0175
3 0.2931 0.3469 0.0175 0.0125
3 0.3325 0.3450 0.0212 0.0087
3 0.0059 0.9856 0.0087 0.0212
3 0.0519 0.9853 0.0100 0.0238
3 0.0859 0.9869 0.0125 0.0238
3 0.2084 0.8456 0.0200 0.0100
3 0.2044 0.8641 0.0212 0.0125
3 0.4431 0.8575 0.0112 0.0212
3 0.4287 0.8381 0.0075 0.0200
3 0.4088 0.8481 0.0112 0.0275
3 0.3700 0.8456 0.0087 0.0225
3 0.3441 0.9187 0.0100 0.0187
3 0.4906 0.9956 0.0063 0.0100
3 0.3944 0.9203 0.0075 0.0187
3 0.3872 0.9850 0.0087 0.0200
3 0.4103 0.9887 0.0112 0.0212
3 0.4338 0.9313 0.0112 0.0187
3 0.4591 0.9300 0.0087 0.0225
3 0.5613 0.9441 0.0100 0.0225
3 0.5066 0.8634 0.0100 0.0238
3 0.5919 0.9081 0.0087 0.0225
3 0.5866 0.9431 0.0075 0.0175
3 0.9097 0.8278 0.0225 0.0087
3 0.9088 0.8472 0.0238 0.0100
3 0.4763 0.9919 0.0087 0.0150
3 0.3859 0.8944 0.0125 0.0263
3 0.3978 0.6347 0.0112 0.0225
3 0.4106 0.6378 0.0087 0.0225
3 0.6894 0.6650 0.0100 0.0238
