3 0.1394 0.7516 0.0225 0.0125
3 0.1762 0.7019 0.0212 0.0100
3 0.2459 0.9850 0.0200 0.0138
3 0.2306 0.9684 0.0175 0.0087
3 0.2134 0.8950 0.0112 0.0212
3 0.1444 0.7769 0.0263 0.0100
3 0.1350 0.7384 0.0200 0.0112
3 0.1447 0.7269 0.0238 0.0100
3 0.2128 0.5550 0.0163 0.0287
3 0.2356 0.5603 0.0087 0.0238
3 0.1525 0.8753 0.0238 0.0100
3 0.9644 0.5644 0.0225 0.0100
3 0.9616 0.5791 0.0200 0.0112
3 0.8438 0.8794 0.0187 0.0087
3 0.8375 0.8672 0.0187 0.0125
3 0.8381 0.8559 0.0200 0.0087
3 0.8350 0.8441 0.0200 0.0100
3 0.8350 0.8294 0.0200 0.0087
3 0.8316 0.8100 0.0225 0.0138
3 0.8294 0.7981 0.0212 0.0087
3 0.8387 0.7856 0.0212 0.0087
3 0.9097 0.7484 0.0163 0.0312
3 0.8753 0.7356 0.0100 0.0275
3 0.8544 0.7359 0.0150 0.0187
3 0.8744 0.6912 0.0112 0.0263
3 0.9156 0.6644 0.0187 0.0100
3 0.9166 0.6519 0.0175 0.0100
3 0.9128 0.6394 0.0163 0.0100
3 0.9106 0.6166 0.0212 0.0112
3 0.8200 0.5988 0.0087 0.0163
3 0.8575 0.5887 0.0212 0.0212
3 0.6300 0.9509 0.0163 0.0238
3 0.6494 0.9338 0.0112 0.0238
3 0.6578 0.9600 0.0125 0.0200
3 0.9137 0.9938 0.0087 0.0125
3 0.9178 0.7844 0.0200 0.0125
3 0.9325 0.8134 0.0087 0.0238
3 0.8966 0.7956 0.0212 0.0100
3 0.9503 0.6369 0.0100 0.0175
3 0.8962 0.8075 0.0175 0.0087
3 0.9919 0.8059 0.0150 0.0087
3 0.9950 0.8291 0.0087 0.0112
3 0.9928 0.8531 0.0138 0.0125
3 0.7400 0.9272 0.0238 0.0200
3 0.9062 0.8769 0.0250 0.0100
3 0.9059 0.8603 0.0212 0.0112
3 0.9069 0.8416 0.0200 0.0112
3 0.9022 0.8291 0.0200 0.0112
3 0.9006 0.8175 0.0200 0.0100
