3 0.0059 0.0638 0.0087 0.0087
3 0.0294 0.0200 0.0087 0.0212
3 0.0434 0.0206 0.0087 0.0163
3 0.0566 0.0244 0.0100 0.0175
3 0.0675 0.0222 0.0100 0.0225
3 0.0803 0.0681 0.0263 0.0175
3 0.0219 0.2000 0.0125 0.0250
3 0.0362 0.2006 0.0100 0.0200
3 0.1413 0.2134 0.0075 0.0175
3 0.0713 0.2044 0.0112 0.0212
3 0.0816 0.2069 0.0100 0.0200
3 0.0081 0.2591 0.0100 0.0150
3 0.0206 0.2597 0.0100 0.0163
3 0.2237 0.4838 0.0100 0.0238
3 0.2003 0.4831 0.0100 0.0225
3 0.1894 0.4838 0.0100 0.0238
3 0.1794 0.4641 0.0087 0.0187
3 0.2166 0.4581 0.0238 0.0225
3 0.2181 0.3337 0.0175 0.0238
3 0.2084 0.3384 0.0138 0.0238
3 0.1850 0.3491 0.0138 0.0200
3 0.1747 0.3559 0.0150 0.0212
3 0.1616 0.3581 0.0138 0.0225
3 0.1506 0.3641 0.0138 0.0187
3 0.1403 0.3716 0.0150 0.0212
3 0.1269 0.3769 0.0163 0.0225
3 0.1106 0.3831 0.0150 0.0225
3 0.0975 0.3881 0.0138 0.0200
3 0.0903 0.3941 0.0150 0.0225
3 0.0800 0.3991 0.0163 0.0200
3 0.0659 0.4066 0.0163 0.0225
3 0.0325 0.4463 0.0212 0.0112
3 0.0306 0.4603 0.0238 0.0112
3 0.0334 0.4719 0.0263 0.0125
3 0.0269 0.4853 0.0225 0.0112
3 0.0194 0.4991 0.0200 0.0075
3 0.0225 0.5103 0.0263 0.0112
3 0.0209 0.5356 0.0263 0.0087
3 0.0184 0.5519 0.0212 0.0100
3 0.0138 0.5628 0.0212 0.0100
3 0.0138 0.5763 0.0212 0.0087
3 0.0134 0.5878 0.0238 0.0100
3 0.2359 0.4888 0.0125 0.0212
3 0.1856 0.5116 0.0087 0.0263
3 0.1978 0.5109 0.0112 0.0250
3 0.1566 0.3225 0.0163 0.0200
3 0.1159 0.2687 0.0100 0.0187
3 0.0059 0.2812 0.0087 0.0187
3 0.0187 0.2834 0.0125 0.0263
3 0.0294 0.2850 0.0087 0.0200
3 0.0409 0.2844 0.0100 0.0250
3 0.0525 0.2853 0.0112 0.0238
3 0.0650 0.2847 0.0112 0.0225
3 0.0769 0.2884 0.0100 0.0238
3 0.1012 0.2944 0.0087 0.0200
3 0.1106 0.3459 0.0150 0.0200
3 0.1191 0.3400 0.0163 0.0238
3 0.1331 0.3369 0.0163 0.0238
3 0.1669 0.3200 0.0150 0.0212
3 0.2087 0.5112 0.0112 0.0225
3 0.1766 0.3134 0.0187 0.0238
3 0.1909 0.3078 0.0163 0.0250
3 0.3509 0.1809 0.0175 0.0275
3 0.2350 0.1512 0.0200 0.0150
3 0.2497 0.1966 0.0212 0.0150
3 0.2544 0.2078 0.0212 0.0125
3 0.2647 0.2147 0.0200 0.0138
3 0.2672 0.2394 0.0250 0.0163
3 0.2762 0.2550 0.0212 0.0163
3 0.2756 0.2687 0.0200 0.0125
3 0.2841 0.2881 0.0212 0.0138
3 0.3700 0.4369 0.0212 0.0112
3 0.2250 0.5128 0.0125 0.0225
3 0.4847 0.5528 0.0225 0.0150
3 0.0859 0.5344 0.0187 0.0125
3 0.0775 0.6056 0.0238 0.0112
3 0.0725 0.6297 0.0263 0.0125
3 0.0116 0.6553 0.0200 0.0138
3 0.0762 0.7312 0.0212 0.0187
3 0.0500 0.7812 0.0187 0.0187
3 0.0081 0.1972 0.0100 0.0225
3 0.0309 0.2584 0.0087 0.0200
3 0.0437 0.2597 0.0125 0.0225
3 0.0559 0.2597 0.0087 0.0225
3 0.0675 0.2612 0.0100 0.0225
3 0.0819 0.2644 0.0075 0.0225
3 0.0934 0.2656 0.0087 0.0250
3 0.1028 0.2650 0.0087 0.0238
