3 0.7691 0.0912 0.0100 0.0138
3 0.1906 0.8812 0.0125 0.0125
3 0.1025 0.7906 0.0112 0.0125
3 0.0759 0.7619 0.0112 0.0112
3 0.7397 0.0434 0.0075 0.0087
3 0.2631 0.4456 0.0138 0.0100
3 0.5731 0.4525 0.0087 0.0112
3 0.5809 0.4619 0.0087 0.0112
3 0.4331 0.4644 0.0100 0.0100
3 0.0831 0.0700 0.0100 0.0087
3 0.0894 0.0794 0.0100 0.0087
3 0.0956 0.0891 0.0100 0.0063
3 0.1525 0.1825 0.0112 0.0087
3 0.1103 0.1144 0.0112 0.0100
3 0.0769 0.1159 0.0100 0.0100
3 0.1234 0.0519 0.0125 0.0100
3 0.4669 0.4031 0.0087 0.0125
3 0.3722 0.3694 0.0100 0.0138
3 0.2644 0.2803 0.0100 0.0075
3 0.2581 0.2712 0.0100 0.0112
3 0.2066 0.2278 0.0100 0.0087
3 0.2106 0.2225 0.0087 0.0075
3 0.5769 0.2947 0.0100 0.0112
3 0.5722 0.4741 0.0100 0.0075
3 0.5756 0.4787 0.0075 0.0075
3 0.0725 0.0541 0.0138 0.0112
3 0.1900 0.1503 0.0112 0.0100
3 0.1663 0.1150 0.0138 0.0112
3 0.1588 0.1050 0.0112 0.0100
3 0.1537 0.0944 0.0138 0.0075
3 0.1503 0.0887 0.0100 0.0087
3 0.1406 0.0744 0.0125 0.0112
3 0.1369 0.0703 0.0112 0.0125
3 0.1006 0.0953 0.0138 0.0125
3 0.1184 0.0963 0.0087 0.0112
3 0.1263 0.1059 0.0087 0.0087
3 0.0922 0.0047 0.0125 0.0063
3 0.6081 0.4731 0.0100 0.0087
3 0.0384 0.0534 0.0112 0.0100
3 0.0472 0.0713 0.0100 0.0112
3 0.1456 0.1716 0.0100 0.0087
3 0.0603 0.0900 0.0112 0.0112
3 0.2519 0.2913 0.0100 0.0138
3 0.2456 0.2944 0.0100 0.0138
3 0.2384 0.3003 0.0112 0.0100
3 0.2016 0.2956 0.0125 0.0100
3 0.3241 0.3588 0.0138 0.0112
3 0.2581 0.4697 0.0100 0.0112
3 0.6059 0.5231 0.0087 0.0087
3 0.5997 0.5144 0.0087 0.0100
3 0.5816 0.4881 0.0100 0.0075
3 0.6184 0.5081 0.0087 0.0100
3 0.6153 0.4841 0.0087 0.0087
3 0.5891 0.4944 0.0125 0.0075
3 0.0641 0.6519 0.0187 0.0100
3 0.2256 0.3072 0.0075 0.0112
3 0.2156 0.3166 0.0063 0.0112
3 0.1306 0.1153 0.0112 0.0087
3 0.1775 0.1341 0.0112 0.0087
3 0.1837 0.1419 0.0112 0.0087
3 0.2081 0.1009 0.0100 0.0112
3 0.2022 0.0891 0.0075 0.0125
