3 0.1103 0.8162 0.0112 0.0263
3 0.8741 0.0644 0.0200 0.0100
3 0.8716 0.0878 0.0212 0.0100
3 0.8756 0.1056 0.0200 0.0112
3 0.7994 0.0628 0.0238 0.0100
3 0.0678 0.3216 0.0075 0.0212
3 0.8794 0.0263 0.0212 0.0087
3 0.8831 0.7975 0.0100 0.0200
3 0.3806 0.8128 0.0238 0.0163
3 0.4044 0.8091 0.0212 0.0212
3 0.5356 0.8028 0.0087 0.0212
3 0.5472 0.8006 0.0100 0.0263
3 0.7409 0.7944 0.0100 0.0200
3 0.7819 0.8275 0.0200 0.0112
3 0.7834 0.9391 0.0200 0.0125
3 0.8519 0.8931 0.0225 0.0112
3 0.8506 0.8819 0.0200 0.0075
3 0.8650 0.4875 0.0238 0.0125
3 0.8656 0.4719 0.0250 0.0125
3 0.1319 0.6034 0.0263 0.0100
3 0.1038 0.4222 0.0138 0.0225
3 0.0372 0.3222 0.0087 0.0163
3 0.0509 0.3237 0.0112 0.0225
3 0.2119 0.3516 0.0175 0.0187
3 0.2681 0.2275 0.0112 0.0238
3 0.0494 0.0203 0.0112 0.0250
3 0.7969 0.3019 0.0250 0.0100
3 0.7987 0.2619 0.0225 0.0112
3 0.8009 0.0766 0.0238 0.0125
