3 0.3306 0.4969 0.0050 0.0125
3 0.2953 0.4447 0.0063 0.0112
3 0.3316 0.4659 0.0100 0.0037
3 0.3325 0.4703 0.0087 0.0063
3 0.3337 0.4884 0.0112 0.0050
3 0.2869 0.4963 0.0050 0.0112
3 0.2925 0.4956 0.0037 0.0100
3 0.2978 0.4947 0.0050 0.0112
3 0.3034 0.4956 0.0037 0.0100
3 0.3087 0.4963 0.0050 0.0112
3 0.3134 0.4963 0.0050 0.0112
3 0.3191 0.4966 0.0037 0.0087
3 0.3244 0.4959 0.0050 0.0138
3 0.3375 0.4963 0.0063 0.0112
3 0.0441 0.6056 0.0100 0.0050
3 0.6369 0.4041 0.0112 0.0112
3 0.5553 0.4062 0.0075 0.0125
3 0.4637 0.4469 0.0087 0.0125
3 0.4709 0.4463 0.0075 0.0112
3 0.4797 0.5281 0.0063 0.0125
3 0.4884 0.5297 0.0050 0.0125
3 0.5141 0.5234 0.0125 0.0063
3 0.5150 0.5316 0.0112 0.0037
3 0.5144 0.5369 0.0100 0.0050
3 0.5150 0.5578 0.0112 0.0063
3 0.5494 0.6269 0.0050 0.0100
3 0.5628 0.6275 0.0037 0.0112
3 0.2894 0.4441 0.0037 0.0100
3 0.2838 0.4441 0.0050 0.0100
3 0.2722 0.4822 0.0100 0.0050
3 0.2728 0.4769 0.0112 0.0037
3 0.2437 0.4416 0.0063 0.0112
3 0.2503 0.4531 0.0037 0.0125
3 0.2416 0.4972 0.0050 0.0100
3 0.2337 0.5134 0.0050 0.0112
3 0.2413 0.5491 0.0075 0.0138
3 0.2016 0.5162 0.0063 0.0138
3 0.2031 0.5594 0.0063 0.0125
3 0.3722 0.2787 0.0037 0.0138
3 0.3797 0.2772 0.0063 0.0138
3 0.3869 0.2772 0.0050 0.0138
3 0.3819 0.3250 0.0138 0.0063
3 0.4006 0.3369 0.0075 0.0112
3 0.3937 0.3359 0.0063 0.0125
3 0.3888 0.3359 0.0087 0.0125
3 0.3753 0.3428 0.0100 0.0075
3 0.3603 0.3406 0.0050 0.0125
3 0.3669 0.3547 0.0150 0.0063
3 0.3281 0.3556 0.0125 0.0050
3 0.2722 0.4425 0.0100 0.0037
3 0.2722 0.4481 0.0100 0.0025
3 0.2731 0.4519 0.0087 0.0037
3 0.2731 0.4572 0.0087 0.0050
3 0.2731 0.4612 0.0087 0.0037
3 0.2728 0.4675 0.0112 0.0037
3 0.2728 0.4738 0.0112 0.0037
3 0.4744 0.6294 0.0050 0.0087
3 0.4666 0.6291 0.0050 0.0112
3 0.4597 0.6281 0.0037 0.0125
3 0.0709 0.4953 0.0075 0.0125
3 0.1769 0.6156 0.0100 0.0063
3 0.1619 0.6269 0.0050 0.0100
3 0.1516 0.6281 0.0063 0.0125
3 0.1459 0.6275 0.0075 0.0112
3 0.1384 0.6275 0.0050 0.0112
3 0.1275 0.6281 0.0050 0.0125
3 0.1259 0.6138 0.0112 0.0087
3 0.0916 0.6269 0.0050 0.0100
3 0.0847 0.6269 0.0037 0.0100
3 0.0784 0.6259 0.0037 0.0112
3 0.0734 0.6281 0.0063 0.0125
3 0.0666 0.6266 0.0050 0.0125
3 0.0603 0.6259 0.0050 0.0112
3 0.0541 0.6266 0.0050 0.0125
3 0.0447 0.5181 0.0112 0.0050
3 0.0462 0.5291 0.0112 0.0050
3 0.0450 0.5422 0.0087 0.0063
3 0.0450 0.5494 0.0087 0.0050
3 0.0450 0.5550 0.0087 0.0037
3 0.0441 0.5619 0.0100 0.0050
3 0.0447 0.5675 0.0112 0.0037
3 0.0434 0.5731 0.0087 0.0025
3 0.0450 0.5784 0.0087 0.0037
3 0.0447 0.5847 0.0112 0.0037
3 0.0447 0.5900 0.0112 0.0050
3 0.0950 0.5081 0.0087 0.0100
3 0.0834 0.4931 0.0075 0.0112
3 0.4541 0.6269 0.0050 0.0100
3 0.0975 0.4941 0.0075 0.0100
3 0.4469 0.6269 0.0063 0.0100
3 0.4400 0.6284 0.0050 0.0100
3 0.4338 0.6300 0.0050 0.0100
3 0.4291 0.6300 0.0050 0.0100
3 0.4213 0.6291 0.0050 0.0112
3 0.4144 0.6291 0.0037 0.0112
3 0.4103 0.6284 0.0050 0.0100
3 0.4034 0.6278 0.0037 0.0087
3 0.3962 0.6284 0.0050 0.0100
3 0.3900 0.6306 0.0050 0.0112
3 0.3828 0.6297 0.0063 0.0125
3 0.3337 0.6175 0.0112 0.0037
3 0.2322 0.5984 0.0050 0.0125
3 0.1931 0.6103 0.0050 0.0112
3 0.2009 0.6297 0.0050 0.0125
3 0.2391 0.6859 0.0063 0.0125
3 0.2572 0.6772 0.0050 0.0138
3 0.2306 0.7094 0.0050 0.0125
3 0.1625 0.4947 0.0063 0.0112
3 0.1659 0.5128 0.0100 0.0100
3 0.1428 0.4947 0.0075 0.0112
3 0.1263 0.5103 0.0087 0.0112
3 0.1206 0.5088 0.0100 0.0112
3 0.1097 0.5081 0.0100 0.0100
3 0.1094 0.4950 0.0063 0.0087
3 0.2344 0.4359 0.0063 0.0125
3 0.1750 0.4056 0.0125 0.0050
3 0.1781 0.3916 0.0125 0.0050
3 0.1781 0.3837 0.0125 0.0050
3 0.2313 0.0806 0.0063 0.0112
3 0.2344 0.1247 0.0063 0.0150
3 0.2456 0.1363 0.0037 0.0100
3 0.2375 0.1744 0.0063 0.0112
3 0.2444 0.1884 0.0075 0.0112
3 0.2456 0.2269 0.0037 0.0100
3 0.2369 0.2222 0.0050 0.0100
3 0.3234 0.1938 0.0063 0.0125
3 0.3031 0.2291 0.0063 0.0112
3 0.2909 0.2328 0.0037 0.0125
3 0.2447 0.2806 0.0050 0.0112
3 0.2447 0.3075 0.0050 0.0087
3 0.2366 0.2875 0.0075 0.0125
3 0.2188 0.2581 0.0063 0.0100
3 0.2203 0.2706 0.0063 0.0100
3 0.2203 0.2869 0.0063 0.0112
3 0.2194 0.3025 0.0075 0.0112
3 0.2053 0.3041 0.0075 0.0112
3 0.0716 0.3087 0.0087 0.0112
3 0.0478 0.2984 0.0112 0.0063
3 0.0494 0.3209 0.0112 0.0075
3 0.2369 0.3359 0.0050 0.0125
3 0.2103 0.3719 0.0050 0.0125
3 0.2431 0.3788 0.0050 0.0138
3 0.2359 0.3906 0.0063 0.0125
3 0.2422 0.4062 0.0063 0.0125
3 0.2466 0.0981 0.0087 0.0150
3 0.2469 0.0634 0.0063 0.0112
3 0.2469 0.0166 0.0063 0.0112
3 0.2469 0.0400 0.0063 0.0112
3 0.0437 0.5978 0.0125 0.0050
3 0.0503 0.7759 0.0037 0.0112
3 0.7997 0.3513 0.0150 0.0087
3 0.7650 0.3116 0.0112 0.0075
3 0.7662 0.2169 0.0138 0.0087
3 0.7678 0.2222 0.0138 0.0100
3 0.7759 0.2341 0.0112 0.0087
3 0.7884 0.2313 0.0112 0.0063
3 0.7847 0.2263 0.0100 0.0087
3 0.7800 0.2506 0.0100 0.0075
3 0.7828 0.2581 0.0125 0.0100
3 0.7844 0.2638 0.0125 0.0087
3 0.7900 0.2819 0.0112 0.0075
3 0.7909 0.2469 0.0100 0.0063
3 0.7956 0.2547 0.0100 0.0063
3 0.8059 0.3234 0.0087 0.0125
3 0.0566 0.7762 0.0037 0.0087
3 0.8806 0.3356 0.0112 0.0087
3 0.8069 0.3056 0.0075 0.0112
3 0.8216 0.3031 0.0087 0.0125
3 0.9328 0.2972 0.0125 0.0100
3 0.9919 0.2206 0.0087 0.0100
3 0.6462 0.3641 0.0112 0.0063
3 0.7631 0.4178 0.0075 0.0138
3 0.6722 0.4469 0.0100 0.0125
3 0.6816 0.4469 0.0100 0.0125
3 0.7625 0.3059 0.0125 0.0087
3 0.7600 0.2966 0.0138 0.0087
3 0.7578 0.2866 0.0125 0.0075
3 0.7522 0.2706 0.0138 0.0100
3 0.5437 0.2581 0.0063 0.0100
3 0.7244 0.1756 0.0112 0.0075
3 0.7259 0.1825 0.0112 0.0087
3 0.7300 0.1950 0.0100 0.0087
3 0.6128 0.2419 0.0100 0.0087
3 0.6119 0.2522 0.0112 0.0075
3 0.6131 0.2597 0.0138 0.0100
3 0.6134 0.2647 0.0112 0.0075
3 0.6128 0.2700 0.0100 0.0087
3 0.6141 0.2778 0.0125 0.0087
3 0.6594 0.3419 0.0125 0.0087
3 0.7141 0.3556 0.0125 0.0050
3 0.7206 0.3131 0.0100 0.0075
3 0.7206 0.3053 0.0100 0.0075
3 0.7206 0.2694 0.0100 0.0075
3 0.7197 0.2587 0.0112 0.0112
3 0.7213 0.2250 0.0112 0.0063
3 0.7331 0.2016 0.0100 0.0063
3 0.7338 0.2131 0.0112 0.0075
3 0.7375 0.2184 0.0125 0.0087
3 0.7391 0.2250 0.0125 0.0063
3 0.7391 0.2303 0.0125 0.0075
3 0.7412 0.2372 0.0138 0.0087
3 0.7428 0.2409 0.0138 0.0100
3 0.7463 0.2466 0.0112 0.0087
3 0.6916 0.4500 0.0112 0.0125
3 0.6987 0.4475 0.0100 0.0138
3 0.7072 0.4472 0.0112 0.0100
3 0.8962 0.7512 0.0112 0.0087
3 0.8491 0.5988 0.0138 0.0100
3 0.8447 0.5866 0.0112 0.0075
3 0.8419 0.5803 0.0150 0.0075
3 0.8406 0.5731 0.0125 0.0087
3 0.8266 0.5300 0.0125 0.0100
3 0.8144 0.5037 0.0100 0.0138
3 0.8325 0.4756 0.0150 0.0075
3 0.8059 0.4772 0.0087 0.0138
3 0.7812 0.3859 0.0063 0.0125
3 0.7703 0.3875 0.0063 0.0125
3 0.7731 0.4019 0.0087 0.0100
3 0.9509 0.4100 0.0050 0.0138
3 0.8688 0.5759 0.0063 0.0112
3 0.8812 0.5750 0.0063 0.0125
3 0.8875 0.5734 0.0063 0.0125
3 0.8944 0.5750 0.0075 0.0125
3 0.9056 0.5722 0.0050 0.0100
3 0.9194 0.5725 0.0075 0.0138
3 0.9250 0.5734 0.0063 0.0125
3 0.9313 0.5725 0.0063 0.0138
3 0.9375 0.5744 0.0063 0.0112
3 0.9431 0.5744 0.0050 0.0112
3 0.9631 0.5741 0.0075 0.0138
3 0.9688 0.5734 0.0063 0.0125
3 0.8916 0.6041 0.0050 0.0112
3 0.8916 0.7428 0.0112 0.0075
3 0.9050 0.7616 0.0163 0.0075
3 0.7222 0.4494 0.0100 0.0112
3 0.9062 0.7709 0.0125 0.0075
3 0.7312 0.4522 0.0125 0.0138
3 0.7466 0.4597 0.0087 0.0100
3 0.7616 0.4738 0.0138 0.0100
3 0.7650 0.4813 0.0112 0.0063
3 0.7672 0.4888 0.0125 0.0087
3 0.7688 0.5022 0.0125 0.0075
3 0.7575 0.4975 0.0087 0.0138
3 0.7506 0.5000 0.0075 0.0125
3 0.7566 0.5225 0.0100 0.0138
3 0.7512 0.5212 0.0087 0.0112
3 0.7441 0.5231 0.0100 0.0150
3 0.7787 0.5231 0.0138 0.0087
3 0.7744 0.5516 0.0112 0.0063
3 0.8238 0.5887 0.0100 0.0150
3 0.8381 0.6338 0.0075 0.0112
3 0.8219 0.6434 0.0125 0.0087
3 0.8259 0.6581 0.0112 0.0100
3 0.8334 0.6816 0.0138 0.0100
3 0.8366 0.6903 0.0138 0.0087
3 0.8419 0.7081 0.0150 0.0100
3 0.8025 0.5856 0.0112 0.0087
3 0.7947 0.5637 0.0112 0.0087
3 0.8681 0.7872 0.0112 0.0087
3 0.8625 0.7778 0.0125 0.0087
3 0.9125 0.7928 0.0125 0.0075
3 0.6578 0.9719 0.0063 0.0125
3 0.6747 0.9294 0.0150 0.0087
3 0.6322 0.9619 0.0112 0.0050
3 0.1384 0.9409 0.0112 0.0100
3 0.1363 0.9622 0.0100 0.0087
3 0.1337 0.9878 0.0112 0.0100
3 0.1469 0.9919 0.0063 0.0150
3 0.1531 0.9900 0.0063 0.0112
3 0.1603 0.9894 0.0050 0.0100
3 0.2994 0.8884 0.0050 0.0112
3 0.3050 0.8884 0.0037 0.0112
3 0.3237 0.8891 0.0037 0.0125
3 0.3572 0.6787 0.0050 0.0138
3 0.4016 0.8141 0.0063 0.0125
3 0.4031 0.8650 0.0063 0.0112
3 0.4172 0.8666 0.0063 0.0112
3 0.4206 0.7937 0.0100 0.0063
3 0.4325 0.7941 0.0087 0.0037
3 0.4700 0.8784 0.0087 0.0037
3 0.4612 0.9131 0.0100 0.0075
3 0.4406 0.8978 0.0125 0.0050
3 0.4487 0.9041 0.0100 0.0050
3 0.4234 0.9016 0.0063 0.0125
3 0.4469 0.8722 0.0125 0.0037
3 0.4469 0.8000 0.0125 0.0063
3 0.4572 0.7987 0.0112 0.0037
3 0.4694 0.8000 0.0075 0.0063
3 0.4228 0.8063 0.0112 0.0063
3 0.4338 0.8056 0.0112 0.0050
3 0.1363 0.9475 0.0100 0.0075
3 0.2366 0.8213 0.0075 0.0112
3 0.4581 0.8056 0.0100 0.0050
3 0.2675 0.8841 0.0100 0.0087
3 0.0850 0.7787 0.0075 0.0138
3 0.0922 0.7781 0.0063 0.0125
3 0.1025 0.7906 0.0112 0.0125
3 0.1009 0.8056 0.0112 0.0112
3 0.1000 0.8244 0.0125 0.0112
3 0.1016 0.8306 0.0125 0.0112
3 0.1025 0.8372 0.0112 0.0087
3 0.1012 0.8469 0.0150 0.0125
3 0.1000 0.8619 0.0125 0.0112
3 0.0400 0.8247 0.0050 0.0150
3 0.0391 0.8409 0.0063 0.0100
3 0.0391 0.8594 0.0063 0.0125
3 0.1681 0.8337 0.0112 0.0050
3 0.1681 0.8384 0.0112 0.0050
3 0.1684 0.8441 0.0087 0.0037
3 0.1659 0.8572 0.0100 0.0050
3 0.1669 0.8634 0.0087 0.0050
3 0.1675 0.8812 0.0100 0.0063
3 0.1656 0.8944 0.0125 0.0075
3 0.1897 0.8744 0.0075 0.0112
3 0.1094 0.9084 0.0125 0.0075
3 0.1972 0.9641 0.0037 0.0125
3 0.2047 0.9844 0.0063 0.0125
3 0.2275 0.9938 0.0050 0.0125
3 0.2656 0.8994 0.0125 0.0050
3 0.4463 0.8056 0.0112 0.0050
3 0.4706 0.8050 0.0100 0.0037
3 0.6181 0.9563 0.0112 0.0063
3 0.4031 0.9594 0.0063 0.0125
3 0.4150 0.9587 0.0050 0.0112
3 0.4244 0.9581 0.0050 0.0100
3 0.4300 0.9587 0.0037 0.0112
3 0.4369 0.9587 0.0050 0.0112
3 0.3837 0.9806 0.0112 0.0050
3 0.3775 0.9972 0.0112 0.0037
3 0.3875 0.9956 0.0063 0.0100
3 0.3934 0.9844 0.0025 0.0125
3 0.3981 0.9844 0.0025 0.0125
3 0.3994 0.9959 0.0050 0.0075
3 0.4050 0.9831 0.0037 0.0100
3 0.4103 0.9856 0.0050 0.0087
3 0.4169 0.9872 0.0025 0.0087
3 0.4247 0.9969 0.0025 0.0063
3 0.4300 0.9969 0.0037 0.0063
3 0.4356 0.9969 0.0025 0.0063
3 0.4472 0.9969 0.0037 0.0063
3 0.4675 0.9812 0.0100 0.0063
3 0.4653 0.9969 0.0087 0.0063
3 0.4806 0.9941 0.0112 0.0037
3 0.5413 0.9978 0.0138 0.0050
3 0.4081 0.9581 0.0037 0.0100
3 0.3916 0.9581 0.0050 0.0100
3 0.4231 0.8284 0.0087 0.0037
3 0.3712 0.9587 0.0050 0.0112
3 0.4331 0.8291 0.0100 0.0050
3 0.4466 0.8291 0.0087 0.0050
3 0.4575 0.8291 0.0087 0.0050
3 0.4688 0.8294 0.0063 0.0025
3 0.4700 0.8228 0.0087 0.0050
3 0.4237 0.8363 0.0100 0.0037
3 0.4362 0.8363 0.0100 0.0037
3 0.4491 0.8356 0.0075 0.0025
3 0.4591 0.8347 0.0087 0.0037
3 0.4700 0.8363 0.0087 0.0037
3 0.4456 0.8416 0.0100 0.0050
3 0.4228 0.8469 0.0112 0.0063
3 0.4331 0.8525 0.0100 0.0050
3 0.4456 0.8516 0.0100 0.0063
3 0.4456 0.8591 0.0100 0.0025
3 0.4697 0.8634 0.0112 0.0050
3 0.4994 0.5869 0.0050 0.0112
3 0.5031 0.7156 0.0063 0.0125
3 0.5556 0.7366 0.0050 0.0138
3 0.2431 0.9159 0.0050 0.0100
3 0.3822 0.9447 0.0050 0.0112
3 0.4231 0.9416 0.0087 0.0112
3 0.3541 0.9681 0.0112 0.0050
3 0.3531 0.9812 0.0125 0.0063
3 0.3806 0.9587 0.0050 0.0112
3 0.7238 0.6863 0.0100 0.0475
3 0.6950 0.6916 0.0087 0.0425
3 0.6353 0.7375 0.0238 0.0063
3 0.6353 0.7438 0.0238 0.0063
3 0.7106 0.7766 0.0212 0.0125
3 0.6312 0.7725 0.0187 0.0075
3 0.6316 0.7819 0.0225 0.0075
3 0.6306 0.7894 0.0300 0.0100
3 0.5916 0.8519 0.0238 0.0100
3 0.8375 0.4894 0.0125 0.0225
3 0.9497 0.4594 0.0150 0.0250
3 0.7825 0.5862 0.0212 0.0100
3 0.7409 0.5769 0.0100 0.0225
3 0.6925 0.5841 0.0100 0.0275
3 0.6625 0.5631 0.0187 0.0075
3 0.2013 0.7338 0.0087 0.0425
3 0.1928 0.7013 0.0075 0.0462
3 0.1894 0.8072 0.0100 0.0425
3 0.1981 0.8469 0.0087 0.0437
3 0.8191 0.3950 0.0225 0.0087
3 0.8159 0.4028 0.0225 0.0087
3 0.8978 0.6062 0.0050 0.0125
3 0.9041 0.6041 0.0050 0.0112
3 0.9103 0.6047 0.0050 0.0125
3 0.9234 0.6047 0.0063 0.0125
3 0.6797 0.9684 0.0063 0.0150
3 0.6125 0.9722 0.0063 0.0100
3 0.6469 0.9713 0.0063 0.0112
3 0.8044 0.9828 0.0150 0.0063
3 0.8159 0.9988 0.0037 0.0037
3 0.9872 0.9587 0.0087 0.0112
3 0.9800 0.9544 0.0100 0.0087
3 0.9387 0.8969 0.0087 0.0125
3 0.9581 0.8900 0.0100 0.0112
3 0.9650 0.9034 0.0112 0.0100
3 0.9669 0.9081 0.0087 0.0100
3 0.9706 0.9244 0.0100 0.0112
3 0.9344 0.6038 0.0063 0.0138
3 0.9472 0.6031 0.0037 0.0125
3 0.9550 0.6041 0.0037 0.0112
3 0.9625 0.6031 0.0063 0.0125
3 0.9047 0.6181 0.0125 0.0050
3 0.9353 0.6359 0.0050 0.0125
3 0.9056 0.6397 0.0050 0.0138
3 0.8984 0.6412 0.0063 0.0138
3 0.8672 0.6522 0.0125 0.0075
3 0.8697 0.6631 0.0112 0.0075
3 0.8713 0.6694 0.0112 0.0075
3 0.8741 0.6769 0.0138 0.0100
3 0.8519 0.6869 0.0100 0.0175
3 0.9950 0.5225 0.0087 0.0138
3 0.9803 0.5722 0.0075 0.0100
3 0.9391 0.7025 0.0063 0.0112
3 0.9478 0.7016 0.0050 0.0125
3 0.9537 0.7016 0.0075 0.0125
3 0.9603 0.7009 0.0050 0.0112
3 0.9728 0.7009 0.0050 0.0112
3 0.9775 0.7031 0.0050 0.0125
3 0.9916 0.7009 0.0050 0.0112
3 0.9978 0.7016 0.0050 0.0125
3 0.9753 0.9316 0.0100 0.0100
3 0.6109 0.3206 0.0125 0.0100
3 0.8844 0.2947 0.0063 0.0112
3 0.8734 0.2922 0.0063 0.0125
3 0.8150 0.2159 0.0112 0.0037
3 0.8166 0.2209 0.0112 0.0075
3 0.8431 0.2484 0.0112 0.0063
3 0.9978 0.1881 0.0050 0.0075
