3 0.5369 0.5091 0.0050 0.0150
3 0.5291 0.5066 0.0050 0.0100
3 0.5119 0.5031 0.0050 0.0125
3 0.5041 0.5031 0.0050 0.0125
3 0.4947 0.5022 0.0050 0.0138
3 0.4869 0.4994 0.0050 0.0112
3 0.6147 0.4428 0.0138 0.0075
3 0.4862 0.4409 0.0163 0.0100
3 0.2362 0.5019 0.0163 0.0100
3 0.0863 0.3831 0.0100 0.0100
3 0.0831 0.3884 0.0100 0.0112
3 0.0525 0.4197 0.0112 0.0112
3 0.0456 0.4300 0.0100 0.0100
3 0.0400 0.4331 0.0112 0.0100
3 0.0378 0.4369 0.0100 0.0112
3 0.6581 0.4428 0.0100 0.0075
3 0.7216 0.5009 0.0087 0.0112
3 0.5197 0.5047 0.0050 0.0125
