3 0.3488 0.9050 0.0100 0.0037
3 0.3478 0.8962 0.0112 0.0050
3 0.3050 0.9647 0.0037 0.0138
3 0.3316 0.9969 0.0100 0.0063
3 0.3503 0.9159 0.0100 0.0037
3 0.3494 0.9088 0.0112 0.0050
3 0.9525 0.6687 0.0112 0.0063
3 0.9519 0.6825 0.0100 0.0087
3 0.9509 0.7000 0.0112 0.0063
3 0.9488 0.7081 0.0100 0.0037
3 0.9206 0.6681 0.0100 0.0050
3 0.9213 0.6806 0.0112 0.0050
3 0.9197 0.6875 0.0112 0.0063
3 0.9213 0.7009 0.0112 0.0050
3 0.9206 0.7119 0.0100 0.0050
3 0.9206 0.7181 0.0100 0.0050
3 0.9497 0.7181 0.0087 0.0050
3 0.9503 0.7244 0.0100 0.0050
3 0.9512 0.7297 0.0087 0.0063
3 0.5041 0.7203 0.0175 0.0063
3 0.4194 0.7150 0.0200 0.0238
3 0.4022 0.7681 0.0075 0.0238
3 0.3937 0.8562 0.0063 0.0125
3 0.4056 0.8572 0.0050 0.0112
3 0.4119 0.8562 0.0050 0.0125
3 0.4181 0.8572 0.0050 0.0112
3 0.4244 0.8572 0.0050 0.0112
3 0.4291 0.8572 0.0050 0.0112
3 0.4338 0.8556 0.0050 0.0112
3 0.4400 0.8553 0.0050 0.0138
3 0.4463 0.8556 0.0050 0.0112
3 0.5659 0.8869 0.0100 0.0050
3 0.5666 0.8947 0.0112 0.0050
3 0.5669 0.8994 0.0087 0.0050
3 0.5659 0.9181 0.0100 0.0050
3 0.5650 0.9306 0.0112 0.0050
3 0.5650 0.9369 0.0112 0.0050
3 0.5650 0.9431 0.0112 0.0050
3 0.5647 0.9494 0.0138 0.0050
3 0.5634 0.9619 0.0112 0.0050
3 0.5634 0.9675 0.0112 0.0037
3 0.5625 0.9750 0.0125 0.0063
3 0.5619 0.9800 0.0112 0.0037
3 0.5634 0.9859 0.0112 0.0063
3 0.5650 0.9916 0.0112 0.0050
3 0.3803 0.9788 0.0138 0.0075
3 0.3806 0.9978 0.0112 0.0050
3 0.3987 0.8556 0.0037 0.0112
3 0.3869 0.8562 0.0050 0.0125
3 0.3806 0.8562 0.0050 0.0125
3 0.7950 0.7047 0.0087 0.0063
3 0.7956 0.7266 0.0100 0.0063
3 0.7934 0.7344 0.0087 0.0063
3 0.7931 0.7509 0.0112 0.0050
3 0.5472 0.8541 0.0037 0.0112
3 0.5369 0.8562 0.0050 0.0125
3 0.5306 0.8578 0.0050 0.0125
3 0.5181 0.8575 0.0050 0.0150
3 0.5056 0.8572 0.0050 0.0112
3 0.4994 0.8572 0.0050 0.0112
3 0.4869 0.8588 0.0050 0.0112
3 0.4806 0.8572 0.0050 0.0112
3 0.4744 0.8562 0.0050 0.0125
3 0.4697 0.8547 0.0050 0.0125
3 0.4641 0.8556 0.0063 0.0112
3 0.4566 0.8556 0.0037 0.0112
3 0.3675 0.8553 0.0037 0.0138
3 0.3744 0.8553 0.0050 0.0138
3 0.3138 0.7675 0.0087 0.0163
3 0.3319 0.7716 0.0075 0.0150
3 0.5647 0.9563 0.0138 0.0063
