3 0.4775 0.9025 0.0112 0.0112
3 0.4688 0.9203 0.0125 0.0125
3 0.4078 0.8884 0.0125 0.0112
3 0.4025 0.8947 0.0112 0.0112
3 0.3978 0.9025 0.0112 0.0112
3 0.3922 0.9088 0.0125 0.0112
3 0.3519 0.9344 0.0100 0.0125
3 0.3575 0.9328 0.0087 0.0125
3 0.3650 0.9303 0.0112 0.0138
3 0.3703 0.9231 0.0125 0.0150
3 0.3763 0.9197 0.0087 0.0112
3 0.3816 0.9150 0.0100 0.0112
3 0.3853 0.9119 0.0112 0.0112
3 0.1941 0.6866 0.0100 0.0138
3 0.3187 0.8219 0.0125 0.0125
3 0.3269 0.8556 0.0100 0.0050
3 0.3334 0.8169 0.0075 0.0150
3 0.3381 0.8219 0.0075 0.0125
3 0.3456 0.8266 0.0100 0.0125
3 0.3525 0.8613 0.0112 0.0100
3 0.3628 0.8647 0.0100 0.0075
3 0.3641 0.8759 0.0125 0.0112
3 0.5131 0.9313 0.0138 0.0125
3 0.5281 0.9338 0.0125 0.0112
