3 0.0750 0.8912 0.0063 0.0138
3 0.0619 0.9000 0.0112 0.0063
3 0.0619 0.9084 0.0112 0.0075
3 0.0613 0.9134 0.0100 0.0050
3 0.0813 0.9322 0.0063 0.0112
3 0.0744 0.9328 0.0050 0.0125
3 0.3181 0.6678 0.0050 0.0138
3 0.2997 0.7328 0.0087 0.0063
3 0.3912 0.9591 0.0138 0.0087
3 0.4266 0.9856 0.0125 0.0150
3 0.4275 0.9928 0.0112 0.0138
3 0.2766 0.9775 0.0063 0.0112
3 0.0634 0.8884 0.0112 0.0050
3 0.0894 0.9119 0.0100 0.0050
3 0.0900 0.9056 0.0112 0.0050
3 0.3256 0.7081 0.0075 0.0100
3 0.4162 0.7266 0.0138 0.0063
3 0.4000 0.7438 0.0125 0.0063
3 0.3844 0.7406 0.0125 0.0063
3 0.3706 0.7412 0.0100 0.0075
3 0.2897 0.7625 0.0138 0.0063
3 0.2938 0.7562 0.0125 0.0063
3 0.2978 0.7494 0.0112 0.0050
3 0.4603 0.5456 0.0112 0.0100
3 0.4659 0.5409 0.0100 0.0100
3 0.2572 0.7775 0.0050 0.0112
3 0.1837 0.8369 0.0112 0.0050
3 0.1588 0.8469 0.0112 0.0063
3 0.1588 0.8594 0.0112 0.0063
3 0.1712 0.8797 0.0112 0.0125
3 0.1562 0.9609 0.0125 0.0063
3 0.1547 0.9734 0.0125 0.0063
3 0.1844 0.9672 0.0125 0.0063
3 0.1847 0.9744 0.0100 0.0050
3 0.1847 0.9791 0.0100 0.0050
3 0.1853 0.9875 0.0112 0.0063
3 0.1087 0.9244 0.0112 0.0050
3 0.1075 0.9300 0.0087 0.0037
3 0.0906 0.8938 0.0125 0.0063
3 0.0900 0.8994 0.0112 0.0050
3 0.3144 0.7119 0.0100 0.0050
3 0.2766 0.7200 0.0125 0.0087
3 0.2863 0.7091 0.0100 0.0087
3 0.2844 0.6734 0.0063 0.0125
3 0.9191 0.1509 0.0163 0.0175
3 0.6809 0.4444 0.0212 0.0200
3 0.6750 0.4491 0.0187 0.0200
3 0.8887 0.3578 0.0212 0.0187
3 0.9238 0.1559 0.0163 0.0150
3 0.1675 0.0028 0.0037 0.0025
3 0.1775 0.0041 0.0050 0.0050
3 0.1837 0.0034 0.0050 0.0037
3 0.1903 0.0041 0.0025 0.0050
3 0.0762 0.0394 0.0087 0.0037
3 0.0863 0.0525 0.0037 0.0112
3 0.1025 0.0528 0.0050 0.0087
3 0.1944 0.0656 0.0075 0.0125
3 0.1938 0.0963 0.0063 0.0112
3 0.2259 0.1962 0.0050 0.0112
3 0.0744 0.1466 0.0050 0.0087
3 0.0816 0.1462 0.0037 0.0112
3 0.0903 0.1472 0.0025 0.0100
3 0.0972 0.1466 0.0037 0.0087
3 0.1969 0.1594 0.0125 0.0063
3 0.0634 0.3219 0.0050 0.0125
3 0.2291 0.5856 0.0050 0.0150
3 0.1556 0.6400 0.0050 0.0112
3 0.1681 0.6416 0.0050 0.0112
3 0.0869 0.7003 0.0050 0.0100
3 0.0453 0.7297 0.0125 0.0063
3 0.0834 0.7372 0.0138 0.0087
3 0.2619 0.6156 0.0050 0.0125
3 0.2869 0.5925 0.0112 0.0100
3 0.2866 0.6081 0.0138 0.0100
3 0.3241 0.6369 0.0075 0.0112
3 0.1722 0.0034 0.0037 0.0037
3 0.1606 0.0034 0.0025 0.0037
3 0.1550 0.0034 0.0037 0.0037
3 0.2275 0.0422 0.0050 0.0125
3 0.1275 0.0041 0.0050 0.0050
3 0.1331 0.0041 0.0037 0.0050
3 0.1384 0.0028 0.0050 0.0025
3 0.1441 0.0034 0.0037 0.0037
3 0.1487 0.0034 0.0037 0.0037
3 0.7516 0.3456 0.0063 0.0100
3 0.9750 0.4925 0.0125 0.0163
3 0.7503 0.1400 0.0100 0.0112
3 0.7594 0.1316 0.0125 0.0100
3 0.8562 0.1000 0.0125 0.0125
3 0.8713 0.0844 0.0112 0.0125
3 0.8100 0.0506 0.0138 0.0138
3 0.7594 0.0191 0.0125 0.0100
3 0.7478 0.0022 0.0112 0.0013
3 0.8025 0.0156 0.0112 0.0125
3 0.7922 0.0053 0.0125 0.0075
3 0.8666 0.0056 0.0112 0.0112
3 0.8656 0.0128 0.0125 0.0100
3 0.8594 0.0181 0.0125 0.0112
3 0.8553 0.0275 0.0138 0.0112
3 0.8484 0.0359 0.0125 0.0125
3 0.8444 0.0416 0.0138 0.0112
3 0.8381 0.0469 0.0138 0.0125
3 0.7578 0.3469 0.0063 0.0125
3 0.7438 0.3416 0.0063 0.0112
3 0.7384 0.3400 0.0050 0.0112
3 0.7300 0.4119 0.0100 0.0112
3 0.7234 0.4078 0.0125 0.0125
3 0.7900 0.3534 0.0050 0.0100
3 0.7853 0.3588 0.0050 0.0112
3 0.7791 0.3566 0.0050 0.0100
3 0.7734 0.3525 0.0063 0.0112
3 0.7656 0.3494 0.0063 0.0112
3 0.7053 0.3306 0.0075 0.0112
3 0.7331 0.3063 0.0100 0.0125
3 0.7369 0.3103 0.0112 0.0112
3 0.7256 0.3350 0.0075 0.0138
3 0.7322 0.3384 0.0050 0.0112
