3 0.4575 0.6769 0.0087 0.0100
3 0.4516 0.6900 0.0125 0.0112
3 0.4306 0.7019 0.0112 0.0100
3 0.4222 0.7044 0.0100 0.0087
3 0.4191 0.7091 0.0100 0.0087
3 0.4106 0.7166 0.0087 0.0112
3 0.4069 0.7231 0.0075 0.0087
3 0.4009 0.7516 0.0112 0.0125
3 0.3956 0.7644 0.0100 0.0100
3 0.3916 0.7688 0.0112 0.0063
3 0.3888 0.7747 0.0087 0.0087
3 0.3987 0.7331 0.0100 0.0100
3 0.3888 0.7403 0.0087 0.0087
3 0.3869 0.7463 0.0112 0.0112
3 0.4534 0.6819 0.0100 0.0075
3 0.4612 0.6581 0.0100 0.0100
3 0.4531 0.6431 0.0125 0.0112
3 0.6956 0.4931 0.0100 0.0112
3 0.7166 0.4666 0.0112 0.0112
3 0.7019 0.4838 0.0100 0.0112
3 0.6909 0.4969 0.0100 0.0125
3 0.7269 0.4566 0.0100 0.0100
3 0.9863 0.5019 0.0163 0.0100
3 0.8363 0.3831 0.0100 0.0100
3 0.8331 0.3884 0.0100 0.0112
3 0.8025 0.4197 0.0112 0.0112
3 0.7956 0.4300 0.0100 0.0100
3 0.7900 0.4331 0.0112 0.0100
3 0.7878 0.4369 0.0100 0.0112
3 0.7362 0.4672 0.0100 0.0063
3 0.7331 0.4716 0.0100 0.0087
3 0.7253 0.4791 0.0100 0.0112
3 0.7134 0.4947 0.0112 0.0112
3 0.7172 0.4881 0.0125 0.0138
3 0.7025 0.5072 0.0112 0.0112
3 0.6941 0.5138 0.0100 0.0087
3 0.6894 0.5191 0.0100 0.0100
3 0.4444 0.5944 0.0200 0.0200
3 0.7731 0.0647 0.0212 0.0200
3 0.7537 0.0788 0.0200 0.0200
3 0.3563 0.8094 0.0063 0.0125
