3 0.9931 0.1381 0.0050 0.0075
3 0.9991 0.1397 0.0013 0.0075
3 0.9875 0.1381 0.0063 0.0075
3 0.9812 0.1381 0.0063 0.0075
3 0.9753 0.1394 0.0037 0.0100
3 0.9681 0.1394 0.0050 0.0100
3 0.9950 0.1487 0.0087 0.0037
3 0.9478 0.1387 0.0050 0.0087
3 0.9400 0.1378 0.0050 0.0100
3 0.9313 0.1369 0.0063 0.0112
3 0.9128 0.1478 0.0100 0.0050
3 0.9228 0.1381 0.0050 0.0138
3 0.9166 0.1384 0.0050 0.0112
3 0.9109 0.1387 0.0063 0.0087
3 0.9025 0.1369 0.0050 0.0112
3 0.9681 0.1791 0.0050 0.0112
3 0.9603 0.1794 0.0050 0.0087
3 0.9509 0.1794 0.0050 0.0087
3 0.9228 0.1797 0.0050 0.0125
3 0.8953 0.1791 0.0063 0.0112
3 0.8759 0.1775 0.0050 0.0112
3 0.8675 0.1781 0.0037 0.0125
3 0.8625 0.1762 0.0063 0.0087
3 0.8175 0.1456 0.0100 0.0037
3 0.8363 0.1413 0.0037 0.0138
3 0.8425 0.1406 0.0037 0.0125
3 0.8534 0.1431 0.0037 0.0112
3 0.8591 0.1431 0.0025 0.0112
3 0.8650 0.1416 0.0050 0.0112
3 0.8719 0.1413 0.0063 0.0138
3 0.9313 0.0869 0.0063 0.0112
3 0.9250 0.0878 0.0063 0.0100
3 0.9478 0.0994 0.0112 0.0112
3 0.8978 0.1378 0.0050 0.0100
3 0.5553 0.2781 0.0200 0.0187
3 0.1025 0.2838 0.0050 0.0112
3 0.2081 0.3000 0.0037 0.0125
3 0.1962 0.3003 0.0050 0.0100
3 0.1862 0.3013 0.0037 0.0087
3 0.1806 0.3003 0.0050 0.0100
3 0.1750 0.3003 0.0063 0.0100
3 0.1681 0.3009 0.0050 0.0112
3 0.1619 0.2987 0.0050 0.0100
3 0.1562 0.2978 0.0063 0.0112
3 0.1487 0.3009 0.0037 0.0112
3 0.1431 0.3009 0.0050 0.0112
3 0.1363 0.2994 0.0037 0.0112
3 0.1250 0.2987 0.0063 0.0100
3 0.1197 0.3003 0.0050 0.0100
3 0.1087 0.2994 0.0050 0.0112
3 0.1025 0.2984 0.0050 0.0125
3 0.1291 0.3112 0.0112 0.0100
3 0.0741 0.3119 0.0138 0.0050
3 0.0728 0.3197 0.0112 0.0050
3 0.0734 0.3369 0.0125 0.0050
3 0.0722 0.3419 0.0100 0.0025
3 0.0719 0.3494 0.0125 0.0050
3 0.0731 0.3550 0.0087 0.0037
3 0.0738 0.3612 0.0100 0.0037
3 0.0719 0.3712 0.0125 0.0050
3 0.0728 0.3775 0.0112 0.0050
3 0.0900 0.2838 0.0050 0.0112
3 0.0947 0.2447 0.0050 0.0112
3 0.2422 0.3941 0.0063 0.0100
3 0.0691 0.2375 0.0037 0.0125
3 0.2116 0.2134 0.0138 0.0112
3 0.2097 0.2284 0.0100 0.0100
3 0.2112 0.2341 0.0100 0.0087
3 0.2112 0.2441 0.0100 0.0100
3 0.2094 0.2506 0.0125 0.0138
3 0.1909 0.2109 0.0100 0.0125
3 0.1916 0.2244 0.0112 0.0112
3 0.1900 0.2322 0.0112 0.0112
3 0.1894 0.2394 0.0100 0.0100
3 0.1894 0.2462 0.0100 0.0112
3 0.1825 0.2025 0.0087 0.0112
3 0.1816 0.2087 0.0100 0.0112
3 0.1825 0.2159 0.0087 0.0100
3 0.1809 0.2222 0.0087 0.0100
3 0.1809 0.2319 0.0087 0.0075
3 0.1803 0.2381 0.0075 0.0075
3 0.1794 0.2450 0.0087 0.0087
3 0.1822 0.2522 0.0112 0.0075
3 0.1806 0.2594 0.0112 0.0125
3 0.2044 0.2844 0.0087 0.0125
3 0.1972 0.2844 0.0100 0.0125
3 0.1903 0.2847 0.0087 0.0100
3 0.1841 0.2856 0.0087 0.0087
3 0.1719 0.2831 0.0063 0.0100
3 0.1681 0.2825 0.0050 0.0087
3 0.4600 0.1369 0.0138 0.0112
3 0.2509 0.0594 0.0050 0.0125
3 0.2416 0.2188 0.0050 0.0125
3 0.2675 0.2194 0.0037 0.0138
3 0.2853 0.2156 0.0050 0.0125
3 0.2838 0.2963 0.0050 0.0112
3 0.2650 0.4144 0.0050 0.0100
3 0.1194 0.1575 0.0450 0.0087
3 0.2762 0.2484 0.0087 0.0312
3 0.2778 0.8353 0.0087 0.0175
3 0.2666 0.3019 0.0050 0.0100
3 0.8812 0.0788 0.0063 0.0263
3 0.6725 0.0494 0.0138 0.0050
3 0.7737 0.0281 0.0100 0.0125
3 0.7628 0.0356 0.0100 0.0087
3 0.7528 0.0431 0.0087 0.0112
3 0.6094 0.1562 0.0125 0.0063
3 0.3134 0.1519 0.0112 0.0037
3 0.2987 0.1525 0.0100 0.0050
3 0.2909 0.1594 0.0100 0.0063
3 0.2838 0.1681 0.0112 0.0050
3 0.2544 0.1588 0.0150 0.0050
3 0.2391 0.1672 0.0125 0.0063
3 0.2041 0.1578 0.0112 0.0063
3 0.3656 0.1619 0.0125 0.0050
3 0.2913 0.1894 0.0075 0.0100
3 0.2750 0.2031 0.0063 0.0125
3 0.2681 0.1994 0.0050 0.0112
3 0.2666 0.2406 0.0050 0.0125
3 0.2822 0.2491 0.0050 0.0138
3 0.2369 0.2656 0.0050 0.0125
3 0.2666 0.2719 0.0050 0.0125
3 0.2737 0.3206 0.0037 0.0100
3 0.2816 0.3450 0.0037 0.0087
3 0.2816 0.4019 0.0037 0.0100
3 0.2487 0.3556 0.0037 0.0112
3 0.2650 0.3372 0.0050 0.0087
3 0.0887 0.1653 0.0400 0.0087
3 0.6744 0.0556 0.0112 0.0050
3 0.6769 0.0375 0.0100 0.0063
3 0.2062 0.0234 0.0125 0.0063
3 0.5088 0.1044 0.0112 0.0087
3 0.1337 0.0316 0.0112 0.0037
3 0.2066 0.0759 0.0100 0.0050
3 0.2034 0.0909 0.0100 0.0037
3 0.2081 0.1041 0.0100 0.0050
3 0.2425 0.0744 0.0037 0.0112
3 0.2503 0.0847 0.0037 0.0100
3 0.2431 0.0956 0.0050 0.0100
3 0.2416 0.1113 0.0050 0.0100
3 0.2509 0.1072 0.0050 0.0112
3 0.2612 0.1072 0.0037 0.0112
3 0.2747 0.0775 0.0025 0.0112
3 0.2956 0.0731 0.0037 0.0087
3 0.3041 0.0669 0.0112 0.0087
3 0.3594 0.0797 0.0125 0.0125
3 0.3566 0.0944 0.0100 0.0075
3 0.3922 0.0291 0.0063 0.0112
3 0.3962 0.0531 0.0112 0.0063
3 0.5119 0.0700 0.0112 0.0087
3 0.5372 0.0519 0.0087 0.0100
3 0.5588 0.0387 0.0112 0.0087
3 0.5866 0.0212 0.0138 0.0112
3 0.5966 0.0138 0.0087 0.0087
3 0.5869 0.0131 0.0112 0.0075
3 0.5744 0.0206 0.0112 0.0100
3 0.6225 0.0275 0.0138 0.0112
3 0.0706 0.3878 0.0100 0.0037
3 0.0713 0.3962 0.0112 0.0050
3 0.0713 0.4019 0.0112 0.0037
3 0.1831 0.9400 0.0100 0.0050
3 0.1831 0.9478 0.0100 0.0050
3 0.1837 0.9603 0.0112 0.0050
3 0.1712 0.9938 0.0112 0.0063
3 0.1831 0.9791 0.0100 0.0050
3 0.1831 0.9844 0.0100 0.0063
3 0.1825 0.9922 0.0087 0.0063
3 0.1244 0.9769 0.0050 0.0100
3 0.1197 0.9762 0.0050 0.0087
3 0.2081 0.9150 0.0100 0.0112
3 0.2081 0.9209 0.0100 0.0075
3 0.2066 0.9309 0.0100 0.0087
3 0.2062 0.9416 0.0125 0.0050
3 0.2056 0.9503 0.0112 0.0100
3 0.2056 0.9603 0.0112 0.0112
3 0.2081 0.9700 0.0100 0.0087
3 0.2072 0.9762 0.0112 0.0087
3 0.2062 0.9831 0.0125 0.0100
3 0.2066 0.9919 0.0100 0.0087
3 0.1831 0.9291 0.0100 0.0050
3 0.1837 0.9338 0.0112 0.0050
3 0.1719 0.9750 0.0125 0.0063
3 0.0728 0.4056 0.0112 0.0050
3 0.1019 0.3875 0.0100 0.0063
3 0.1000 0.4353 0.0125 0.0050
3 0.0641 0.4916 0.0125 0.0050
3 0.0578 0.5006 0.0125 0.0075
3 0.0759 0.5006 0.0112 0.0075
3 0.1234 0.4753 0.0125 0.0037
3 0.1413 0.4750 0.0138 0.0063
3 0.1634 0.4609 0.0112 0.0063
3 0.1806 0.4666 0.0050 0.0112
3 0.1941 0.4562 0.0100 0.0063
3 0.1953 0.4619 0.0125 0.0050
3 0.2325 0.4609 0.0087 0.0125
3 0.2641 0.4931 0.0063 0.0112
3 0.2797 0.5069 0.0063 0.0138
3 0.2469 0.5044 0.0063 0.0150
3 0.2469 0.5475 0.0063 0.0138
3 0.1844 0.4938 0.0125 0.0063
3 0.2031 0.5153 0.0125 0.0087
3 0.2097 0.5291 0.0100 0.0050
3 0.2087 0.5375 0.0112 0.0063
3 0.2087 0.5425 0.0112 0.0037
3 0.2081 0.5547 0.0100 0.0063
3 0.2100 0.5619 0.0138 0.0050
3 0.1816 0.5144 0.0100 0.0037
3 0.1825 0.5206 0.0087 0.0037
3 0.1762 0.5328 0.0087 0.0063
3 0.1019 0.3984 0.0100 0.0063
3 0.1028 0.3744 0.0087 0.0050
3 0.1656 0.5447 0.0125 0.0050
3 0.1322 0.3681 0.0050 0.0112
3 0.0722 0.4113 0.0100 0.0037
3 0.0713 0.4244 0.0112 0.0050
3 0.0719 0.4309 0.0125 0.0025
3 0.0725 0.4356 0.0138 0.0025
3 0.0725 0.4431 0.0138 0.0050
3 0.0719 0.4472 0.0125 0.0037
3 0.0719 0.4525 0.0125 0.0050
3 0.0725 0.4603 0.0138 0.0050
3 0.0850 0.4681 0.0075 0.0112
3 0.1034 0.3306 0.0100 0.0050
3 0.1025 0.3378 0.0112 0.0037
3 0.1019 0.3441 0.0100 0.0037
3 0.1159 0.3269 0.0037 0.0100
3 0.1212 0.3269 0.0050 0.0100
3 0.1313 0.3263 0.0063 0.0150
3 0.1369 0.3281 0.0050 0.0125
3 0.1425 0.3284 0.0037 0.0100
3 0.1150 0.3406 0.0050 0.0125
3 0.1212 0.3394 0.0050 0.0100
3 0.1275 0.3403 0.0050 0.0087
3 0.1375 0.3394 0.0063 0.0100
3 0.1437 0.3400 0.0063 0.0112
3 0.1734 0.3291 0.0063 0.0112
3 0.1462 0.3666 0.0050 0.0112
3 0.1400 0.3681 0.0050 0.0112
3 0.1656 0.5369 0.0125 0.0050
3 0.1666 0.5191 0.0112 0.0037
3 0.1709 0.9675 0.0075 0.0037
3 0.1431 0.8650 0.0050 0.0112
3 0.0534 0.9019 0.0037 0.0100
3 0.0488 0.9019 0.0037 0.0100
3 0.0422 0.9150 0.0063 0.0112
3 0.0831 0.9369 0.0100 0.0050
3 0.0838 0.9666 0.0112 0.0050
3 0.1113 0.8822 0.0037 0.0112
3 0.1237 0.8838 0.0037 0.0112
3 0.1428 0.8822 0.0075 0.0112
3 0.1519 0.8806 0.0100 0.0112
3 0.1600 0.8791 0.0075 0.0112
3 0.1706 0.8812 0.0100 0.0125
3 0.1847 0.8806 0.0100 0.0112
3 0.2019 0.8984 0.0100 0.0125
3 0.2066 0.9072 0.0100 0.0112
3 0.0706 0.9062 0.0100 0.0063
3 0.1837 0.9150 0.0112 0.0112
3 0.2275 0.9400 0.0050 0.0112
3 0.2416 0.9713 0.0050 0.0112
3 0.1744 0.9213 0.0050 0.0112
3 0.1722 0.9291 0.0100 0.0050
3 0.1709 0.9363 0.0075 0.0037
3 0.1700 0.9416 0.0087 0.0050
3 0.1719 0.9472 0.0125 0.0037
3 0.1712 0.9556 0.0112 0.0050
3 0.1719 0.9603 0.0125 0.0050
3 0.1375 0.8650 0.0063 0.0112
3 0.1487 0.8666 0.0037 0.0112
3 0.1644 0.5134 0.0100 0.0050
3 0.1641 0.8672 0.0063 0.0125
3 0.1363 0.5469 0.0100 0.0063
3 0.1363 0.5556 0.0100 0.0050
3 0.1363 0.5641 0.0100 0.0063
3 0.1703 0.5737 0.0063 0.0100
3 0.1525 0.5728 0.0050 0.0112
3 0.2681 0.6025 0.0050 0.0112
3 0.2103 0.6328 0.0112 0.0125
3 0.2369 0.6850 0.0050 0.0138
3 0.2675 0.7025 0.0037 0.0112
3 0.2800 0.7119 0.0037 0.0112
3 0.2681 0.7422 0.0050 0.0125
3 0.2456 0.7631 0.0037 0.0138
3 0.2375 0.7634 0.0063 0.0112
3 0.2087 0.7219 0.0112 0.0125
3 0.2087 0.7494 0.0112 0.0112
3 0.2075 0.8225 0.0150 0.0138
3 0.2681 0.8906 0.0050 0.0125
3 0.0616 0.7131 0.0138 0.0075
3 0.0859 0.7150 0.0125 0.0050
3 0.1134 0.7656 0.0050 0.0125
3 0.0816 0.8350 0.0037 0.0138
3 0.1984 0.8684 0.0063 0.0150
3 0.1916 0.8669 0.0050 0.0150
3 0.1844 0.8656 0.0063 0.0125
3 0.1781 0.8666 0.0063 0.0112
