3 0.6062 0.3806 0.0187 0.0175
3 0.6447 0.4159 0.0175 0.0163
3 0.6672 0.4328 0.0187 0.0187
3 0.6869 0.4497 0.0175 0.0150
3 0.7109 0.4278 0.0187 0.0212
3 0.2425 0.0809 0.0163 0.0150
3 0.2188 0.0619 0.0187 0.0175
3 0.2019 0.0456 0.0163 0.0163
3 0.3016 0.1703 0.0187 0.0187
3 0.3394 0.2934 0.0100 0.0212
3 0.3187 0.1475 0.0187 0.0200
3 0.3013 0.1325 0.0212 0.0212
3 0.3384 0.1197 0.0175 0.0175
3 0.3150 0.0997 0.0175 0.0150
3 0.2981 0.0850 0.0150 0.0138
3 0.6900 0.4109 0.0175 0.0187
3 0.7828 0.6194 0.0187 0.0200
3 0.7662 0.6406 0.0200 0.0187
3 0.7525 0.6600 0.0238 0.0200
3 0.6216 0.3941 0.0150 0.0163
3 0.5194 0.2675 0.0200 0.0163
3 0.7375 0.7178 0.0187 0.0200
3 0.5388 0.2841 0.0212 0.0212
3 0.1906 0.1869 0.0187 0.0175
3 0.1447 0.2553 0.0175 0.0138
3 0.1897 0.2978 0.0200 0.0175
3 0.2153 0.2703 0.0212 0.0187
3 0.2797 0.2100 0.0187 0.0138
3 0.3119 0.1972 0.0175 0.0225
3 0.3253 0.1837 0.0163 0.0175
3 0.2928 0.1856 0.0200 0.0150
3 0.6109 0.3400 0.0187 0.0175
3 0.5947 0.3272 0.0175 0.0138
3 0.5784 0.3128 0.0163 0.0163
3 0.5622 0.2984 0.0212 0.0187
3 0.7619 0.6734 0.0175 0.0187
3 0.8025 0.6388 0.0175 0.0212
3 0.2334 0.0291 0.0138 0.0175
3 0.2194 0.0156 0.0200 0.0187
3 0.2506 0.0444 0.0200 0.0200
3 0.8134 0.6216 0.0175 0.0212
3 0.2662 0.0584 0.0200 0.0200
3 0.8325 0.6016 0.0212 0.0187
3 0.8637 0.5128 0.0212 0.0225
3 0.4981 0.2506 0.0212 0.0200
3 0.4794 0.2356 0.0212 0.0212
3 0.3956 0.3109 0.0225 0.0187
3 0.3681 0.3147 0.0175 0.0200
3 0.2125 0.2847 0.0250 0.0163
3 0.2266 0.2609 0.0187 0.0187
3 0.1825 0.2000 0.0212 0.0187
3 0.1606 0.2319 0.0212 0.0200
3 0.1369 0.2675 0.0175 0.0163
3 0.3306 0.2562 0.0238 0.0187
3 0.3522 0.2700 0.0263 0.0212
3 0.2847 0.1969 0.0225 0.0187
3 0.2200 0.1500 0.0212 0.0187
3 0.3600 0.1384 0.0200 0.0175
3 0.2828 0.1172 0.0250 0.0187
3 0.2622 0.1006 0.0212 0.0200
3 0.2812 0.0728 0.0187 0.0175
3 0.3759 0.1528 0.0175 0.0150
3 0.3559 0.1781 0.0212 0.0125
3 0.3763 0.1950 0.0212 0.0212
3 0.3928 0.1641 0.0200 0.0187
3 0.4194 0.2306 0.0200 0.0175
3 0.4353 0.2472 0.0112 0.0225
3 0.4572 0.2175 0.0175 0.0163
3 0.4612 0.2381 0.0225 0.0200
3 0.2794 0.2322 0.0150 0.0175
3 0.2009 0.1812 0.0175 0.0187
3 0.3187 0.2481 0.0187 0.0150
3 0.3575 0.2766 0.0150 0.0125
3 0.3650 0.2831 0.0175 0.0163
3 0.3753 0.2903 0.0163 0.0150
3 0.3853 0.2975 0.0175 0.0138
3 0.5781 0.3606 0.0250 0.0275
3 0.7978 0.6038 0.0175 0.0200
3 0.8063 0.5791 0.0125 0.0238
3 0.8397 0.5284 0.0263 0.0163
3 0.8928 0.4688 0.0138 0.0187
3 0.9050 0.4506 0.0163 0.0200
3 0.9181 0.4291 0.0175 0.0238
3 0.9319 0.4053 0.0138 0.0200
3 0.8894 0.2909 0.0225 0.0163
3 0.7934 0.8778 0.0212 0.0212
