3 0.5813 0.2494 0.0187 0.0175
3 0.5725 0.2625 0.0200 0.0187
3 0.3875 0.2806 0.0187 0.0112
3 0.3953 0.2678 0.0187 0.0200
3 0.4059 0.2506 0.0212 0.0200
3 0.4153 0.2437 0.0212 0.0187
3 0.4206 0.2347 0.0225 0.0225
3 0.1819 0.1525 0.0200 0.0175
3 0.1984 0.1347 0.0187 0.0163
3 0.2041 0.1253 0.0175 0.0163
3 0.2122 0.1081 0.0212 0.0163
3 0.2250 0.0900 0.0187 0.0175
3 0.5903 0.2359 0.0212 0.0187
3 0.6116 0.1097 0.0200 0.0225
3 0.6206 0.1003 0.0163 0.0163
3 0.8628 0.0784 0.0100 0.0225
3 0.9056 0.0497 0.0112 0.0212
3 0.9244 0.0762 0.0112 0.0212
3 0.8628 0.0459 0.0100 0.0200
3 0.8497 0.0459 0.0087 0.0200
3 0.8825 0.0766 0.0087 0.0187
3 0.8512 0.0762 0.0087 0.0212
3 0.2569 0.1588 0.0200 0.0175
3 0.8519 0.1391 0.0100 0.0187
3 0.8637 0.1387 0.0087 0.0150
3 0.8747 0.1387 0.0087 0.0150
3 0.8841 0.1391 0.0087 0.0187
3 0.9044 0.1400 0.0087 0.0175
3 0.9150 0.1409 0.0112 0.0225
3 0.9338 0.1397 0.0112 0.0200
3 0.9544 0.1428 0.0087 0.0200
3 0.8841 0.1653 0.0087 0.0212
3 0.8603 0.1681 0.0112 0.0238
3 0.2475 0.1678 0.0200 0.0200
3 0.2631 0.1487 0.0200 0.0163
3 0.7791 0.6434 0.0112 0.0212
3 0.5400 0.2059 0.0238 0.0212
3 0.5269 0.2281 0.0225 0.0250
3 0.2559 0.1978 0.0212 0.0175
3 0.3362 0.2366 0.0163 0.0138
3 0.3291 0.2441 0.0175 0.0163
3 0.3225 0.2550 0.0138 0.0163
3 0.7662 0.5094 0.0138 0.0187
3 0.7456 0.6684 0.0100 0.0212
3 0.5906 0.1369 0.0187 0.0175
3 0.3256 0.2112 0.0200 0.0163
3 0.8947 0.0769 0.0112 0.0225
3 0.9150 0.0462 0.0112 0.0238
3 0.8666 0.2241 0.0175 0.0138
