3 0.4191 0.8222 0.0225 0.0225
3 0.5147 0.7600 0.0075 0.0263
3 0.4906 0.6769 0.0125 0.0287
3 0.5766 0.0059 0.0125 0.0087
3 0.5319 0.0269 0.0200 0.0225
3 0.4272 0.7906 0.0200 0.0250
3 0.4831 0.0981 0.0100 0.0150
3 0.4522 0.1378 0.0075 0.0163
3 0.4641 0.1991 0.0063 0.0138
3 0.4203 0.1769 0.0063 0.0163
3 0.4562 0.2203 0.0063 0.0125
3 0.4703 0.2381 0.0063 0.0138
3 0.4813 0.2884 0.0063 0.0112
3 0.4881 0.5569 0.0075 0.0138
3 0.4756 0.5022 0.0075 0.0138
3 0.5022 0.5806 0.0075 0.0175
3 0.4878 0.5787 0.0100 0.0138
3 0.6809 0.5669 0.0275 0.0150
3 0.6844 0.5575 0.0125 0.0087
3 0.7063 0.5509 0.0125 0.0112
3 0.7537 0.5312 0.0138 0.0125
3 0.7722 0.8313 0.0225 0.0187
3 0.0284 0.8059 0.0100 0.0087
3 0.0331 0.8250 0.0100 0.0125
3 0.0547 0.8512 0.0125 0.0087
3 0.0884 0.8347 0.0112 0.0100
3 0.1237 0.8825 0.0163 0.0087
3 0.2431 0.8662 0.0112 0.0075
3 0.5125 0.8191 0.0063 0.0100
3 0.5078 0.8728 0.0063 0.0112
3 0.4831 0.9634 0.0100 0.0112
3 0.4600 0.9900 0.0075 0.0112
3 0.5234 0.7147 0.0063 0.0138
3 0.5803 0.4594 0.0075 0.0125
3 0.5866 0.4537 0.0075 0.0138
