3 0.6603 0.2525 0.0112 0.0050
3 0.6566 0.2072 0.0100 0.0050
3 0.6478 0.2141 0.0112 0.0063
3 0.7506 0.1962 0.0138 0.0050
3 0.7125 0.2125 0.0125 0.0063
3 0.6916 0.2188 0.0112 0.0063
3 0.7391 0.2209 0.0125 0.0075
3 0.7087 0.2494 0.0112 0.0050
3 0.7166 0.2566 0.0112 0.0037
3 0.7031 0.2556 0.0125 0.0050
3 0.6759 0.2541 0.0112 0.0050
3 0.6487 0.2453 0.0100 0.0063
3 0.6472 0.2519 0.0100 0.0037
3 0.6416 0.2587 0.0112 0.0050
3 0.6219 0.2494 0.0125 0.0050
3 0.5847 0.2500 0.0100 0.0063
3 0.5588 0.2494 0.0112 0.0050
3 0.5028 0.2431 0.0087 0.0050
3 0.5175 0.2456 0.0100 0.0037
3 0.4775 0.2444 0.0112 0.0075
3 0.4509 0.2425 0.0112 0.0037
3 0.4369 0.2425 0.0112 0.0037
3 0.6197 0.1869 0.0112 0.0050
3 0.5312 0.2094 0.0125 0.0063
3 0.4963 0.2000 0.0112 0.0063
3 0.5984 0.2053 0.0312 0.0075
3 0.1844 0.9938 0.0250 0.0125
3 0.1819 0.9872 0.0263 0.0150
3 0.1812 0.9794 0.0250 0.0150
3 0.1828 0.9725 0.0250 0.0138
3 0.1969 0.9491 0.0250 0.0138
3 0.1641 0.9584 0.0250 0.0138
3 0.0988 0.1938 0.0287 0.0063
3 0.2500 0.1672 0.0250 0.0063
3 0.6697 0.1825 0.0238 0.0087
3 0.4634 0.2062 0.0238 0.0063
3 0.3781 0.2400 0.0125 0.0050
3 0.3894 0.1978 0.0100 0.0050
3 0.3209 0.2041 0.0138 0.0050
3 0.4544 0.1706 0.0087 0.0037
3 0.2838 0.1744 0.0112 0.0050
3 0.2978 0.1938 0.0112 0.0063
3 0.2656 0.1994 0.0125 0.0050
3 0.1650 0.2016 0.0112 0.0063
3 0.0684 0.1941 0.0087 0.0037
3 0.0906 0.2034 0.0125 0.0037
3 0.0519 0.2041 0.0100 0.0050
3 0.2025 0.1369 0.0112 0.0050
3 0.2116 0.1281 0.0138 0.0063
3 0.3359 0.1306 0.0125 0.0050
3 0.5681 0.1175 0.0050 0.0100
3 0.5816 0.1175 0.0037 0.0100
3 0.4541 0.0534 0.0050 0.0100
3 0.4369 0.0541 0.0050 0.0112
3 0.3453 0.1681 0.0125 0.0050
3 0.4884 0.1800 0.0112 0.0037
3 0.4331 0.2481 0.0100 0.0025
3 0.5634 0.1812 0.0112 0.0063
3 0.3519 0.2462 0.0100 0.0050
3 0.3206 0.2441 0.0100 0.0037
3 0.3150 0.2369 0.0112 0.0050
3 0.2900 0.2437 0.0112 0.0063
3 0.2409 0.2425 0.0100 0.0037
3 0.2447 0.2369 0.0112 0.0050
3 0.2131 0.2362 0.0075 0.0037
3 0.2144 0.2425 0.0100 0.0037
3 0.1844 0.2275 0.0125 0.0050
3 0.1862 0.2437 0.0100 0.0063
3 0.1738 0.2431 0.0100 0.0050
3 0.1616 0.2431 0.0075 0.0050
3 0.1447 0.2431 0.0112 0.0050
3 0.1322 0.2425 0.0112 0.0037
3 0.1175 0.2431 0.0100 0.0050
3 0.1009 0.2431 0.0112 0.0050
3 0.0869 0.2431 0.0112 0.0050
3 0.0756 0.2425 0.0075 0.0037
3 0.0634 0.2431 0.0112 0.0050
3 0.0291 0.2441 0.0112 0.0037
3 0.1981 0.2016 0.0150 0.0063
3 0.4987 0.9934 0.0037 0.0087
3 0.5559 0.8969 0.0087 0.0063
3 0.6222 0.1416 0.0100 0.0050
3 0.7200 0.1487 0.0087 0.0037
3 0.7397 0.2578 0.0263 0.0063
3 0.0881 0.3581 0.0450 0.0100
3 0.1181 0.2969 0.0300 0.0125
3 0.0397 0.3563 0.0263 0.0063
3 0.1669 0.3703 0.0275 0.0125
3 0.0984 0.9887 0.0125 0.0212
3 0.1059 0.9875 0.0150 0.0250
3 0.1131 0.9856 0.0138 0.0275
3 0.1206 0.9850 0.0163 0.0263
3 0.1269 0.9825 0.0163 0.0275
3 0.6659 0.1447 0.0100 0.0050
3 0.6275 0.1562 0.0112 0.0063
3 0.5588 0.8791 0.0112 0.0050
3 0.5681 0.2894 0.0050 0.0100
3 0.5978 0.5750 0.0112 0.0063
3 0.5444 0.6469 0.0075 0.0125
3 0.5484 0.6281 0.0063 0.0125
3 0.5500 0.6166 0.0063 0.0112
3 0.5447 0.5581 0.0050 0.0100
3 0.5609 0.5378 0.0063 0.0100
3 0.5628 0.5262 0.0037 0.0087
3 0.5494 0.5181 0.0050 0.0112
3 0.5644 0.5144 0.0037 0.0100
3 0.5556 0.4378 0.0050 0.0100
3 0.5697 0.4356 0.0050 0.0087
3 0.5703 0.4231 0.0063 0.0087
3 0.5581 0.3647 0.0037 0.0075
3 0.5588 0.3519 0.0050 0.0100
3 0.5728 0.3775 0.0050 0.0112
3 0.5728 0.3513 0.0050 0.0087
3 0.5728 0.3387 0.0050 0.0087
3 0.5734 0.3128 0.0063 0.0100
3 0.5744 0.2997 0.0050 0.0087
3 0.5744 0.2878 0.0050 0.0100
3 0.5613 0.2972 0.0037 0.0100
3 0.5250 0.7222 0.0063 0.0100
3 0.5306 0.7003 0.0050 0.0100
3 0.5437 0.6613 0.0063 0.0100
3 0.5509 0.5019 0.0050 0.0100
3 0.5563 0.3897 0.0063 0.0138
3 0.9009 0.2291 0.0112 0.0050
3 0.8266 0.2487 0.0125 0.0037
3 0.7728 0.2612 0.0112 0.0037
3 0.5619 0.3125 0.0050 0.0125
3 0.4775 0.6091 0.0112 0.0275
3 0.0619 0.3406 0.0112 0.0063
3 0.2662 0.3841 0.0138 0.0087
3 0.5281 0.7112 0.0063 0.0100
3 0.5250 0.7331 0.0063 0.0100
3 0.7963 0.2634 0.0112 0.0050
3 0.9525 0.2425 0.0112 0.0037
3 0.8731 0.2337 0.0087 0.0050
3 0.8216 0.2300 0.0087 0.0037
3 0.8047 0.2181 0.0125 0.0050
3 0.7853 0.1519 0.0112 0.0037
3 0.8203 0.1550 0.0125 0.0037
3 0.8753 0.1753 0.0100 0.0037
3 0.9550 0.2134 0.0100 0.0050
3 0.8247 0.2612 0.0087 0.0037
3 0.8331 0.2687 0.0100 0.0063
3 0.8597 0.2712 0.0100 0.0050
3 0.8531 0.2634 0.0125 0.0050
3 0.9956 0.2800 0.0100 0.0037
3 0.9925 0.2869 0.0100 0.0050
3 0.9659 0.2838 0.0100 0.0050
3 0.9700 0.2791 0.0087 0.0050
3 0.9575 0.2759 0.0087 0.0050
3 0.9441 0.2744 0.0100 0.0050
3 0.9431 0.2806 0.0112 0.0050
3 0.9291 0.2797 0.0112 0.0063
3 0.9316 0.2728 0.0100 0.0050
3 0.8753 0.2722 0.0100 0.0037
3 0.9025 0.2756 0.0112 0.0075
3 0.8894 0.2681 0.0100 0.0050
3 0.8769 0.2666 0.0100 0.0050
3 0.8653 0.2650 0.0087 0.0050
3 0.6928 0.2616 0.0138 0.0075
