3 0.2041 0.2516 0.0112 0.0063
3 0.2150 0.2437 0.0112 0.0063
3 0.1478 0.2437 0.0112 0.0063
3 0.1206 0.2306 0.0100 0.0050
3 0.1087 0.2375 0.0112 0.0063
3 0.0863 0.2231 0.0100 0.0087
3 0.0616 0.2272 0.0138 0.0075
3 0.0191 0.2138 0.0100 0.0087
3 0.2678 0.1875 0.0075 0.0125
3 0.3156 0.1566 0.0063 0.0100
3 0.3212 0.1550 0.0050 0.0100
3 0.3328 0.1519 0.0063 0.0100
3 0.3281 0.1541 0.0063 0.0112
3 0.3500 0.1509 0.0063 0.0112
3 0.3322 0.1837 0.0050 0.0112
3 0.3438 0.1831 0.0063 0.0100
3 0.3491 0.1816 0.0075 0.0100
3 0.0219 0.2309 0.0375 0.0212
3 0.3663 0.7644 0.0138 0.0100
3 0.0034 0.2625 0.0037 0.0063
3 0.2103 0.3194 0.0112 0.0075
3 0.1781 0.3359 0.0187 0.0125
3 0.1516 0.3253 0.0125 0.0100
3 0.1806 0.3059 0.0112 0.0087
3 0.1141 0.3269 0.0125 0.0100
3 0.1094 0.3194 0.0125 0.0075
3 0.1328 0.3097 0.0125 0.0100
3 0.0969 0.3019 0.0125 0.0100
3 0.0675 0.3006 0.0100 0.0075
3 0.3659 0.2812 0.0100 0.0063
3 0.3300 0.2869 0.0100 0.0050
3 0.3009 0.2775 0.0112 0.0050
3 0.2156 0.2838 0.0125 0.0050
3 0.1775 0.2728 0.0112 0.0050
3 0.1644 0.2806 0.0100 0.0050
3 0.1325 0.2781 0.0087 0.0063
3 0.1528 0.2728 0.0087 0.0050
3 0.1019 0.2775 0.0100 0.0050
3 0.1019 0.2697 0.0100 0.0050
3 0.0581 0.2737 0.0100 0.0037
3 0.0066 0.2712 0.0100 0.0050
3 0.2031 0.3394 0.0125 0.0100
3 0.1953 0.3675 0.0125 0.0100
3 0.2253 0.3459 0.0100 0.0075
3 0.2987 0.3575 0.0100 0.0087
3 0.3541 0.4128 0.0112 0.0100
3 0.2778 0.3969 0.0150 0.0125
3 0.2991 0.3503 0.0138 0.0100
3 0.3375 0.3950 0.0125 0.0087
3 0.3416 0.4175 0.0112 0.0100
3 0.2609 0.3819 0.0125 0.0075
3 0.2978 0.3778 0.0112 0.0087
3 0.2550 0.3606 0.0100 0.0087
3 0.8622 0.5159 0.0275 0.0100
3 0.8869 0.5569 0.0300 0.0075
3 0.8331 0.5431 0.0287 0.0112
3 0.7509 0.5400 0.0238 0.0112
3 0.6262 0.5037 0.0275 0.0138
3 0.5219 0.4778 0.0375 0.0212
3 0.5734 0.1981 0.0375 0.0087
3 0.5306 0.2031 0.0175 0.0063
3 0.6931 0.2359 0.0300 0.0125
3 0.8387 0.0700 0.0087 0.0212
3 0.2381 0.3631 0.0325 0.0200
3 0.2978 0.3884 0.0300 0.0175
3 0.1600 0.3200 0.0263 0.0150
3 0.1806 0.8659 0.0238 0.0163
3 0.9981 0.5616 0.0025 0.0075
3 0.7453 0.2816 0.0250 0.0100
3 0.3922 0.4284 0.0250 0.0163
3 0.9859 0.9219 0.0063 0.0125
3 0.9713 0.9113 0.0050 0.0100
3 0.9719 0.9472 0.0063 0.0100
3 0.9844 0.9713 0.0063 0.0112
3 0.9713 0.9956 0.0050 0.0100
3 0.9147 0.9956 0.0075 0.0100
3 0.9488 0.9991 0.0037 0.0013
3 0.7172 0.5319 0.0125 0.0075
3 0.7094 0.5209 0.0125 0.0075
3 0.6656 0.5100 0.0125 0.0075
3 0.5338 0.5247 0.0112 0.0087
3 0.5547 0.5384 0.0125 0.0112
3 0.5956 0.5628 0.0100 0.0100
3 0.5922 0.5731 0.0125 0.0087
3 0.6400 0.5800 0.0112 0.0100
3 0.6447 0.5950 0.0112 0.0087
3 0.7656 0.2659 0.0125 0.0100
3 0.5181 0.2916 0.0112 0.0050
3 0.6806 0.4725 0.0112 0.0075
3 0.7831 0.5000 0.0100 0.0063
3 0.7469 0.4912 0.0125 0.0075
3 0.7438 0.5037 0.0125 0.0075
3 0.8359 0.5234 0.0125 0.0063
3 0.7963 0.5384 0.0112 0.0050
3 0.7672 0.5325 0.0125 0.0087
3 0.7844 0.5444 0.0125 0.0075
3 0.6500 0.6081 0.0125 0.0100
3 0.6947 0.6175 0.0112 0.0100
3 0.7331 0.6456 0.0100 0.0100
3 0.7344 0.5256 0.0125 0.0075
3 0.6825 0.5250 0.0087 0.0063
3 0.7994 0.7034 0.0112 0.0100
3 0.6553 0.5200 0.0138 0.0087
3 0.5731 0.4009 0.0087 0.0112
3 0.6103 0.4347 0.0112 0.0100
3 0.4188 0.4012 0.0125 0.0087
3 0.4728 0.4234 0.0112 0.0063
3 0.4250 0.4325 0.0125 0.0087
3 0.4269 0.4434 0.0100 0.0087
3 0.3975 0.4447 0.0138 0.0112
3 0.4144 0.4716 0.0100 0.0087
3 0.4400 0.4756 0.0112 0.0075
3 0.4769 0.4847 0.0100 0.0100
3 0.4566 0.4450 0.0100 0.0087
3 0.4875 0.4559 0.0125 0.0087
3 0.4850 0.4637 0.0138 0.0087
3 0.4578 0.4534 0.0125 0.0100
3 0.5603 0.4825 0.0112 0.0087
3 0.5447 0.4763 0.0112 0.0087
3 0.5250 0.4688 0.0125 0.0063
3 0.5791 0.4881 0.0112 0.0075
3 0.5853 0.4991 0.0112 0.0075
3 0.6088 0.5069 0.0112 0.0075
3 0.6269 0.5125 0.0100 0.0063
3 0.7269 0.6522 0.0100 0.0075
3 0.7450 0.6966 0.0087 0.0087
3 0.9713 0.7509 0.0050 0.0112
3 0.9725 0.7900 0.0075 0.0112
3 0.9703 0.8400 0.0063 0.0112
3 0.9728 0.8700 0.0050 0.0087
3 0.9859 0.8656 0.0063 0.0125
3 0.9978 0.8709 0.0050 0.0138
3 0.8081 0.7259 0.0100 0.0112
3 0.8419 0.7472 0.0087 0.0100
3 0.7794 0.7300 0.0087 0.0100
3 0.8966 0.8275 0.0087 0.0112
3 0.9069 0.8425 0.0075 0.0100
3 0.8841 0.8228 0.0087 0.0112
3 0.9053 0.8644 0.0075 0.0100
3 0.9131 0.8650 0.0075 0.0112
3 0.9256 0.8822 0.0075 0.0112
3 0.9350 0.9088 0.0075 0.0112
3 0.9200 0.8978 0.0087 0.0112
3 0.9297 0.9238 0.0063 0.0100
3 0.9397 0.9269 0.0075 0.0100
3 0.9437 0.9441 0.0063 0.0100
3 0.9506 0.9675 0.0075 0.0100
3 0.9450 0.9869 0.0087 0.0112
3 0.9963 0.7900 0.0050 0.0112
3 0.9750 0.7244 0.0063 0.0112
3 0.6850 0.6384 0.0263 0.0238
3 0.9734 0.6778 0.0063 0.0087
3 0.8775 0.5463 0.0112 0.0050
3 0.9303 0.5297 0.0138 0.0063
3 0.9056 0.5484 0.0112 0.0063
3 0.9338 0.5500 0.0112 0.0063
3 0.9228 0.5563 0.0112 0.0063
3 0.9463 0.5603 0.0112 0.0050
3 0.9578 0.5509 0.0125 0.0050
3 0.9744 0.5588 0.0112 0.0050
3 0.9791 0.5494 0.0112 0.0050
3 0.9938 0.6159 0.0063 0.0100
3 0.9963 0.6400 0.0050 0.0112
3 0.9916 0.6525 0.0050 0.0112
3 0.9869 0.6222 0.0050 0.0100
3 0.9988 0.6778 0.0037 0.0087
3 0.9906 0.6900 0.0063 0.0112
3 0.9916 0.7156 0.0050 0.0125
3 0.9953 0.7331 0.0063 0.0100
3 0.9900 0.7481 0.0050 0.0087
3 0.9828 0.5972 0.0063 0.0100
3 0.9650 0.5972 0.0050 0.0100
3 0.9728 0.6503 0.0050 0.0100
3 0.5506 0.3541 0.0075 0.0112
3 0.9631 0.4644 0.0075 0.0100
3 0.9075 0.4066 0.0087 0.0100
3 0.4331 0.1406 0.0100 0.0125
3 0.4069 0.1566 0.0075 0.0100
3 0.3825 0.1384 0.0087 0.0112
3 0.8125 0.2712 0.0125 0.0112
3 0.7937 0.2606 0.0125 0.0087
3 0.7906 0.2441 0.0125 0.0100
3 0.7612 0.2294 0.0100 0.0087
3 0.7250 0.2044 0.0125 0.0087
3 0.7662 0.2419 0.0138 0.0087
3 0.7400 0.2522 0.0112 0.0075
3 0.7181 0.2428 0.0112 0.0075
3 0.6391 0.2356 0.0125 0.0087
3 0.7366 0.2284 0.0138 0.0100
3 0.8150 0.1866 0.0112 0.0075
3 0.8253 0.2013 0.0100 0.0087
3 0.9603 0.2575 0.0112 0.0087
3 0.9950 0.2600 0.0087 0.0075
3 0.6994 0.2087 0.0112 0.0050
3 0.7019 0.2188 0.0100 0.0063
3 0.7362 0.2194 0.0100 0.0075
3 0.6847 0.2031 0.0100 0.0063
3 0.6644 0.2025 0.0100 0.0050
3 0.4169 0.1494 0.0087 0.0112
3 0.4397 0.1356 0.0075 0.0087
3 0.9194 0.4316 0.0075 0.0100
3 0.4544 0.1253 0.0087 0.0100
3 0.5384 0.0581 0.0050 0.0100
3 0.5269 0.0597 0.0037 0.0100
3 0.4950 0.0672 0.0087 0.0125
3 0.4447 0.0984 0.0112 0.0125
3 0.4144 0.1166 0.0100 0.0112
3 0.4019 0.1259 0.0100 0.0112
3 0.3956 0.1306 0.0100 0.0112
3 0.3888 0.1353 0.0087 0.0112
3 0.4444 0.1316 0.0075 0.0100
3 0.6487 0.2087 0.0100 0.0050
3 0.6478 0.1988 0.0112 0.0037
3 0.6331 0.1962 0.0100 0.0050
3 0.6206 0.2072 0.0100 0.0050
3 0.5519 0.2572 0.0100 0.0050
3 0.5244 0.2619 0.0112 0.0050
3 0.5212 0.2994 0.0112 0.0050
3 0.5866 0.2984 0.0138 0.0063
3 0.2744 0.2509 0.0112 0.0050
3 0.8681 0.2041 0.0050 0.0112
3 0.2894 0.2859 0.0100 0.0063
3 0.4575 0.2863 0.0087 0.0037
3 0.6875 0.3456 0.0125 0.0100
3 0.7131 0.3394 0.0138 0.0100
3 0.9169 0.3753 0.0087 0.0100
3 0.9325 0.4019 0.0087 0.0100
3 0.9269 0.4056 0.0100 0.0112
3 0.9397 0.4338 0.0075 0.0112
3 0.9500 0.4372 0.0063 0.0087
3 0.9481 0.4588 0.0087 0.0112
3 0.9569 0.4816 0.0075 0.0100
3 0.9609 0.4944 0.0063 0.0138
3 0.9428 0.5009 0.0075 0.0112
3 0.9375 0.4706 0.0063 0.0100
3 0.9262 0.4494 0.0087 0.0112
3 0.5566 0.2681 0.0100 0.0050
3 0.5859 0.2656 0.0125 0.0063
3 0.6269 0.2681 0.0100 0.0050
3 0.4916 0.2062 0.0112 0.0063
3 0.6025 0.2072 0.0112 0.0050
3 0.5728 0.2087 0.0112 0.0050
3 0.5400 0.2103 0.0112 0.0050
3 0.5191 0.2125 0.0100 0.0063
3 0.5072 0.1994 0.0112 0.0050
3 0.6119 0.2450 0.0112 0.0087
3 0.4125 0.2241 0.0125 0.0075
3 0.4322 0.2209 0.0112 0.0075
3 0.4409 0.2141 0.0100 0.0063
3 0.4113 0.2838 0.0100 0.0050
3 0.6031 0.3087 0.0125 0.0050
3 0.8891 0.3156 0.0125 0.0063
3 0.9281 0.3428 0.0125 0.0075
3 0.8716 0.3375 0.0150 0.0063
3 0.8619 0.3006 0.0112 0.0075
3 0.8422 0.3069 0.0125 0.0075
3 0.7956 0.3312 0.0100 0.0063
3 0.7716 0.3197 0.0087 0.0050
3 0.7094 0.3234 0.0125 0.0063
3 0.6772 0.3166 0.0138 0.0050
3 0.9522 0.9869 0.0075 0.0112
3 0.9350 0.9450 0.0075 0.0087
3 0.9384 0.9622 0.0050 0.0087
3 0.8897 0.9103 0.0075 0.0112
3 0.4869 0.6700 0.0112 0.0087
3 0.4775 0.6763 0.0112 0.0087
3 0.4681 0.6831 0.0112 0.0100
3 0.4578 0.6894 0.0125 0.0100
3 0.5097 0.6794 0.0100 0.0087
3 0.5003 0.6856 0.0100 0.0087
3 0.4838 0.6944 0.0112 0.0075
3 0.4650 0.7037 0.0112 0.0075
3 0.4922 0.7200 0.0125 0.0087
3 0.4450 0.7172 0.0087 0.0063
3 0.4500 0.7416 0.0125 0.0112
3 0.4328 0.7519 0.0125 0.0100
3 0.4222 0.7278 0.0100 0.0087
3 0.4325 0.7219 0.0087 0.0063
3 0.3909 0.7419 0.0100 0.0087
3 0.6487 0.7063 0.0100 0.0063
3 0.4822 0.6734 0.0112 0.0063
3 0.5044 0.6628 0.0087 0.0100
3 0.5122 0.6509 0.0087 0.0112
3 0.8709 0.8731 0.0075 0.0087
3 0.8669 0.9275 0.0087 0.0112
3 0.8622 0.9166 0.0087 0.0112
3 0.8569 0.9056 0.0075 0.0112
3 0.8456 0.8859 0.0100 0.0125
3 0.8341 0.8650 0.0087 0.0112
3 0.8019 0.8213 0.0100 0.0112
3 0.7856 0.8066 0.0087 0.0100
3 0.7700 0.7913 0.0087 0.0075
3 0.7434 0.7688 0.0087 0.0063
3 0.7325 0.7606 0.0087 0.0087
3 0.7159 0.7506 0.0100 0.0075
3 0.6381 0.7016 0.0075 0.0063
3 0.5541 0.6809 0.0112 0.0087
3 0.5656 0.6181 0.0063 0.0112
3 0.5403 0.6419 0.0087 0.0087
3 0.5331 0.6519 0.0100 0.0100
3 0.5262 0.6597 0.0087 0.0100
3 0.5200 0.6709 0.0087 0.0075
3 0.5256 0.6306 0.0075 0.0112
3 0.5194 0.6403 0.0075 0.0087
3 0.8688 0.0894 0.0063 0.0100
3 0.6550 0.4144 0.0163 0.0225
3 0.3856 0.2478 0.0087 0.0050
3 0.4588 0.2166 0.0112 0.0050
3 0.4747 0.2103 0.0087 0.0050
3 0.6013 0.4666 0.0087 0.0050
3 0.6559 0.4884 0.0087 0.0050
3 0.9691 0.3853 0.0287 0.0238
3 0.1087 0.1969 0.0112 0.0063
3 0.1931 0.2416 0.0112 0.0050
3 0.5969 0.4934 0.0125 0.0087
3 0.8463 0.5513 0.0112 0.0087
3 0.8550 0.2222 0.0100 0.0100
