3 0.7997 0.7619 0.0087 0.0050
3 0.9169 0.7025 0.0087 0.0050
3 0.3928 0.2916 0.0075 0.0112
3 0.4047 0.1509 0.0063 0.0112
3 0.3984 0.1384 0.0063 0.0112
3 0.0644 0.2184 0.0100 0.0150
3 0.0684 0.2259 0.0087 0.0112
3 0.0769 0.2306 0.0100 0.0112
3 0.0825 0.2331 0.0087 0.0100
3 0.0934 0.2369 0.0087 0.0112
3 0.1012 0.2400 0.0087 0.0112
3 0.1075 0.2425 0.0087 0.0100
3 0.0778 0.2150 0.0087 0.0112
3 0.0834 0.2166 0.0075 0.0112
3 0.0972 0.2234 0.0100 0.0125
3 0.3978 0.2400 0.0050 0.0112
3 0.1178 0.2313 0.0075 0.0125
3 0.2003 0.4616 0.0100 0.0075
3 0.1856 0.4562 0.0087 0.0063
3 0.2894 0.4944 0.0100 0.0075
3 0.2597 0.4903 0.0100 0.0087
3 0.2462 0.4841 0.0112 0.0087
3 0.3894 0.4234 0.0100 0.0063
3 0.2900 0.2881 0.0112 0.0075
3 0.3750 0.2794 0.0063 0.0150
3 0.3775 0.2650 0.0050 0.0112
3 0.1075 0.2275 0.0087 0.0112
3 0.1038 0.1956 0.0075 0.0100
3 0.1084 0.1962 0.0075 0.0112
3 0.1294 0.2056 0.0087 0.0112
3 0.1328 0.2087 0.0063 0.0112
3 0.1381 0.2097 0.0075 0.0100
3 0.1444 0.2128 0.0075 0.0100
3 0.0819 0.1878 0.0075 0.0100
3 0.0781 0.1837 0.0063 0.0112
3 0.1422 0.1956 0.0063 0.0100
3 0.1156 0.1841 0.0063 0.0087
3 0.1069 0.1816 0.0075 0.0100
3 0.1016 0.1784 0.0063 0.0100
3 0.0975 0.1769 0.0075 0.0100
3 0.0928 0.1747 0.0075 0.0087
3 0.1650 0.0750 0.0112 0.0063
3 0.1250 0.0591 0.0125 0.0087
3 0.4200 0.4866 0.0087 0.0075
3 0.4884 0.5091 0.0112 0.0087
3 0.3503 0.0631 0.0100 0.0075
3 0.3884 0.1263 0.0050 0.0087
3 0.1706 0.4513 0.0100 0.0087
3 0.2587 0.5109 0.0112 0.0063
3 0.5228 0.5881 0.0112 0.0075
3 0.8166 0.6381 0.0112 0.0075
3 0.7947 0.6259 0.0112 0.0050
3 0.8213 0.7709 0.0112 0.0075
3 0.8581 0.7688 0.0100 0.0063
3 0.5237 0.7094 0.0100 0.0063
3 0.8344 0.6591 0.0125 0.0087
3 0.7575 0.6716 0.0150 0.0087
3 0.7756 0.6834 0.0138 0.0075
3 0.4875 0.5866 0.0125 0.0075
3 0.5963 0.6687 0.0112 0.0063
3 0.5759 0.6725 0.0112 0.0075
3 0.3816 0.2006 0.0037 0.0075
3 0.0900 0.5162 0.0112 0.0075
3 0.9494 0.7797 0.0112 0.0063
3 0.6769 0.6666 0.0100 0.0050
3 0.9113 0.1553 0.0100 0.0075
3 0.9213 0.1575 0.0112 0.0087
3 0.3644 0.9809 0.0100 0.0087
3 0.5400 0.9403 0.0112 0.0087
3 0.7697 0.1738 0.0050 0.0100
3 0.7141 0.5750 0.0125 0.0063
3 0.3650 0.4362 0.0050 0.0100
3 0.3656 0.4250 0.0063 0.0125
3 0.3675 0.4097 0.0037 0.0100
3 0.1837 0.4888 0.0112 0.0087
3 0.0878 0.4162 0.0100 0.0075
3 0.0744 0.4131 0.0112 0.0075
3 0.1353 0.4356 0.0238 0.0150
3 0.1100 0.4247 0.0263 0.0150
3 0.0331 0.3825 0.0100 0.0087
3 0.0097 0.6550 0.0100 0.0287
3 0.0034 0.8866 0.0037 0.0138
3 0.0694 0.5959 0.0138 0.0075
3 0.3581 0.6084 0.0100 0.0075
3 0.3163 0.5716 0.0138 0.0087
3 0.2281 0.5544 0.0125 0.0087
3 0.8728 0.1375 0.0112 0.0063
3 0.9000 0.1506 0.0125 0.0075
3 0.9353 0.1647 0.0112 0.0075
3 0.6444 0.4813 0.0200 0.0250
3 0.8534 0.3631 0.0100 0.0075
3 0.5884 0.5200 0.0112 0.0087
3 0.5988 0.5037 0.0100 0.0075
3 0.5956 0.5084 0.0100 0.0075
3 0.6025 0.4956 0.0112 0.0100
3 0.8519 0.4763 0.0100 0.0087
3 0.7275 0.3669 0.0238 0.0275
3 0.6534 0.4572 0.0100 0.0112
3 0.7516 0.3263 0.0187 0.0212
3 0.7694 0.2838 0.0138 0.0238
3 0.7537 0.2825 0.0075 0.0087
3 0.7572 0.2716 0.0050 0.0087
3 0.4881 0.3847 0.0075 0.0100
3 0.4825 0.3816 0.0087 0.0100
3 0.3797 0.2406 0.0063 0.0125
3 0.3797 0.2256 0.0063 0.0138
3 0.3834 0.1844 0.0075 0.0125
3 0.4022 0.1641 0.0075 0.0125
3 0.4016 0.1788 0.0063 0.0138
3 0.4000 0.2025 0.0063 0.0112
3 0.3984 0.2178 0.0063 0.0138
3 0.3944 0.2794 0.0075 0.0150
3 0.4116 0.0447 0.0075 0.0112
3 0.4125 0.0547 0.0063 0.0125
3 0.3375 0.0578 0.0125 0.0125
3 0.5069 0.5147 0.0075 0.0138
3 0.1975 0.5475 0.0138 0.0075
3 0.7697 0.5938 0.0112 0.0125
3 0.8969 0.4912 0.0125 0.0075
