3 0.5150 0.8572 0.0112 0.0050
3 0.4775 0.8625 0.0112 0.0063
3 0.4619 0.8650 0.0112 0.0050
3 0.4128 0.8859 0.0100 0.0125
3 0.4225 0.9197 0.0075 0.0112
3 0.4244 0.9422 0.0050 0.0125
3 0.4963 0.8609 0.0112 0.0063
3 0.6906 0.8250 0.0125 0.0063
3 0.3306 0.9269 0.0050 0.0100
3 0.3141 0.1728 0.0063 0.0112
3 0.3656 0.3625 0.0063 0.0125
3 0.3881 0.4531 0.0075 0.0125
3 0.1597 0.3825 0.0037 0.0087
3 0.1416 0.4244 0.0050 0.0112
3 0.1494 0.4531 0.0050 0.0125
3 0.1406 0.5625 0.0063 0.0125
3 0.1494 0.6069 0.0050 0.0200
3 0.1656 0.6831 0.0063 0.0163
3 0.2931 0.6597 0.0050 0.0100
3 0.1759 0.7119 0.0050 0.0112
3 0.1706 0.7456 0.0037 0.0100
3 0.1869 0.7838 0.0050 0.0112
3 0.1791 0.7987 0.0050 0.0100
3 0.1394 0.8634 0.0350 0.0112
3 0.0434 0.8463 0.0087 0.0050
3 0.0825 0.8588 0.0087 0.0050
3 0.0600 0.9338 0.0075 0.0112
3 0.0762 0.9822 0.0087 0.0112
3 0.1869 0.8972 0.0050 0.0100
3 0.1719 0.9219 0.0063 0.0125
3 0.2053 0.9522 0.0075 0.0138
3 0.1944 0.9800 0.0075 0.0100
3 0.3412 0.1731 0.0075 0.0150
3 0.1775 0.1166 0.0050 0.0112
3 0.1631 0.1494 0.0138 0.0425
3 0.8109 0.2350 0.0063 0.0075
3 0.9338 0.7506 0.0112 0.0075
3 0.9172 0.5500 0.0125 0.0125
3 0.8525 0.3806 0.0112 0.0112
3 0.9775 0.2769 0.0112 0.0100
3 0.8231 0.2531 0.0087 0.0125
3 0.8175 0.2394 0.0100 0.0100
3 0.8037 0.2316 0.0075 0.0100
3 0.2931 0.2016 0.0112 0.0437
3 0.3431 0.0144 0.0050 0.0100
3 0.3172 0.0519 0.0063 0.0100
3 0.1884 0.0144 0.0050 0.0100
3 0.7184 0.3025 0.0087 0.0112
3 0.2850 0.4213 0.0075 0.0175
3 0.2966 0.3572 0.0087 0.0238
3 0.8900 0.1450 0.0112 0.0087
3 0.9216 0.0647 0.0087 0.0075
3 0.0037 0.6547 0.0075 0.0125
3 0.0187 0.6631 0.0063 0.0138
3 0.0053 0.8438 0.0075 0.0063
3 0.0322 0.8547 0.0112 0.0063
3 0.0259 0.7541 0.0050 0.0112
3 0.0128 0.7781 0.0037 0.0125
3 0.0181 0.7447 0.0050 0.0112
3 0.0219 0.6016 0.0063 0.0125
3 0.0250 0.5287 0.0063 0.0138
3 0.0238 0.5566 0.0037 0.0100
3 0.8906 0.0669 0.0125 0.0087
