3 0.6937 0.9875 0.0187 0.0250
3 0.6872 0.9897 0.0150 0.0200
3 0.6713 0.9928 0.0112 0.0138
3 0.6628 0.9950 0.0100 0.0087
3 0.6559 0.9434 0.0212 0.0275
3 0.6500 0.9475 0.0187 0.0263
3 0.6428 0.9531 0.0200 0.0250
3 0.6362 0.9563 0.0163 0.0250
3 0.6228 0.9631 0.0175 0.0263
3 0.5813 0.9875 0.0187 0.0250
3 0.5600 0.9928 0.0138 0.0138
3 0.7494 0.9319 0.0238 0.0138
3 0.7459 0.8956 0.0263 0.0163
3 0.6844 0.9225 0.0250 0.0200
3 0.6797 0.9156 0.0250 0.0187
3 0.6697 0.9016 0.0175 0.0125
3 0.6694 0.9359 0.0200 0.0250
3 0.6588 0.9163 0.0112 0.0138
3 0.6456 0.9225 0.0100 0.0138
3 0.6409 0.9250 0.0100 0.0125
3 0.6338 0.9287 0.0112 0.0138
3 0.6284 0.9313 0.0100 0.0125
3 0.6228 0.9344 0.0112 0.0125
3 0.6175 0.9397 0.0100 0.0138
3 0.6128 0.9422 0.0100 0.0125
3 0.7222 0.8478 0.0100 0.0050
3 0.7238 0.8553 0.0100 0.0075
3 0.7475 0.9050 0.0263 0.0163
3 0.7516 0.9419 0.0250 0.0150
3 0.7537 0.9575 0.0263 0.0150
3 0.7569 0.9947 0.0263 0.0112
3 0.7534 0.9875 0.0163 0.0125
3 0.7569 0.9781 0.0200 0.0125
3 0.7566 0.9725 0.0225 0.0138
3 0.6944 0.8681 0.0075 0.0112
3 0.6891 0.8713 0.0063 0.0112
3 0.6853 0.8713 0.0050 0.0112
3 0.5625 0.4525 0.0125 0.0112
3 0.6475 0.3937 0.0138 0.0125
3 0.6397 0.4197 0.0138 0.0112
3 0.5384 0.3800 0.0112 0.0100
3 0.4531 0.3219 0.0125 0.0125
3 0.4034 0.3691 0.0100 0.0100
3 0.4106 0.3822 0.0150 0.0112
3 0.3506 0.3531 0.0138 0.0125
3 0.3184 0.3281 0.0150 0.0125
3 0.3850 0.3212 0.0138 0.0112
3 0.3781 0.3056 0.0125 0.0112
3 0.3703 0.2722 0.0125 0.0100
3 0.3541 0.2762 0.0112 0.0087
3 0.3156 0.2762 0.0125 0.0087
3 0.7638 0.2334 0.0087 0.0263
3 0.7666 0.3128 0.0050 0.0100
3 0.4912 0.4109 0.0138 0.0125
3 0.5781 0.4456 0.0125 0.0100
3 0.8050 0.2394 0.0037 0.0100
3 0.6516 0.4872 0.0125 0.0087
3 0.2572 0.7625 0.0112 0.0063
3 0.2841 0.7634 0.0087 0.0050
3 0.3144 0.7656 0.0100 0.0063
3 0.3528 0.7641 0.0087 0.0063
3 0.7488 0.7278 0.0100 0.0150
3 0.7375 0.4975 0.0063 0.0138
3 0.7241 0.4947 0.0075 0.0112
3 0.7141 0.4919 0.0063 0.0087
3 0.7150 0.4794 0.0050 0.0087
3 0.7728 0.5269 0.0112 0.0100
3 0.7547 0.5316 0.0125 0.0100
3 0.7281 0.5075 0.0125 0.0087
3 0.1584 0.5219 0.0075 0.0312
3 0.6031 0.4175 0.0250 0.0163
3 0.6588 0.4806 0.0112 0.0112
3 0.7688 0.2994 0.0063 0.0112
3 0.7994 0.2019 0.0050 0.0100
3 0.6797 0.8738 0.0063 0.0100
3 0.2747 0.2334 0.0150 0.0138
3 0.2288 0.2025 0.0138 0.0112
3 0.2225 0.2081 0.0138 0.0100
3 0.1944 0.2269 0.0138 0.0100
3 0.1269 0.2381 0.0100 0.0075
3 0.1100 0.2394 0.0138 0.0100
3 0.0625 0.1669 0.0125 0.0087
3 0.1244 0.1569 0.0112 0.0075
3 0.0312 0.1222 0.0125 0.0100
3 0.1762 0.0431 0.0087 0.0050
3 0.1769 0.0531 0.0100 0.0063
3 0.1575 0.0550 0.0087 0.0037
3 0.1575 0.0416 0.0087 0.0050
3 0.1581 0.0306 0.0100 0.0050
3 0.2550 0.1844 0.0163 0.0125
3 0.2919 0.2344 0.0150 0.0125
3 0.7947 0.2112 0.0050 0.0100
3 0.4888 0.1131 0.0087 0.0075
3 0.8094 0.2144 0.0063 0.0100
3 0.8066 0.1784 0.0037 0.0100
3 0.7412 0.3050 0.0075 0.0100
3 0.7459 0.2916 0.0075 0.0112
3 0.7500 0.2794 0.0063 0.0087
3 0.7516 0.2650 0.0063 0.0112
3 0.7734 0.2175 0.0063 0.0100
3 0.7666 0.2103 0.0050 0.0112
3 0.6200 0.0613 0.0087 0.0037
3 0.6191 0.0575 0.0100 0.0025
3 0.5666 0.2553 0.0112 0.0075
3 0.4903 0.0825 0.0087 0.0087
3 0.4897 0.0944 0.0075 0.0075
3 0.4894 0.1012 0.0100 0.0087
3 0.4888 0.1062 0.0087 0.0063
3 0.2456 0.7619 0.0100 0.0050
3 0.2087 0.7616 0.0112 0.0075
3 0.1794 0.7609 0.0087 0.0063
3 0.5184 0.9269 0.0087 0.0100
3 0.5287 0.9228 0.0075 0.0112
3 0.5303 0.9109 0.0075 0.0125
3 0.5350 0.9081 0.0075 0.0100
3 0.5391 0.9066 0.0063 0.0100
3 0.5437 0.9066 0.0063 0.0100
3 0.5241 0.9113 0.0075 0.0100
3 0.5188 0.9134 0.0063 0.0112
3 0.5131 0.9156 0.0075 0.0125
3 0.5037 0.9175 0.0075 0.0100
3 0.4991 0.9206 0.0075 0.0100
3 0.7000 0.8300 0.0063 0.0100
3 0.6881 0.8337 0.0075 0.0112
3 0.6803 0.8353 0.0075 0.0112
3 0.6741 0.8375 0.0075 0.0125
3 0.6631 0.8406 0.0075 0.0125
3 0.5241 0.9259 0.0075 0.0112
3 0.5131 0.9275 0.0075 0.0112
3 0.1588 0.7891 0.0050 0.0125
3 0.5062 0.9281 0.0063 0.0125
3 0.6750 0.8750 0.0063 0.0125
3 0.6694 0.8775 0.0075 0.0112
3 0.6909 0.8581 0.0100 0.0100
3 0.6875 0.8588 0.0063 0.0112
3 0.6813 0.8606 0.0063 0.0087
3 0.6766 0.8634 0.0063 0.0112
3 0.6703 0.8644 0.0063 0.0100
3 0.6653 0.8650 0.0087 0.0112
3 0.5244 0.9597 0.0050 0.0100
3 0.6500 0.8706 0.0063 0.0100
3 0.6391 0.8878 0.0063 0.0100
3 0.6091 0.8962 0.0087 0.0112
3 0.6053 0.9009 0.0075 0.0112
3 0.5641 0.8994 0.0063 0.0112
3 0.5016 0.9316 0.0063 0.0100
3 0.6578 0.8409 0.0063 0.0100
3 0.6491 0.8463 0.0075 0.0112
3 0.6438 0.8463 0.0063 0.0112
3 0.6381 0.8484 0.0075 0.0125
3 0.5881 0.8666 0.0075 0.0112
3 0.5791 0.8697 0.0050 0.0112
3 0.5569 0.8750 0.0075 0.0125
3 0.5319 0.8844 0.0075 0.0125
3 0.5234 0.8866 0.0063 0.0138
3 0.5172 0.8884 0.0063 0.0112
3 0.5131 0.8900 0.0075 0.0112
3 0.5062 0.8906 0.0063 0.0125
3 0.4950 0.8938 0.0087 0.0125
3 0.4772 0.9025 0.0075 0.0112
3 0.2597 0.9459 0.0100 0.0075
3 0.2447 0.9381 0.0112 0.0075
3 0.1556 0.8738 0.0050 0.0100
3 0.1562 0.8422 0.0063 0.0125
3 0.1556 0.8156 0.0050 0.0125
3 0.4700 0.9206 0.0087 0.0100
3 0.4738 0.9253 0.0100 0.0100
3 0.4769 0.9294 0.0100 0.0087
3 0.5222 0.9956 0.0100 0.0100
3 0.6278 0.8531 0.0087 0.0125
3 0.6038 0.8588 0.0075 0.0112
3 0.5253 0.9978 0.0100 0.0050
3 0.5200 0.9903 0.0087 0.0087
3 0.4825 0.9387 0.0087 0.0087
3 0.5138 0.9822 0.0087 0.0112
3 0.5028 0.9700 0.0087 0.0087
3 0.5012 0.9653 0.0087 0.0087
3 0.4987 0.9600 0.0100 0.0075
3 0.4950 0.9550 0.0087 0.0100
3 0.4856 0.9419 0.0087 0.0087
3 0.9253 0.2184 0.0100 0.0150
3 0.9294 0.2259 0.0087 0.0112
3 0.9394 0.2306 0.0100 0.0112
3 0.9450 0.2331 0.0087 0.0100
3 0.9544 0.2369 0.0087 0.0112
3 0.9622 0.2400 0.0087 0.0112
3 0.9684 0.2425 0.0087 0.0100
3 0.9387 0.2150 0.0087 0.0112
3 0.9444 0.2166 0.0075 0.0112
3 0.9581 0.2234 0.0100 0.0125
3 0.9788 0.2313 0.0075 0.0125
3 0.8606 0.3837 0.0087 0.0112
3 0.8387 0.3791 0.0087 0.0112
3 0.8181 0.3656 0.0112 0.0125
3 0.8381 0.3281 0.0075 0.0125
3 0.9700 0.2275 0.0087 0.0112
3 0.9647 0.1956 0.0075 0.0100
3 0.9694 0.1962 0.0075 0.0112
3 0.9903 0.2056 0.0087 0.0112
3 0.9938 0.2087 0.0063 0.0112
3 0.9988 0.2097 0.0037 0.0100
3 0.9444 0.1878 0.0075 0.0100
3 0.9391 0.1837 0.0063 0.0112
3 0.9766 0.1841 0.0063 0.0087
3 0.9678 0.1816 0.0075 0.0100
3 0.9625 0.1784 0.0063 0.0100
3 0.9584 0.1769 0.0075 0.0100
3 0.9537 0.1747 0.0075 0.0087
3 0.9859 0.0591 0.0125 0.0087
3 0.8150 0.4897 0.0112 0.0075
3 0.9509 0.5162 0.0112 0.0075
3 0.5978 0.3269 0.0112 0.0100
3 0.8341 0.3472 0.0087 0.0100
3 0.9488 0.4162 0.0100 0.0075
3 0.9353 0.4131 0.0112 0.0075
3 0.9919 0.4338 0.0150 0.0112
3 0.9709 0.4247 0.0263 0.0150
3 0.8956 0.3825 0.0100 0.0087
3 0.8706 0.6550 0.0100 0.0287
3 0.8575 0.8497 0.0087 0.0275
3 0.8631 0.8866 0.0075 0.0138
3 0.8512 0.6372 0.0087 0.0150
3 0.8578 0.6406 0.0063 0.0125
3 0.9303 0.5959 0.0138 0.0075
