3 0.7156 0.3753 0.0125 0.0163
3 0.7519 0.5019 0.0100 0.0100
3 0.0047 0.6756 0.0063 0.0138
3 0.3703 0.3309 0.0063 0.0150
3 0.3675 0.3663 0.0100 0.0138
3 0.4175 0.4219 0.0100 0.0125
3 0.4169 0.4481 0.0087 0.0150
3 0.3844 0.4169 0.0063 0.0150
3 0.3600 0.4453 0.0075 0.0125
3 0.3756 0.3928 0.0075 0.0200
3 0.2834 0.0478 0.0075 0.0300
3 0.3503 0.2419 0.0100 0.0150
3 0.3481 0.2797 0.0087 0.0125
3 0.3591 0.2400 0.0087 0.0112
3 0.1925 0.0087 0.0100 0.0112
3 0.3356 0.1850 0.0087 0.0138
3 0.1903 0.0338 0.0087 0.0112
3 0.2284 0.1044 0.0100 0.0150
3 0.3284 0.1028 0.0100 0.0150
3 0.4097 0.0437 0.0100 0.0125
3 0.4138 0.0163 0.0087 0.0138
3 0.3513 0.0287 0.0087 0.0138
3 0.3091 0.1234 0.0087 0.0125
3 0.2628 0.1569 0.0100 0.0138
3 0.9884 0.9187 0.0238 0.0187
3 0.7328 0.7525 0.0437 0.0362
3 0.1553 0.4656 0.0075 0.0125
3 0.9762 0.9025 0.0150 0.0112
3 0.8834 0.7953 0.0075 0.0125
3 0.9259 0.8628 0.0112 0.0100
3 0.7503 0.7322 0.0100 0.0112
3 0.9134 0.8681 0.0112 0.0112
3 0.9066 0.8734 0.0163 0.0125
3 0.8281 0.7978 0.0125 0.0112
3 0.5869 0.6369 0.0112 0.0112
3 0.6588 0.7041 0.0112 0.0112
3 0.7122 0.3228 0.0087 0.0112
3 0.6850 0.4122 0.0138 0.0150
3 0.7863 0.4259 0.0100 0.0112
3 0.7275 0.4609 0.0112 0.0125
3 0.6737 0.4722 0.0100 0.0100
3 0.7438 0.5934 0.0125 0.0087
3 0.8088 0.5594 0.0112 0.0125
3 0.8650 0.6003 0.0112 0.0100
3 0.3387 0.8703 0.0087 0.0125
3 0.1959 0.8453 0.0075 0.0125
3 0.0250 0.8175 0.0063 0.0100
3 0.0341 0.8219 0.0087 0.0125
3 0.0450 0.8213 0.0087 0.0112
3 0.0606 0.8234 0.0087 0.0125
3 0.2466 0.8897 0.0087 0.0138
3 0.2450 0.9366 0.0087 0.0138
3 0.2778 0.8756 0.0087 0.0138
3 0.3106 0.9406 0.0087 0.0125
3 0.3756 0.9481 0.0138 0.0150
3 0.6228 0.1913 0.0112 0.0138
3 0.4763 0.1597 0.0087 0.0100
3 0.6775 0.9656 0.0050 0.0125
3 0.2706 0.8503 0.0100 0.0163
3 0.3403 0.8241 0.0087 0.0138
3 0.3872 0.7338 0.0087 0.0112
3 0.3919 0.7750 0.0087 0.0125
3 0.4231 0.6459 0.0087 0.0138
3 0.6056 0.3197 0.0112 0.0112
3 0.5125 0.3712 0.0063 0.0112
3 0.5138 0.4006 0.0087 0.0138
3 0.5088 0.4541 0.0050 0.0112
3 0.4266 0.5378 0.0125 0.0100
3 0.4559 0.5625 0.0087 0.0125
3 0.5912 0.6737 0.0138 0.0163
3 0.4331 0.6469 0.0100 0.0125
3 0.4200 0.6975 0.0087 0.0138
3 0.5250 0.3281 0.0063 0.0125
3 0.0581 0.5769 0.0100 0.0100
3 0.1531 0.6575 0.0125 0.0087
3 0.1509 0.6694 0.0112 0.0075
3 0.1291 0.7397 0.0112 0.0075
3 0.3387 0.6647 0.0087 0.0138
3 0.3303 0.7572 0.0075 0.0112
3 0.3044 0.7584 0.0087 0.0138
3 0.4012 0.7188 0.0087 0.0125
3 0.5684 0.3094 0.0087 0.0125
3 0.5369 0.3038 0.0050 0.0138
3 0.5384 0.2269 0.0050 0.0100
3 0.4912 0.0516 0.0075 0.0125
3 0.5162 0.0984 0.0075 0.0125
3 0.5856 0.0938 0.0087 0.0125
3 0.5078 0.1447 0.0063 0.0112
3 0.5250 0.1728 0.0063 0.0112
3 0.4950 0.0381 0.0087 0.0138
3 0.5059 0.0925 0.0087 0.0163
3 0.6713 0.2562 0.0112 0.0125
3 0.4434 0.0984 0.0087 0.0125
3 0.4756 0.1291 0.0075 0.0112
3 0.5197 0.8684 0.0112 0.0087
3 0.1384 0.7116 0.0112 0.0075
3 0.1397 0.7050 0.0138 0.0100
