3 0.4012 0.8209 0.0212 0.0200
3 0.3603 0.8494 0.0175 0.0112
3 0.2519 0.8594 0.0225 0.0187
3 0.2275 0.8781 0.0238 0.0187
3 0.1775 0.8766 0.0112 0.0125
3 0.1650 0.8694 0.0112 0.0138
3 0.1837 0.8569 0.0112 0.0138
3 0.1744 0.8625 0.0112 0.0125
3 0.1756 0.9081 0.0075 0.0100
3 0.1872 0.9034 0.0087 0.0100
3 0.1975 0.8988 0.0075 0.0100
3 0.2984 0.8350 0.0063 0.0138
3 0.2931 0.8369 0.0050 0.0112
3 0.2781 0.8459 0.0063 0.0138
3 0.2869 0.8409 0.0050 0.0100
3 0.2719 0.8509 0.0063 0.0112
3 0.3078 0.8281 0.0063 0.0125
3 0.3194 0.8219 0.0075 0.0125
3 0.3241 0.8178 0.0075 0.0138
3 0.3381 0.8094 0.0075 0.0125
3 0.3475 0.8041 0.0075 0.0112
3 0.1816 0.7931 0.0100 0.0112
3 0.1903 0.7884 0.0087 0.0112
3 0.1709 0.7978 0.0075 0.0112
3 0.1622 0.8025 0.0087 0.0112
3 0.2209 0.7753 0.0075 0.0100
3 0.2256 0.7712 0.0075 0.0112
3 0.2319 0.7688 0.0075 0.0125
3 0.1888 0.8675 0.0087 0.0100
3 0.1825 0.8719 0.0087 0.0125
3 0.1706 0.8816 0.0100 0.0100
3 0.6581 0.6481 0.0100 0.0087
3 0.6816 0.6325 0.0100 0.0087
3 0.4394 0.8616 0.0100 0.0075
3 0.4416 0.8519 0.0112 0.0100
3 0.4822 0.8262 0.0112 0.0087
3 0.4987 0.8231 0.0100 0.0087
3 0.1553 0.8778 0.0075 0.0087
3 0.1591 0.8731 0.0087 0.0087
3 0.1762 0.8394 0.0087 0.0100
3 0.6709 0.6406 0.0075 0.0063
3 0.6388 0.6622 0.0087 0.0087
3 0.6284 0.6684 0.0100 0.0087
3 0.6516 0.0247 0.0125 0.0087
3 0.2134 0.2706 0.0112 0.0100
3 0.1644 0.8838 0.0100 0.0112
3 0.2513 0.8337 0.0087 0.0112
3 0.2184 0.8391 0.0087 0.0125
3 0.2147 0.8519 0.0075 0.0100
3 0.2081 0.8581 0.0100 0.0100
3 0.2009 0.8491 0.0112 0.0138
3 0.2087 0.8438 0.0112 0.0125
3 0.2241 0.8353 0.0075 0.0112
3 0.1462 0.8962 0.0112 0.0112
3 0.1519 0.8931 0.0100 0.0112
3 0.1569 0.8894 0.0075 0.0100
3 0.5366 0.7094 0.0138 0.0063
3 0.5516 0.7053 0.0125 0.0075
3 0.5050 0.7188 0.0100 0.0063
3 0.7081 0.6262 0.0100 0.0087
3 0.2325 0.8316 0.0087 0.0100
3 0.2366 0.8416 0.0075 0.0112
3 0.2403 0.8253 0.0087 0.0100
