3 0.6978 0.5681 0.0112 0.0112
3 0.7338 0.4431 0.0112 0.0112
3 0.7516 0.4463 0.0125 0.0112
3 0.8447 0.5144 0.0112 0.0100
3 0.8113 0.4441 0.0100 0.0100
3 0.7972 0.4219 0.0100 0.0125
3 0.7747 0.3791 0.0087 0.0112
3 0.5947 0.3331 0.0112 0.0100
3 0.4281 0.2081 0.0125 0.0100
3 0.5747 0.1125 0.0150 0.0063
3 0.4869 0.1075 0.0112 0.0087
3 0.3069 0.1275 0.0138 0.0112
3 0.3538 0.1525 0.0138 0.0112
3 0.1984 0.0791 0.0125 0.0112
3 0.3844 0.2206 0.0125 0.0100
3 0.3187 0.1825 0.0125 0.0087
3 0.2416 0.1450 0.0112 0.0087
3 0.2650 0.1441 0.0112 0.0100
3 0.1969 0.1175 0.0125 0.0100
3 0.1809 0.1200 0.0150 0.0087
3 0.1153 0.0984 0.0150 0.0125
3 0.1288 0.0941 0.0138 0.0100
3 0.0844 0.0894 0.0125 0.0100
3 0.7519 0.6928 0.0100 0.0138
3 0.9925 0.6853 0.0100 0.0050
3 0.9225 0.9456 0.0138 0.0100
3 0.8637 0.8962 0.0087 0.0112
3 0.7787 0.7703 0.0075 0.0125
3 0.8456 0.8428 0.0100 0.0138
3 0.5766 0.6334 0.0125 0.0075
3 0.5819 0.6456 0.0138 0.0100
3 0.5887 0.6669 0.0087 0.0087
3 0.5963 0.6828 0.0112 0.0125
3 0.6134 0.7019 0.0112 0.0100
3 0.6297 0.7125 0.0125 0.0125
3 0.7025 0.8569 0.0112 0.0075
3 0.7025 0.8938 0.0112 0.0125
3 0.5506 0.9769 0.0075 0.0100
3 0.6256 0.7087 0.0075 0.0112
3 0.8131 0.9453 0.0075 0.0125
