3 0.3319 0.6519 0.0138 0.0100
3 0.0047 0.4463 0.0063 0.0112
3 0.0947 0.5144 0.0112 0.0100
3 0.0613 0.4441 0.0100 0.0100
3 0.0472 0.4219 0.0100 0.0125
3 0.0247 0.3791 0.0087 0.0112
3 0.4009 0.1847 0.0112 0.0100
3 0.2697 0.1375 0.0112 0.0063
3 0.3891 0.6231 0.0125 0.0087
3 0.0047 0.6928 0.0063 0.0138
3 0.2425 0.6853 0.0100 0.0050
3 0.3831 0.8906 0.0100 0.0125
3 0.3428 0.9078 0.0138 0.0125
3 0.1725 0.9456 0.0138 0.0100
3 0.1150 0.8978 0.0112 0.0112
3 0.0287 0.7703 0.0075 0.0125
3 0.0956 0.8428 0.0100 0.0138
3 0.7375 0.4419 0.0063 0.0087
3 0.5219 0.0813 0.0125 0.0063
3 0.4509 0.6381 0.0112 0.0075
3 0.5019 0.7006 0.0100 0.0075
3 0.5900 0.7066 0.0112 0.0037
3 0.5316 0.6544 0.0100 0.0087
3 0.9988 0.7234 0.0037 0.0063
3 0.7537 0.7278 0.0138 0.0087
3 0.5394 0.5991 0.0100 0.0138
3 0.5631 0.5578 0.0075 0.0125
3 0.5809 0.5969 0.0087 0.0125
3 0.5981 0.5500 0.0087 0.0125
3 0.5944 0.2722 0.0138 0.0163
3 0.6162 0.3266 0.0138 0.0312
3 0.4444 0.8103 0.0200 0.0238
3 0.6125 0.4906 0.0125 0.0250
3 0.5466 0.6031 0.0150 0.0250
3 0.4784 0.7213 0.0100 0.0112
3 0.5463 0.7063 0.0112 0.0063
3 0.4906 0.9156 0.0125 0.0125
3 0.6141 0.8409 0.0125 0.0100
3 0.8019 0.5706 0.0100 0.0100
3 0.8606 0.6231 0.0087 0.0087
3 0.4269 0.2050 0.0100 0.0100
3 0.0631 0.9447 0.0075 0.0112
3 0.3200 0.9762 0.0087 0.0087
