3 0.3331 0.5200 0.0100 0.0087
3 0.3750 0.5131 0.0125 0.0075
3 0.3900 0.5031 0.0112 0.0063
3 0.3909 0.5100 0.0100 0.0075
3 0.4041 0.5053 0.0112 0.0075
3 0.4359 0.4041 0.0063 0.0112
3 0.4338 0.4197 0.0050 0.0112
3 0.4338 0.4338 0.0050 0.0112
3 0.4319 0.4466 0.0075 0.0087
3 0.4397 0.4537 0.0075 0.0138
3 0.4406 0.4178 0.0063 0.0138
3 0.4412 0.4056 0.0075 0.0112
3 0.4506 0.3716 0.0075 0.0087
3 0.4544 0.3572 0.0087 0.0112
3 0.4591 0.3400 0.0087 0.0112
3 0.4597 0.3231 0.0100 0.0150
3 0.4706 0.2953 0.0100 0.0125
3 0.4878 0.2844 0.0100 0.0125
3 0.4997 0.2719 0.0087 0.0125
3 0.5106 0.2581 0.0087 0.0100
3 0.5212 0.2469 0.0112 0.0125
3 0.1119 0.7134 0.0175 0.0238
3 0.9950 0.8634 0.0087 0.0112
3 0.9775 0.8781 0.0238 0.0187
3 0.3612 0.4903 0.0225 0.0150
3 0.4738 0.3128 0.0163 0.0225
3 0.5719 0.4388 0.0125 0.0087
3 0.3463 0.5153 0.0112 0.0087
3 0.2522 0.5312 0.0138 0.0125
3 0.2569 0.0619 0.0075 0.0112
3 0.2547 0.5472 0.0125 0.0100
3 0.9275 0.8766 0.0112 0.0125
3 0.9150 0.8694 0.0112 0.0138
3 0.9338 0.8569 0.0112 0.0138
3 0.9244 0.8625 0.0112 0.0125
3 0.9256 0.9081 0.0075 0.0100
3 0.9372 0.9034 0.0087 0.0100
3 0.9475 0.8988 0.0075 0.0100
3 0.9316 0.7931 0.0100 0.0112
3 0.9403 0.7884 0.0087 0.0112
3 0.9209 0.7978 0.0075 0.0112
3 0.9122 0.8025 0.0087 0.0112
3 0.9709 0.7753 0.0075 0.0100
3 0.9756 0.7712 0.0075 0.0112
3 0.9819 0.7688 0.0075 0.0125
3 0.0387 0.8506 0.0087 0.0138
3 0.1347 0.6656 0.0100 0.0125
3 0.1344 0.6844 0.0125 0.0125
3 0.1831 0.6100 0.0100 0.0138
3 0.2288 0.5588 0.0138 0.0112
3 0.2431 0.0441 0.0050 0.0100
3 0.2644 0.0172 0.0100 0.0125
3 0.9387 0.8675 0.0087 0.0100
3 0.6525 0.1684 0.0112 0.0087
3 0.6494 0.1275 0.0112 0.0112
3 0.6900 0.0963 0.0112 0.0112
3 0.9325 0.8719 0.0087 0.0125
3 0.9206 0.8816 0.0100 0.0100
3 0.9053 0.8778 0.0075 0.0087
3 0.9091 0.8731 0.0087 0.0087
3 0.9262 0.8394 0.0087 0.0100
3 0.0144 0.9025 0.0100 0.0112
3 0.4400 0.4838 0.0112 0.0112
3 0.1575 0.6144 0.0087 0.0100
3 0.1544 0.6331 0.0087 0.0100
3 0.1653 0.6150 0.0087 0.0112
3 0.1819 0.6003 0.0075 0.0100
3 0.1712 0.5022 0.0112 0.0075
3 0.1706 0.4912 0.0100 0.0075
3 0.1706 0.4869 0.0100 0.0050
3 0.1628 0.4425 0.0100 0.0037
3 0.1572 0.3722 0.0050 0.0100
3 0.1769 0.3128 0.0037 0.0100
3 0.2587 0.0497 0.0050 0.0087
3 0.9634 0.2706 0.0112 0.0100
3 0.9144 0.8838 0.0100 0.0112
3 0.9847 0.8313 0.0100 0.0125
3 0.9684 0.8391 0.0087 0.0125
3 0.9647 0.8519 0.0075 0.0100
3 0.9581 0.8581 0.0100 0.0100
3 0.9509 0.8491 0.0112 0.0138
3 0.9587 0.8438 0.0112 0.0125
3 0.9741 0.8353 0.0075 0.0112
3 0.9959 0.8253 0.0075 0.0100
3 0.8962 0.8962 0.0112 0.0112
3 0.9019 0.8931 0.0100 0.0112
3 0.9069 0.8894 0.0075 0.0100
3 0.3588 0.5178 0.0112 0.0075
3 0.3594 0.5106 0.0125 0.0087
3 0.3753 0.5053 0.0100 0.0075
3 0.9313 0.9069 0.0063 0.0138
