3 0.5656 0.7344 0.0125 0.0063
3 0.7581 0.7744 0.0100 0.0050
3 0.7884 0.7681 0.0112 0.0050
3 0.8391 0.7491 0.0125 0.0075
3 0.9684 0.7806 0.0087 0.0050
3 0.5400 0.9756 0.0112 0.0075
3 0.5338 0.7297 0.0112 0.0063
3 0.0953 0.4419 0.0063 0.0087
3 0.4219 0.7453 0.0125 0.0063
3 0.3594 0.7234 0.0125 0.0063
3 0.1100 0.7278 0.0138 0.0087
3 0.4328 0.7259 0.0125 0.0050
3 0.8428 0.7850 0.0138 0.0075
3 0.9266 0.7959 0.0125 0.0075
3 0.8641 0.7797 0.0125 0.0063
3 0.9406 0.8044 0.0125 0.0087
3 0.2181 0.6222 0.0112 0.0100
3 0.1581 0.5697 0.0100 0.0112
