3 0.7922 0.7478 0.0125 0.0112
3 0.7850 0.7056 0.0075 0.0112
3 0.7906 0.7119 0.0063 0.0112
3 0.7950 0.7213 0.0087 0.0112
3 0.8019 0.7266 0.0100 0.0125
3 0.8078 0.7384 0.0125 0.0112
3 0.8000 0.7431 0.0125 0.0112
3 0.7831 0.7412 0.0100 0.0138
3 0.7769 0.7344 0.0100 0.0125
3 0.7731 0.7281 0.0087 0.0125
3 0.7681 0.7203 0.0112 0.0125
3 0.7638 0.7156 0.0087 0.0125
3 0.7588 0.7094 0.0112 0.0125
3 0.7509 0.7037 0.0112 0.0138
3 0.7809 0.6984 0.0087 0.0125
3 0.7734 0.6969 0.0063 0.0125
3 0.7641 0.6969 0.0063 0.0125
3 0.6497 0.7028 0.0150 0.0087
3 0.0531 0.8700 0.0125 0.0087
3 0.1156 0.8606 0.0125 0.0087
3 0.2781 0.8128 0.0125 0.0100
