3 0.0169 0.8241 0.0087 0.0138
3 0.0063 0.8266 0.0063 0.0125
3 0.1084 0.4747 0.0138 0.0087
3 0.1144 0.4856 0.0100 0.0150
3 0.1081 0.4891 0.0100 0.0125
3 0.1309 0.5553 0.0150 0.0075
3 0.0325 0.4106 0.0087 0.0150
3 0.0462 0.4537 0.0112 0.0138
3 0.0394 0.4553 0.0100 0.0138
3 0.0263 0.3797 0.0087 0.0125
3 0.0184 0.3831 0.0087 0.0163
3 0.1503 0.4912 0.0100 0.0138
3 0.1422 0.4819 0.0125 0.0075
3 0.1434 0.4922 0.0087 0.0125
3 0.1406 0.0116 0.0125 0.0075
3 0.1081 0.0634 0.0100 0.0175
3 0.1156 0.1006 0.0063 0.0138
3 0.2006 0.1700 0.0138 0.0087
3 0.3481 0.0803 0.0087 0.0138
3 0.5575 0.1528 0.0150 0.0087
3 0.3600 0.0844 0.0075 0.0125
3 0.5422 0.1481 0.0125 0.0087
3 0.1969 0.4959 0.0125 0.0075
3 0.1331 0.1903 0.0100 0.0150
3 0.3919 0.1788 0.0087 0.0138
3 0.4019 0.2178 0.0100 0.0138
3 0.3784 0.2194 0.0100 0.0138
3 0.3831 0.2334 0.0100 0.0138
3 0.3869 0.2519 0.0112 0.0163
3 0.3341 0.2934 0.0087 0.0150
3 0.2306 0.1694 0.0112 0.0075
3 0.1594 0.1569 0.0125 0.0075
3 0.1400 0.1872 0.0112 0.0150
3 0.1381 0.3356 0.0075 0.0150
3 0.3638 0.3341 0.0087 0.0150
3 0.1313 0.3372 0.0063 0.0150
3 0.1250 0.3387 0.0063 0.0150
3 0.1178 0.3406 0.0075 0.0125
3 0.1100 0.3394 0.0075 0.0163
3 0.2494 0.4553 0.0112 0.0200
3 0.3412 0.5509 0.0138 0.0112
3 0.3372 0.5359 0.0150 0.0125
3 0.2741 0.5003 0.0138 0.0100
3 0.2175 0.4584 0.0100 0.0138
3 0.3606 0.3475 0.0087 0.0138
3 0.3219 0.2769 0.0125 0.0225
3 0.4366 0.1325 0.0138 0.0087
3 0.4213 0.2150 0.0112 0.0112
3 0.4222 0.1450 0.0100 0.0150
3 0.4022 0.1391 0.0138 0.0125
3 0.4031 0.1472 0.0125 0.0100
3 0.4053 0.1534 0.0138 0.0100
3 0.4084 0.1603 0.0138 0.0112
3 0.4375 0.2009 0.0063 0.0112
3 0.4303 0.2000 0.0075 0.0125
3 0.4203 0.2009 0.0125 0.0112
3 0.4200 0.2087 0.0150 0.0112
3 0.4397 0.2294 0.0138 0.0087
3 0.4388 0.5188 0.0087 0.0125
3 0.4281 0.2334 0.0125 0.0075
3 0.4513 0.3912 0.0087 0.0138
3 0.4550 0.4084 0.0100 0.0138
3 0.4581 0.4266 0.0100 0.0125
3 0.4403 0.4125 0.0087 0.0125
3 0.5044 0.6200 0.0087 0.0150
3 0.3497 0.5991 0.0150 0.0075
3 0.2812 0.6131 0.0125 0.0075
3 0.4519 0.5247 0.0100 0.0150
3 0.0163 0.2281 0.0075 0.0125
3 0.0819 0.2053 0.0075 0.0138
3 0.0341 0.2194 0.0087 0.0138
3 0.0791 0.1788 0.0112 0.0075
3 0.0656 0.1841 0.0125 0.0087
3 0.0281 0.1931 0.0125 0.0112
3 0.1881 0.8600 0.0075 0.0138
3 0.1566 0.7619 0.0100 0.0175
3 0.1700 0.8106 0.0087 0.0150
3 0.1897 0.8178 0.0075 0.0138
3 0.2006 0.8600 0.0075 0.0138
3 0.3631 0.8266 0.0075 0.0125
3 0.2906 0.8631 0.0125 0.0075
3 0.3031 0.8606 0.0125 0.0087
3 0.3375 0.8625 0.0063 0.0125
3 0.4491 0.8538 0.0075 0.0138
3 0.3753 0.8559 0.0100 0.0150
3 0.3875 0.8838 0.0063 0.0112
3 0.3309 0.8781 0.0087 0.0125
3 0.2019 0.9300 0.0100 0.0163
3 0.2366 0.9866 0.0075 0.0138
3 0.2881 0.9775 0.0075 0.0112
3 0.5513 0.9912 0.0087 0.0138
3 0.8403 0.0453 0.0087 0.0125
3 0.7716 0.3984 0.0150 0.0125
3 0.7853 0.3894 0.0112 0.0100
3 0.8203 0.3659 0.0125 0.0100
3 0.8100 0.3484 0.0138 0.0125
3 0.8497 0.3219 0.0150 0.0125
3 0.6841 0.1716 0.0087 0.0150
3 0.8550 0.0397 0.0100 0.0138
3 0.8472 0.0412 0.0100 0.0138
3 0.8341 0.0484 0.0087 0.0125
3 0.9269 0.2709 0.0100 0.0138
3 0.9275 0.0106 0.0112 0.0150
3 0.9206 0.0122 0.0100 0.0150
3 0.9150 0.0138 0.0112 0.0150
3 0.9081 0.0169 0.0100 0.0150
3 0.8528 0.2450 0.0150 0.0087
3 0.9331 0.2734 0.0100 0.0125
3 0.6100 0.9672 0.0075 0.0125
3 0.5319 0.7025 0.0075 0.0112
3 0.6134 0.8700 0.0112 0.0150
3 0.6322 0.8662 0.0112 0.0138
3 0.6681 0.8169 0.0112 0.0150
3 0.6581 0.8225 0.0100 0.0138
3 0.6159 0.8375 0.0100 0.0125
3 0.5644 0.8238 0.0100 0.0163
3 0.5434 0.7756 0.0087 0.0138
3 0.5506 0.7700 0.0075 0.0150
3 0.5475 0.7541 0.0075 0.0112
3 0.5231 0.6613 0.0087 0.0163
3 0.9559 0.3150 0.0150 0.0112
3 0.5559 0.6647 0.0087 0.0138
3 0.5756 0.6591 0.0075 0.0150
3 0.9856 0.5625 0.0087 0.0125
3 0.9941 0.4719 0.0100 0.0125
3 0.6366 0.4631 0.0138 0.0075
3 0.6216 0.4713 0.0150 0.0112
3 0.9931 0.4500 0.0112 0.0063
3 0.9931 0.4422 0.0112 0.0063
3 0.9678 0.3178 0.0138 0.0138
