3 0.0266 0.1975 0.0125 0.0075
3 0.0600 0.2022 0.0138 0.0075
3 0.0794 0.2059 0.0150 0.0087
3 0.0984 0.2097 0.0125 0.0100
3 0.0575 0.2725 0.0087 0.0138
3 0.0544 0.2875 0.0087 0.0125
3 0.9844 0.0475 0.0063 0.0138
3 0.9938 0.3875 0.0125 0.0063
3 0.9953 0.0522 0.0063 0.0138
3 0.9766 0.0469 0.0063 0.0125
3 0.9947 0.3703 0.0112 0.0063
3 0.9819 0.0600 0.0138 0.0075
3 0.9800 0.0663 0.0163 0.0075
3 0.9788 0.0756 0.0138 0.0075
3 0.9938 0.3766 0.0125 0.0063
3 0.9956 0.3631 0.0100 0.0075
3 0.9225 0.0600 0.0138 0.0075
3 0.9769 0.3122 0.0100 0.0150
3 0.9884 0.3128 0.0112 0.0163
3 0.9950 0.3097 0.0087 0.0163
3 0.9163 0.3444 0.0138 0.0075
3 0.9650 0.0750 0.0112 0.0063
3 0.9766 0.1078 0.0125 0.0063
3 0.9788 0.0834 0.0138 0.0075
3 0.9794 0.0912 0.0150 0.0075
3 0.9641 0.0975 0.0125 0.0075
3 0.9641 0.0897 0.0125 0.0075
3 0.9647 0.0819 0.0138 0.0075
3 0.9625 0.0625 0.0125 0.0063
3 0.9625 0.0563 0.0125 0.0063
3 0.9619 0.0453 0.0050 0.0125
3 0.9234 0.0397 0.0125 0.0075
3 0.9372 0.0475 0.0150 0.0075
3 0.9378 0.0403 0.0163 0.0087
3 0.9241 0.0537 0.0138 0.0075
3 0.9772 0.1163 0.0138 0.0075
3 0.9741 0.1288 0.0138 0.0138
3 0.9950 0.1344 0.0087 0.0125
3 0.9959 0.2684 0.0075 0.0150
3 0.8678 0.3400 0.0138 0.0175
3 0.8503 0.3378 0.0100 0.0163
3 0.6934 0.4591 0.0087 0.0150
3 0.6197 0.4481 0.0112 0.0150
3 0.6375 0.4531 0.0063 0.0125
3 0.6569 0.4566 0.0075 0.0163
3 0.6725 0.4584 0.0075 0.0138
3 0.6787 0.4594 0.0075 0.0125
3 0.6859 0.4594 0.0063 0.0125
3 0.7606 0.3769 0.0150 0.0100
3 0.7247 0.4178 0.0150 0.0075
3 0.7987 0.3925 0.0163 0.0100
3 0.7991 0.4000 0.0138 0.0063
3 0.7975 0.4100 0.0138 0.0075
3 0.7756 0.3928 0.0138 0.0075
3 0.7600 0.4006 0.0138 0.0075
3 0.7691 0.4162 0.0163 0.0075
3 0.6106 0.4503 0.0087 0.0163
3 0.6025 0.4537 0.0050 0.0138
3 0.5950 0.4528 0.0087 0.0150
3 0.5878 0.4491 0.0100 0.0138
3 0.5750 0.4437 0.0063 0.0125
3 0.5694 0.4450 0.0075 0.0150
3 0.6000 0.4156 0.0063 0.0125
3 0.5938 0.4150 0.0063 0.0112
3 0.5859 0.4150 0.0063 0.0112
3 0.5763 0.4156 0.0087 0.0125
3 0.5687 0.4100 0.0063 0.0138
3 0.5609 0.4072 0.0063 0.0112
3 0.5531 0.4050 0.0063 0.0163
3 0.5813 0.4031 0.0063 0.0125
3 0.5881 0.4031 0.0075 0.0125
3 0.5975 0.4006 0.0075 0.0138
3 0.5309 0.3600 0.0087 0.0138
3 0.7544 0.4194 0.0150 0.0075
3 0.7253 0.4084 0.0163 0.0075
3 0.8416 0.3403 0.0112 0.0150
3 0.7294 0.3309 0.0087 0.0150
3 0.6650 0.3212 0.0112 0.0175
3 0.6722 0.3200 0.0100 0.0150
3 0.6809 0.3200 0.0087 0.0150
3 0.6894 0.3219 0.0100 0.0125
3 0.6981 0.3225 0.0087 0.0138
3 0.7072 0.3231 0.0112 0.0150
3 0.7372 0.3294 0.0087 0.0150
3 0.7272 0.4022 0.0138 0.0075
3 0.7444 0.3309 0.0075 0.0150
3 0.7628 0.3247 0.0100 0.0150
3 0.7737 0.3231 0.0100 0.0150
3 0.7831 0.3253 0.0100 0.0163
3 0.8178 0.3362 0.0138 0.0100
3 0.8331 0.3406 0.0100 0.0125
3 0.6453 0.3209 0.0125 0.0075
3 0.6447 0.3119 0.0175 0.0112
3 0.6453 0.3028 0.0125 0.0087
3 0.6344 0.3366 0.0125 0.0075
3 0.6344 0.3450 0.0125 0.0087
3 0.6325 0.3591 0.0150 0.0087
3 0.6172 0.3747 0.0187 0.0150
3 0.6272 0.3859 0.0138 0.0063
3 0.6275 0.3981 0.0112 0.0087
3 0.6225 0.4109 0.0138 0.0063
3 0.6591 0.4256 0.0150 0.0075
3 0.6831 0.4219 0.0100 0.0125
3 0.6922 0.4241 0.0125 0.0138
3 0.7341 0.3631 0.0150 0.0075
3 0.7309 0.3694 0.0150 0.0075
3 0.7294 0.3797 0.0150 0.0063
3 0.7281 0.3881 0.0125 0.0075
3 0.9391 0.0609 0.0125 0.0063
3 0.9225 0.0672 0.0138 0.0063
3 0.6487 0.7969 0.0100 0.0125
3 0.9734 0.9181 0.0063 0.0112
3 0.9959 0.9116 0.0075 0.0138
3 0.9906 0.9084 0.0063 0.0138
3 0.9819 0.9069 0.0075 0.0138
3 0.9694 0.9037 0.0075 0.0138
3 0.9694 0.9172 0.0075 0.0125
3 0.9794 0.9194 0.0087 0.0138
3 0.9872 0.9225 0.0087 0.0138
3 0.9928 0.9234 0.0075 0.0125
3 0.9303 0.8397 0.0138 0.0075
3 0.9181 0.8391 0.0112 0.0063
3 0.9225 0.0734 0.0138 0.0063
3 0.9803 0.8803 0.0075 0.0138
3 0.9819 0.8678 0.0075 0.0138
3 0.9741 0.8662 0.0075 0.0138
3 0.9731 0.8803 0.0087 0.0138
3 0.9881 0.8662 0.0075 0.0138
3 0.9872 0.8797 0.0087 0.0125
3 0.9959 0.8662 0.0075 0.0138
3 0.9934 0.8803 0.0087 0.0138
3 0.8944 0.7913 0.0075 0.0138
3 0.9016 0.7913 0.0063 0.0138
3 0.8953 0.8041 0.0063 0.0112
3 0.6784 0.7981 0.0163 0.0087
3 0.7850 0.8953 0.0138 0.0063
3 0.7634 0.7378 0.0112 0.0163
3 0.6675 0.7688 0.0163 0.0125
3 0.6706 0.7753 0.0163 0.0100
3 0.6737 0.7878 0.0163 0.0100
3 0.6769 0.7925 0.0163 0.0100
3 0.6800 0.8050 0.0163 0.0100
3 0.8891 0.8088 0.0063 0.0112
3 0.6825 0.8113 0.0150 0.0100
3 0.6887 0.8197 0.0150 0.0112
3 0.6809 0.8281 0.0087 0.0125
3 0.6638 0.8169 0.0087 0.0150
3 0.6644 0.7891 0.0100 0.0125
3 0.6588 0.7772 0.0112 0.0138
3 0.9075 0.8516 0.0150 0.0063
3 0.9219 0.8531 0.0125 0.0063
3 0.9131 0.8719 0.0075 0.0125
3 0.9450 0.8406 0.0150 0.0063
3 0.8556 0.8444 0.0175 0.0075
3 0.8725 0.8381 0.0138 0.0075
3 0.8594 0.8366 0.0125 0.0075
3 0.8622 0.8309 0.0150 0.0087
3 0.8756 0.8219 0.0075 0.0125
3 0.8762 0.8313 0.0150 0.0063
3 0.8834 0.8219 0.0075 0.0125
3 0.8881 0.8219 0.0075 0.0125
3 0.8944 0.8156 0.0075 0.0125
3 0.9016 0.8156 0.0063 0.0125
3 0.9069 0.8244 0.0075 0.0112
3 0.9062 0.8359 0.0125 0.0063
3 0.9006 0.8031 0.0075 0.0125
3 0.8969 0.0381 0.0125 0.0075
3 0.8981 0.0125 0.0150 0.0063
3 0.9753 0.0263 0.0163 0.0087
3 0.8959 0.0509 0.0138 0.0050
3 0.8938 0.0578 0.0125 0.0063
3 0.8981 0.0641 0.0150 0.0063
3 0.8966 0.0716 0.0150 0.0087
3 0.8969 0.0788 0.0125 0.0075
3 0.8928 0.0912 0.0138 0.0075
3 0.8922 0.1053 0.0125 0.0075
3 0.8738 0.1169 0.0163 0.0087
3 0.9341 0.1147 0.0150 0.0075
3 0.9334 0.1203 0.0138 0.0063
3 0.9428 0.1341 0.0138 0.0087
3 0.9197 0.1000 0.0112 0.0063
3 0.9344 0.1078 0.0125 0.0063
3 0.9338 0.1000 0.0112 0.0063
3 0.9344 0.0938 0.0125 0.0063
3 0.9344 0.0819 0.0125 0.0075
3 0.9344 0.0741 0.0125 0.0075
3 0.5209 0.3600 0.0075 0.0138
3 0.5131 0.3584 0.0075 0.0138
3 0.5075 0.3569 0.0087 0.0138
3 0.6294 0.3150 0.0150 0.0112
3 0.4422 0.0022 0.0063 0.0013
3 0.4484 0.0034 0.0063 0.0037
3 0.4813 0.2866 0.0125 0.0138
3 0.5647 0.2491 0.0075 0.0138
3 0.5334 0.2472 0.0075 0.0163
3 0.4662 0.3272 0.0138 0.0138
3 0.4669 0.3128 0.0150 0.0163
3 0.4694 0.3044 0.0138 0.0150
3 0.4725 0.2934 0.0138 0.0150
3 0.4975 0.2850 0.0075 0.0138
3 0.5200 0.2866 0.0087 0.0138
3 0.5437 0.2906 0.0063 0.0125
3 0.5613 0.2938 0.0100 0.0125
3 0.5684 0.2922 0.0087 0.0125
3 0.5769 0.2959 0.0100 0.0138
3 0.5856 0.2959 0.0087 0.0138
3 0.5919 0.2381 0.0150 0.0075
3 0.5772 0.2769 0.0138 0.0100
3 0.6209 0.2403 0.0075 0.0150
3 0.7125 0.2669 0.0063 0.0150
3 0.7362 0.2691 0.0100 0.0163
3 0.5944 0.2325 0.0138 0.0087
3 0.5950 0.2256 0.0150 0.0075
3 0.5981 0.1719 0.0150 0.0125
3 0.6069 0.1256 0.0138 0.0075
3 0.6219 0.0500 0.0125 0.0125
3 0.6522 0.0203 0.0075 0.0125
3 0.6444 0.7850 0.0075 0.0138
3 0.6516 0.8100 0.0063 0.0138
3 0.0700 0.2919 0.0087 0.0150
3 0.0616 0.0631 0.0138 0.0138
3 0.0788 0.0663 0.0138 0.0138
3 0.0716 0.1125 0.0150 0.0125
3 0.0725 0.0969 0.0138 0.0125
3 0.0725 0.0875 0.0138 0.0125
3 0.0772 0.0734 0.0138 0.0125
3 0.0622 0.0541 0.0150 0.0112
3 0.0600 0.0703 0.0138 0.0125
3 0.1744 0.0597 0.0112 0.0163
3 0.0600 0.0781 0.0138 0.0125
3 0.0594 0.0878 0.0125 0.0100
3 0.0594 0.0953 0.0125 0.0125
3 0.0553 0.1016 0.0138 0.0125
3 0.0537 0.1084 0.0138 0.0138
3 0.0547 0.1178 0.0125 0.0138
3 0.0788 0.0494 0.0138 0.0112
3 0.0803 0.0416 0.0138 0.0112
3 0.1113 0.0550 0.0163 0.0100
3 0.1131 0.0400 0.0138 0.0112
3 0.1069 0.0784 0.0138 0.0100
3 0.1041 0.0944 0.0112 0.0075
3 0.1038 0.1075 0.0138 0.0087
3 0.1006 0.1163 0.0138 0.0075
3 0.1006 0.1241 0.0138 0.0075
3 0.0981 0.1325 0.0150 0.0087
3 0.1322 0.2078 0.0050 0.0125
3 0.1562 0.1641 0.0125 0.0125
3 0.1738 0.1300 0.0100 0.0163
3 0.1881 0.1419 0.0075 0.0150
3 0.1797 0.1006 0.0063 0.0138
3 0.1944 0.0984 0.0075 0.0125
3 0.0544 0.1272 0.0150 0.0138
3 0.1734 0.0091 0.0375 0.0150
3 0.6450 0.8094 0.0087 0.0125
3 0.1019 0.5600 0.0100 0.0138
3 0.1441 0.3881 0.0100 0.0200
3 0.1522 0.3875 0.0075 0.0125
3 0.1494 0.4094 0.0050 0.0125
3 0.1363 0.4503 0.0100 0.0163
3 0.1319 0.4725 0.0075 0.0138
3 0.1169 0.5172 0.0087 0.0125
3 0.0884 0.5950 0.0112 0.0150
3 0.0572 0.6631 0.0112 0.0138
3 0.0922 0.2406 0.0063 0.0125
3 0.0850 0.2403 0.0075 0.0150
3 0.0766 0.2403 0.0063 0.0150
3 0.0694 0.2366 0.0075 0.0138
3 0.0625 0.2359 0.0063 0.0125
3 0.1575 0.3631 0.0087 0.0200
3 0.1444 0.2450 0.0138 0.0212
3 0.2147 0.2750 0.0138 0.0187
3 0.2056 0.1906 0.0175 0.0187
3 0.1991 0.0838 0.0075 0.0112
3 0.2006 0.0750 0.0075 0.0125
3 0.1834 0.0725 0.0075 0.0138
3 0.3103 0.8781 0.0112 0.0125
3 0.3319 0.9416 0.0075 0.0112
3 0.2972 0.9169 0.0100 0.0150
3 0.3250 0.8406 0.0125 0.0063
3 0.3259 0.8631 0.0112 0.0138
3 0.3219 0.8672 0.0125 0.0125
3 0.3150 0.8725 0.0112 0.0138
3 0.3047 0.8812 0.0125 0.0125
3 0.3875 0.7463 0.0063 0.0112
3 0.2994 0.8850 0.0112 0.0138
3 0.2947 0.8897 0.0112 0.0138
3 0.2816 0.8900 0.0100 0.0112
3 0.2906 0.8944 0.0125 0.0138
3 0.2850 0.9006 0.0138 0.0138
3 0.2844 0.9072 0.0125 0.0112
3 0.3444 0.9344 0.0075 0.0125
3 0.3856 0.7597 0.0087 0.0163
3 0.1881 0.0412 0.0075 0.0138
3 0.4047 0.8022 0.0125 0.0138
3 0.4431 0.8344 0.0050 0.0125
3 0.4291 0.8162 0.0112 0.0138
3 0.4287 0.8297 0.0075 0.0125
3 0.4194 0.7944 0.0075 0.0138
3 0.4122 0.7816 0.0087 0.0163
3 0.4119 0.8162 0.0112 0.0138
3 0.3991 0.7894 0.0138 0.0100
3 0.3928 0.7162 0.0075 0.0138
3 0.3981 0.7831 0.0150 0.0100
3 0.3972 0.7756 0.0163 0.0075
3 0.3969 0.7681 0.0125 0.0050
3 0.3969 0.7625 0.0125 0.0063
3 0.3994 0.7562 0.0112 0.0063
3 0.3991 0.7422 0.0138 0.0063
3 0.2803 0.9109 0.0138 0.0125
3 0.2797 0.9200 0.0125 0.0087
3 0.2775 0.9281 0.0112 0.0125
3 0.2625 0.8819 0.0125 0.0075
3 0.2191 0.9000 0.0100 0.0063
3 0.2200 0.8938 0.0150 0.0063
3 0.2225 0.8881 0.0138 0.0075
3 0.2272 0.8828 0.0138 0.0063
3 0.2375 0.8897 0.0125 0.0075
3 0.2600 0.8881 0.0138 0.0075
3 0.2669 0.8750 0.0150 0.0063
3 0.2719 0.9369 0.0125 0.0112
3 0.3550 0.8253 0.0163 0.0100
3 0.3528 0.8162 0.0150 0.0075
3 0.2781 0.8625 0.0063 0.0125
3 0.2638 0.8606 0.0087 0.0150
3 0.2375 0.8525 0.0063 0.0112
3 0.2581 0.8600 0.0100 0.0138
3 0.2213 0.9062 0.0112 0.0063
3 0.2156 0.9125 0.0125 0.0063
3 0.2156 0.9197 0.0125 0.0050
3 0.2138 0.9250 0.0150 0.0063
3 0.2141 0.9319 0.0125 0.0075
3 0.2116 0.9381 0.0138 0.0075
3 0.2281 0.9141 0.0125 0.0063
3 0.2288 0.9197 0.0138 0.0050
3 0.2288 0.9250 0.0138 0.0063
3 0.2278 0.9319 0.0150 0.0075
3 0.2250 0.9381 0.0125 0.0075
3 0.2406 0.9141 0.0125 0.0063
3 0.2400 0.9203 0.0112 0.0063
3 0.2416 0.9275 0.0112 0.0050
3 0.2362 0.9391 0.0100 0.0063
3 0.2341 0.9475 0.0150 0.0075
3 0.2462 0.9463 0.0112 0.0112
3 0.4388 0.8313 0.0087 0.0187
3 0.4500 0.8334 0.0063 0.0138
3 0.4572 0.8350 0.0050 0.0138
3 0.6278 0.7466 0.0150 0.0087
3 0.6153 0.7256 0.0150 0.0075
3 0.5891 0.7094 0.0125 0.0125
3 0.5866 0.7178 0.0138 0.0138
3 0.5866 0.7272 0.0138 0.0138
3 0.5847 0.7338 0.0100 0.0112
3 0.5837 0.7406 0.0112 0.0125
3 0.6141 0.7328 0.0125 0.0063
3 0.6219 0.6156 0.0125 0.0063
3 0.6103 0.7537 0.0112 0.0075
3 0.5966 0.7594 0.0150 0.0125
3 0.5716 0.7625 0.0150 0.0125
3 0.5553 0.7647 0.0138 0.0075
3 0.6194 0.7959 0.0075 0.0138
3 0.5959 0.7784 0.0138 0.0100
3 0.6303 0.7256 0.0138 0.0075
3 0.6334 0.7194 0.0138 0.0075
3 0.6156 0.7188 0.0125 0.0063
3 0.6175 0.7125 0.0163 0.0063
3 0.6175 0.7069 0.0163 0.0075
3 0.6184 0.7006 0.0150 0.0075
3 0.6731 0.7028 0.0150 0.0087
3 0.6725 0.7200 0.0138 0.0087
3 0.6737 0.7406 0.0163 0.0125
3 0.6903 0.7353 0.0150 0.0112
3 0.7106 0.7075 0.0150 0.0087
3 0.7203 0.6528 0.0125 0.0087
3 0.5950 0.6406 0.0087 0.0125
3 0.6162 0.6222 0.0138 0.0100
3 0.7444 0.6241 0.0075 0.0138
3 0.7162 0.6116 0.0075 0.0138
3 0.7037 0.5825 0.0138 0.0087
3 0.6038 0.5950 0.0075 0.0150
3 0.5956 0.5991 0.0100 0.0138
3 0.4641 0.8356 0.0063 0.0150
3 0.4766 0.7937 0.0063 0.0125
3 0.4231 0.7272 0.0150 0.0075
3 0.4094 0.7241 0.0125 0.0075
3 0.4241 0.7366 0.0138 0.0075
3 0.4247 0.7459 0.0150 0.0075
3 0.4881 0.8247 0.0075 0.0150
3 0.4813 0.8094 0.0063 0.0125
3 0.4306 0.7994 0.0112 0.0050
3 0.5850 0.6544 0.0138 0.0150
3 0.4444 0.8069 0.0138 0.0075
3 0.4591 0.8059 0.0150 0.0087
3 0.4584 0.8116 0.0138 0.0075
3 0.4562 0.8178 0.0125 0.0075
3 0.4428 0.8141 0.0138 0.0063
3 0.4706 0.8347 0.0100 0.0163
3 0.4241 0.7594 0.0138 0.0063
3 0.4388 0.7531 0.0150 0.0063
3 0.4388 0.7459 0.0150 0.0075
3 0.5091 0.7828 0.0150 0.0063
3 0.5088 0.7922 0.0175 0.0063
3 0.5081 0.7750 0.0163 0.0063
3 0.5203 0.8044 0.0063 0.0150
3 0.5272 0.8037 0.0075 0.0138
3 0.5344 0.7975 0.0063 0.0138
3 0.5428 0.8109 0.0138 0.0125
3 0.5600 0.7984 0.0138 0.0125
3 0.4122 0.6694 0.0150 0.0075
3 0.4138 0.6809 0.0150 0.0087
3 0.5088 0.6519 0.0112 0.0225
3 0.4356 0.5631 0.0150 0.0075
3 0.4628 0.5678 0.0163 0.0075
3 0.5453 0.6134 0.0063 0.0112
3 0.2269 0.8578 0.0100 0.0125
3 0.2206 0.8556 0.0100 0.0112
3 0.2241 0.8469 0.0138 0.0063
3 0.4059 0.2809 0.0087 0.0150
3 0.3278 0.3469 0.0087 0.0125
3 0.3381 0.3484 0.0075 0.0125
3 0.3575 0.3506 0.0087 0.0138
3 0.4412 0.3138 0.0075 0.0150
3 0.4241 0.2919 0.0138 0.0150
3 0.4153 0.2819 0.0087 0.0138
3 0.3941 0.2769 0.0100 0.0163
3 0.2706 0.2578 0.0100 0.0125
3 0.3706 0.2741 0.0100 0.0138
3 0.3522 0.2697 0.0075 0.0112
3 0.3325 0.2672 0.0087 0.0125
3 0.3700 0.2559 0.0150 0.0087
3 0.3303 0.2506 0.0138 0.0075
3 0.3184 0.2662 0.0087 0.0138
3 0.3206 0.3481 0.0100 0.0150
3 0.3381 0.3772 0.0138 0.0075
3 0.3287 0.3831 0.0138 0.0100
3 0.3266 0.3888 0.0125 0.0087
3 0.3222 0.3991 0.0163 0.0075
3 0.3212 0.4050 0.0175 0.0100
3 0.3212 0.4178 0.0175 0.0075
3 0.3163 0.4250 0.0138 0.0063
3 0.3163 0.4313 0.0138 0.0063
3 0.3597 0.5606 0.0163 0.0087
3 0.3772 0.5341 0.0138 0.0087
3 0.1653 0.6459 0.0150 0.0075
3 0.1675 0.6381 0.0163 0.0075
3 0.1788 0.6491 0.0138 0.0075
3 0.1769 0.6750 0.0100 0.0063
3 0.1903 0.6756 0.0150 0.0075
3 0.3891 0.6225 0.0063 0.0138
3 0.3050 0.2641 0.0100 0.0125
3 0.2528 0.2553 0.0087 0.0138
3 0.3834 0.6656 0.0075 0.0125
3 0.2875 0.0938 0.0063 0.0125
3 0.3484 0.0906 0.0063 0.0125
3 0.3375 0.0872 0.0063 0.0150
3 0.3250 0.0850 0.0063 0.0138
3 0.3069 0.0856 0.0075 0.0150
3 0.3006 0.0819 0.0075 0.0138
3 0.2944 0.0794 0.0075 0.0150
3 0.2812 0.0922 0.0063 0.0125
3 0.2406 0.2600 0.0125 0.0138
3 0.2806 0.0797 0.0050 0.0125
3 0.2625 0.0756 0.0063 0.0138
3 0.2562 0.0725 0.0063 0.0138
3 0.2453 0.0638 0.0125 0.0087
3 0.2475 0.0497 0.0138 0.0087
3 0.1950 0.0163 0.0087 0.0138
3 0.3547 0.0900 0.0063 0.0112
3 0.3672 0.1031 0.0125 0.0063
3 0.3656 0.1116 0.0125 0.0075
3 0.2834 0.1663 0.0138 0.0138
3 0.2981 0.1797 0.0150 0.0125
3 0.3875 0.1609 0.0063 0.0125
3 0.4006 0.1156 0.0075 0.0125
3 0.4156 0.1516 0.0063 0.0125
3 0.4084 0.0856 0.0075 0.0150
3 0.4350 0.2194 0.0138 0.0075
3 0.3075 0.2288 0.0150 0.0075
3 0.2350 0.2313 0.0138 0.0063
3 0.3131 0.2375 0.0138 0.0063
3 0.4263 0.2469 0.0150 0.0063
3 0.4609 0.2413 0.0125 0.0138
3 0.4881 0.2362 0.0075 0.0163
3 0.5062 0.2406 0.0063 0.0125
3 0.3866 0.6531 0.0075 0.0125
3 0.3819 0.6844 0.0075 0.0125
3 0.2269 0.8313 0.0163 0.0063
3 0.3712 0.6578 0.0112 0.0063
3 0.3275 0.7156 0.0050 0.0125
3 0.2625 0.7125 0.0125 0.0063
3 0.2625 0.7063 0.0125 0.0063
3 0.2797 0.7013 0.0125 0.0087
3 0.2672 0.6991 0.0125 0.0075
3 0.2547 0.6969 0.0125 0.0063
3 0.3697 0.6641 0.0112 0.0063
3 0.3187 0.6813 0.0063 0.0125
3 0.3694 0.6709 0.0138 0.0075
3 0.3666 0.6772 0.0112 0.0075
3 0.3650 0.6850 0.0112 0.0075
3 0.3634 0.6897 0.0112 0.0075
3 0.3375 0.6838 0.0063 0.0112
3 0.3312 0.6828 0.0063 0.0125
3 0.3359 0.7162 0.0063 0.0138
3 0.3466 0.7241 0.0087 0.0138
3 0.2553 0.7569 0.0075 0.0138
3 0.3472 0.7766 0.0100 0.0125
3 0.3584 0.7787 0.0075 0.0138
3 0.1775 0.7819 0.0175 0.0138
3 0.1747 0.7906 0.0150 0.0125
3 0.1600 0.7588 0.0138 0.0112
3 0.1675 0.7531 0.0163 0.0125
3 0.1450 0.7700 0.0150 0.0087
3 0.1419 0.7769 0.0150 0.0100
3 0.1394 0.7856 0.0163 0.0087
3 0.0947 0.8122 0.0112 0.0150
3 0.2375 0.7928 0.0187 0.0075
3 0.2319 0.8053 0.0138 0.0075
3 0.2297 0.8131 0.0125 0.0075
3 0.2294 0.8247 0.0150 0.0087
3 0.3250 0.6828 0.0063 0.0125
3 0.3131 0.6797 0.0075 0.0125
3 0.2959 0.6366 0.0138 0.0075
3 0.2506 0.6625 0.0138 0.0063
3 0.3281 0.6562 0.0125 0.0063
3 0.3441 0.6537 0.0100 0.0075
3 0.3281 0.6516 0.0125 0.0063
3 0.3141 0.6506 0.0125 0.0075
3 0.2572 0.6719 0.0050 0.0125
3 0.2516 0.6713 0.0063 0.0112
3 0.2656 0.6619 0.0125 0.0050
3 0.3063 0.6791 0.0063 0.0112
3 0.2666 0.6569 0.0112 0.0075
3 0.2716 0.6512 0.0150 0.0087
3 0.2678 0.6450 0.0138 0.0087
3 0.2797 0.6469 0.0125 0.0063
3 0.2797 0.6391 0.0125 0.0063
3 0.2794 0.6344 0.0150 0.0063
3 0.3131 0.6562 0.0138 0.0063
3 0.2975 0.6609 0.0138 0.0063
3 0.3109 0.6616 0.0125 0.0075
3 0.3109 0.6687 0.0125 0.0063
3 0.3256 0.6709 0.0138 0.0075
3 0.3256 0.6631 0.0138 0.0075
3 0.3412 0.6600 0.0138 0.0075
3 0.3412 0.6663 0.0138 0.0075
3 0.3406 0.6725 0.0125 0.0075
3 0.3506 0.6709 0.0075 0.0138
3 0.3569 0.6725 0.0075 0.0138
3 0.2625 0.6719 0.0063 0.0125
3 0.2694 0.6725 0.0075 0.0138
3 0.2812 0.6741 0.0063 0.0138
3 0.2875 0.6756 0.0063 0.0138
3 0.2944 0.6772 0.0075 0.0138
3 0.2994 0.6781 0.0050 0.0125
3 0.1663 0.2781 0.0075 0.0125
3 0.1641 0.2969 0.0063 0.0125
3 0.1631 0.3191 0.0075 0.0163
3 0.1594 0.3434 0.0063 0.0150
3 0.1516 0.3094 0.0063 0.0125
3 0.5066 0.8481 0.0163 0.0150
3 0.4931 0.8569 0.0175 0.0138
