3 0.8219 0.0138 0.0125 0.0150
3 0.8150 0.0106 0.0112 0.0150
3 0.8075 0.0094 0.0087 0.0125
3 0.8012 0.0084 0.0087 0.0138
3 0.7950 0.0078 0.0087 0.0125
3 0.7875 0.0066 0.0063 0.0100
3 0.7741 0.0041 0.0075 0.0050
3 0.8569 0.0078 0.0138 0.0125
3 0.8506 0.0100 0.0138 0.0138
3 0.8609 0.0053 0.0125 0.0075
3 0.0231 0.1206 0.0150 0.0100
3 0.0178 0.1300 0.0138 0.0100
3 0.0156 0.1378 0.0125 0.0100
3 0.0022 0.1891 0.0013 0.0063
3 0.0212 0.2191 0.0175 0.0100
3 0.8678 0.0034 0.0075 0.0037
3 0.0272 0.2075 0.0138 0.0087
3 0.0397 0.1712 0.0138 0.0112
3 0.0419 0.1628 0.0150 0.0100
3 0.0475 0.1466 0.0138 0.0087
3 0.0475 0.1387 0.0138 0.0087
3 0.2944 0.8794 0.0075 0.0150
3 0.3125 0.9537 0.0063 0.0138
3 0.7978 0.8997 0.0112 0.0150
3 0.7856 0.3447 0.0150 0.0112
3 0.6850 0.2963 0.0138 0.0112
3 0.6050 0.2534 0.0163 0.0100
3 0.5947 0.0066 0.0112 0.0100
3 0.6009 0.0047 0.0112 0.0063
3 0.1322 0.0081 0.0112 0.0100
3 0.1078 0.8031 0.0125 0.0063
3 0.1100 0.7944 0.0138 0.0075
3 0.1056 0.7834 0.0112 0.0075
3 0.3178 0.4875 0.0138 0.0063
3 0.3872 0.4041 0.0150 0.0112
3 0.2753 0.1281 0.0163 0.0125
3 0.9059 0.1331 0.0150 0.0100
3 0.9394 0.0766 0.0100 0.0125
3 0.9231 0.0941 0.0150 0.0100
3 0.8716 0.1125 0.0150 0.0125
3 0.8662 0.1219 0.0138 0.0125
3 0.8594 0.1578 0.0125 0.0063
3 0.8656 0.1812 0.0125 0.0063
3 0.8941 0.1788 0.0100 0.0138
3 0.8997 0.1741 0.0087 0.0138
3 0.9128 0.1709 0.0100 0.0138
3 0.9056 0.1725 0.0112 0.0138
3 0.9163 0.1575 0.0138 0.0087
3 0.9153 0.1503 0.0150 0.0100
3 0.9100 0.1394 0.0138 0.0100
3 0.9037 0.1269 0.0138 0.0100
3 0.9428 0.1400 0.0138 0.0112
3 0.9475 0.1512 0.0138 0.0087
3 0.9669 0.1459 0.0087 0.0138
3 0.9753 0.1669 0.0100 0.0150
3 0.9941 0.1537 0.0100 0.0138
3 0.9262 0.0500 0.0087 0.0125
3 0.8519 0.0725 0.0100 0.0138
3 0.9816 0.1225 0.0100 0.0138
3 0.9681 0.0912 0.0112 0.0138
3 0.9525 0.0537 0.0112 0.0138
3 0.9613 0.0766 0.0100 0.0125
3 0.4947 0.5409 0.0112 0.0100
3 0.5072 0.5700 0.0112 0.0087
3 0.9656 0.9497 0.0125 0.0087
3 0.9688 0.9434 0.0125 0.0087
3 0.9725 0.9372 0.0138 0.0087
3 0.9738 0.9300 0.0163 0.0100
3 0.8672 0.2006 0.0125 0.0075
