3 0.5678 0.0325 0.0138 0.0087
3 0.7362 0.2166 0.0100 0.0112
3 0.6019 0.0369 0.0163 0.0112
3 0.5862 0.0916 0.0163 0.0112
3 0.5825 0.0988 0.0150 0.0100
3 0.5803 0.1059 0.0138 0.0087
3 0.5747 0.1200 0.0150 0.0087
3 0.5731 0.1263 0.0150 0.0087
3 0.7731 0.1206 0.0150 0.0100
3 0.7678 0.1300 0.0138 0.0100
3 0.7656 0.1378 0.0125 0.0100
3 0.7459 0.1878 0.0138 0.0100
3 0.7428 0.1956 0.0138 0.0100
3 0.7412 0.2019 0.0138 0.0100
3 0.7419 0.2087 0.0150 0.0112
3 0.7722 0.2184 0.0163 0.0087
3 0.7772 0.2075 0.0138 0.0087
3 0.7897 0.1712 0.0138 0.0112
3 0.7919 0.1628 0.0150 0.0100
3 0.7975 0.1466 0.0138 0.0087
3 0.7975 0.1387 0.0138 0.0087
3 0.5928 0.0706 0.0138 0.0100
3 0.5719 0.0263 0.0125 0.0087
3 0.8822 0.0081 0.0112 0.0100
3 0.5734 0.0194 0.0125 0.0075
3 0.3122 0.9059 0.0087 0.0150
3 0.0041 0.9241 0.0050 0.0138
3 0.0769 0.7422 0.0100 0.0125
3 0.2884 0.8669 0.0112 0.0150
3 0.3006 0.8481 0.0075 0.0150
3 0.2822 0.8372 0.0112 0.0150
3 0.2938 0.8203 0.0063 0.0125
3 0.2969 0.8344 0.0063 0.0125
3 0.3222 0.9662 0.0100 0.0138
3 0.3263 0.9850 0.0087 0.0138
3 0.3231 0.7688 0.0150 0.0063
3 0.8578 0.8031 0.0125 0.0063
3 0.8600 0.7944 0.0138 0.0075
3 0.8556 0.7834 0.0112 0.0075
3 0.6366 0.8797 0.0138 0.0063
3 0.5697 0.1347 0.0112 0.0100
3 0.8063 0.1169 0.0125 0.0087
