3 0.0266 0.9616 0.0125 0.0075
3 0.0600 0.9662 0.0138 0.0075
3 0.0794 0.9700 0.0150 0.0087
3 0.0984 0.9738 0.0125 0.0100
3 0.9844 0.8116 0.0063 0.0138
3 0.9953 0.8162 0.0063 0.0138
3 0.9766 0.8109 0.0063 0.0125
3 0.9819 0.8241 0.0138 0.0075
3 0.9800 0.8303 0.0163 0.0075
3 0.9788 0.8381 0.0138 0.0075
3 0.9225 0.8241 0.0138 0.0075
3 0.9650 0.8391 0.0112 0.0063
3 0.9766 0.8719 0.0125 0.0063
3 0.9788 0.8475 0.0138 0.0075
3 0.9794 0.8553 0.0150 0.0075
3 0.9641 0.8616 0.0125 0.0075
3 0.9641 0.8538 0.0125 0.0075
3 0.9647 0.8459 0.0138 0.0075
3 0.9625 0.8266 0.0125 0.0063
3 0.9625 0.8203 0.0125 0.0063
3 0.9619 0.8094 0.0050 0.0125
3 0.9234 0.8037 0.0125 0.0075
3 0.9372 0.8116 0.0150 0.0075
3 0.9378 0.8044 0.0163 0.0087
3 0.9241 0.8178 0.0138 0.0075
3 0.9772 0.8803 0.0138 0.0075
3 0.9741 0.8912 0.0138 0.0138
3 0.9950 0.8984 0.0087 0.0125
3 0.9391 0.8250 0.0125 0.0063
3 0.9225 0.8313 0.0138 0.0063
3 0.9225 0.8375 0.0138 0.0063
3 0.8969 0.8022 0.0125 0.0075
3 0.4303 0.4794 0.0138 0.0087
3 0.8981 0.7766 0.0150 0.0063
3 0.9753 0.7888 0.0163 0.0087
3 0.8959 0.8150 0.0138 0.0050
3 0.8938 0.8219 0.0125 0.0063
3 0.8981 0.8281 0.0150 0.0063
3 0.8966 0.8356 0.0150 0.0087
3 0.8969 0.8428 0.0125 0.0075
3 0.8928 0.8553 0.0138 0.0075
3 0.8922 0.8694 0.0125 0.0075
3 0.8738 0.8809 0.0163 0.0087
3 0.9341 0.8787 0.0150 0.0075
3 0.9334 0.8844 0.0138 0.0063
3 0.9428 0.8981 0.0138 0.0087
3 0.9197 0.8625 0.0112 0.0063
3 0.9344 0.8719 0.0125 0.0063
3 0.9338 0.8641 0.0112 0.0063
3 0.9344 0.8578 0.0125 0.0063
3 0.9344 0.8444 0.0125 0.0075
3 0.9344 0.8381 0.0125 0.0075
3 0.4047 0.5662 0.0063 0.0138
3 0.8847 0.4928 0.0163 0.0075
3 0.9231 0.4888 0.0150 0.0087
3 0.9191 0.5709 0.0163 0.0075
3 0.9387 0.5022 0.0150 0.0075
3 0.4194 0.7203 0.0075 0.0125
3 0.4169 0.7562 0.0087 0.0125
3 0.4012 0.7575 0.0087 0.0150
3 0.4606 0.7106 0.0087 0.0150
3 0.4319 0.7084 0.0075 0.0138
3 0.4125 0.7044 0.0063 0.0150
3 0.4122 0.7178 0.0087 0.0138
3 0.4284 0.7238 0.0100 0.0163
3 0.4672 0.6813 0.0063 0.0125
3 0.4369 0.7256 0.0050 0.0138
3 0.4437 0.7250 0.0063 0.0125
3 0.4500 0.7272 0.0063 0.0138
3 0.4631 0.7291 0.0075 0.0112
3 0.4719 0.7303 0.0063 0.0138
3 0.5169 0.7022 0.0150 0.0075
3 0.4297 0.7569 0.0063 0.0138
3 0.4366 0.7594 0.0075 0.0125
3 0.4428 0.7594 0.0075 0.0125
3 0.4497 0.7616 0.0087 0.0138
3 0.4375 0.6162 0.0063 0.0138
3 0.4450 0.6184 0.0087 0.0150
3 0.4209 0.6600 0.0075 0.0138
3 0.6281 0.0425 0.0437 0.0350
3 0.4706 0.6963 0.0163 0.0112
3 0.4506 0.6787 0.0075 0.0138
3 0.4391 0.6781 0.0063 0.0125
3 0.6209 0.9988 0.0075 0.0037
3 0.5944 0.9950 0.0138 0.0087
3 0.5950 0.9881 0.0150 0.0075
3 0.5981 0.9344 0.0150 0.0125
3 0.6069 0.8881 0.0138 0.0075
3 0.6219 0.8141 0.0125 0.0125
3 0.6522 0.7844 0.0075 0.0125
3 0.6522 0.7250 0.0075 0.0125
3 0.3719 0.6444 0.0125 0.0075
3 0.3756 0.6294 0.0138 0.0087
3 0.3991 0.6709 0.0075 0.0138
3 0.4131 0.6719 0.0075 0.0125
3 0.4256 0.6756 0.0075 0.0138
3 0.0616 0.8272 0.0138 0.0138
3 0.0788 0.8287 0.0138 0.0138
3 0.0716 0.8766 0.0150 0.0125
3 0.0725 0.8594 0.0138 0.0125
3 0.0725 0.8516 0.0138 0.0125
3 0.0772 0.8375 0.0138 0.0125
3 0.0622 0.8181 0.0150 0.0112
3 0.0600 0.8344 0.0138 0.0125
3 0.1744 0.8238 0.0112 0.0163
3 0.0600 0.8422 0.0138 0.0125
3 0.0594 0.8519 0.0125 0.0100
3 0.0594 0.8594 0.0125 0.0125
3 0.0553 0.8656 0.0138 0.0125
3 0.0537 0.8725 0.0138 0.0138
3 0.0547 0.8819 0.0125 0.0138
3 0.0788 0.8134 0.0138 0.0112
3 0.0803 0.8056 0.0138 0.0112
3 0.1113 0.8191 0.0163 0.0100
3 0.1131 0.8041 0.0138 0.0112
3 0.1069 0.8425 0.0138 0.0100
3 0.1041 0.8584 0.0112 0.0075
3 0.1038 0.8716 0.0138 0.0087
3 0.1006 0.8803 0.0138 0.0075
3 0.1006 0.8881 0.0138 0.0075
3 0.0981 0.8966 0.0150 0.0087
3 0.1322 0.9719 0.0050 0.0125
3 0.1562 0.9281 0.0125 0.0125
3 0.1738 0.8941 0.0100 0.0163
3 0.1881 0.9059 0.0075 0.0150
3 0.1797 0.8647 0.0063 0.0138
3 0.1944 0.8625 0.0075 0.0125
3 0.0544 0.8912 0.0150 0.0138
3 0.1700 0.7641 0.0462 0.0312
3 0.1419 0.7397 0.0150 0.0075
3 0.0878 0.0241 0.0100 0.0138
3 0.0963 0.0231 0.0112 0.0150
3 0.1038 0.0194 0.0138 0.0138
3 0.1128 0.0387 0.0163 0.0087
3 0.1122 0.0469 0.0150 0.0063
3 0.0169 0.2853 0.0150 0.0112
3 0.2500 0.3859 0.0063 0.0125
3 0.2319 0.4528 0.0075 0.0150
3 0.2519 0.5275 0.0100 0.0175
3 0.0500 0.5209 0.0125 0.0075
3 0.1053 0.6156 0.0138 0.0063
3 0.0856 0.7288 0.0150 0.0075
3 0.0922 0.9991 0.0063 0.0013
3 0.0850 0.9988 0.0075 0.0037
3 0.0766 0.9988 0.0063 0.0037
3 0.0694 0.9969 0.0075 0.0063
3 0.0619 0.9969 0.0050 0.0063
3 0.2056 0.9547 0.0175 0.0187
3 0.2625 0.3150 0.0437 0.0175
3 0.1991 0.8478 0.0075 0.0112
3 0.2006 0.8391 0.0075 0.0125
3 0.1834 0.8366 0.0075 0.0138
3 0.1881 0.8037 0.0075 0.0138
3 0.2875 0.8578 0.0063 0.0125
3 0.3484 0.8531 0.0063 0.0125
3 0.3375 0.8512 0.0063 0.0150
3 0.3250 0.8491 0.0063 0.0138
3 0.3069 0.8481 0.0075 0.0150
3 0.3006 0.8459 0.0075 0.0138
3 0.2944 0.8434 0.0075 0.0150
3 0.2812 0.8562 0.0063 0.0125
3 0.2806 0.8438 0.0050 0.0125
3 0.2625 0.8397 0.0063 0.0138
3 0.2562 0.8366 0.0063 0.0138
3 0.2453 0.8262 0.0125 0.0087
3 0.2475 0.8137 0.0138 0.0087
3 0.1950 0.7803 0.0087 0.0138
3 0.3547 0.8541 0.0063 0.0112
3 0.3672 0.8672 0.0125 0.0063
3 0.3656 0.8756 0.0125 0.0075
3 0.2834 0.9303 0.0138 0.0138
3 0.2981 0.9437 0.0150 0.0125
3 0.3875 0.9250 0.0063 0.0125
3 0.4006 0.8781 0.0075 0.0125
3 0.4156 0.9156 0.0063 0.0125
3 0.4084 0.8497 0.0075 0.0150
3 0.4350 0.9819 0.0138 0.0075
3 0.3075 0.9928 0.0150 0.0075
3 0.2350 0.9938 0.0138 0.0063
3 0.4881 0.9950 0.0075 0.0087
3 0.5056 0.9991 0.0050 0.0013
3 0.6634 0.1991 0.0112 0.0138
