3 0.7344 0.4819 0.0125 0.0138
3 0.8662 0.5575 0.0075 0.0150
3 0.7975 0.6219 0.0138 0.0125
3 0.7969 0.5734 0.0125 0.0125
3 0.8037 0.5422 0.0138 0.0125
3 0.7947 0.5344 0.0112 0.0125
3 0.7906 0.5275 0.0125 0.0112
3 0.7953 0.5594 0.0125 0.0125
3 0.8162 0.5534 0.0138 0.0163
3 0.7406 0.5228 0.0125 0.0112
3 0.7844 0.5241 0.0125 0.0138
3 0.7728 0.5172 0.0112 0.0125
3 0.7556 0.4984 0.0112 0.0125
3 0.7056 0.4900 0.0112 0.0112
3 0.6937 0.4781 0.0125 0.0125
3 0.7266 0.4734 0.0125 0.0125
3 0.7203 0.4672 0.0125 0.0125
3 0.7166 0.4588 0.0112 0.0112
3 0.6469 0.3975 0.0125 0.0138
3 0.6016 0.3928 0.0125 0.0138
3 0.5900 0.3828 0.0112 0.0125
3 0.5978 0.3547 0.0112 0.0125
3 0.6188 0.3594 0.0125 0.0125
3 0.6281 0.3812 0.0125 0.0125
3 0.6047 0.3594 0.0125 0.0125
3 0.5797 0.3350 0.0125 0.0138
3 0.5709 0.3287 0.0138 0.0138
3 0.5603 0.3547 0.0112 0.0125
3 0.3856 0.1384 0.0150 0.0112
3 0.3622 0.1209 0.0087 0.0138
3 0.3459 0.0725 0.0075 0.0138
3 0.3100 0.0691 0.0138 0.0100
3 0.9594 0.1953 0.0125 0.0063
3 0.9594 0.2062 0.0125 0.0063
3 0.8725 0.1288 0.0138 0.0075
3 0.8725 0.0963 0.0138 0.0050
3 0.8719 0.0891 0.0125 0.0063
3 0.8713 0.0828 0.0112 0.0063
3 0.8725 0.0625 0.0138 0.0063
3 0.8725 0.0563 0.0138 0.0063
3 0.8719 0.0422 0.0125 0.0063
3 0.9897 0.1406 0.0138 0.0063
3 0.9887 0.1531 0.0150 0.0063
3 0.9881 0.1609 0.0138 0.0063
3 0.9991 0.1750 0.0013 0.0063
3 0.9875 0.1812 0.0125 0.0063
3 0.9991 0.1806 0.0013 0.0050
3 0.9991 0.2062 0.0013 0.0063
3 0.9991 0.2119 0.0013 0.0050
3 0.9906 0.2203 0.0125 0.0063
3 0.9906 0.2119 0.0125 0.0050
3 0.9897 0.2069 0.0138 0.0075
3 0.9891 0.2006 0.0125 0.0075
3 0.8066 0.9691 0.0163 0.0100
3 0.7737 0.9950 0.0100 0.0087
3 0.8131 0.9938 0.0138 0.0063
3 0.8119 0.9850 0.0112 0.0075
3 0.8106 0.9769 0.0150 0.0100
3 0.7756 0.9597 0.0075 0.0163
3 0.8019 0.9619 0.0163 0.0112
3 0.7991 0.9534 0.0200 0.0163
3 0.7931 0.9456 0.0175 0.0163
3 0.7884 0.9387 0.0175 0.0150
3 0.9863 0.8391 0.0100 0.0125
3 0.9769 0.7472 0.0100 0.0163
3 0.7019 0.4525 0.0100 0.0112
3 0.6950 0.4456 0.0087 0.0100
