3 0.2638 0.0141 0.0150 0.0125
3 0.2981 0.0094 0.0150 0.0125
3 0.2687 0.0238 0.0125 0.0100
3 0.2716 0.0316 0.0150 0.0100
3 0.2731 0.0384 0.0150 0.0112
3 0.2769 0.0447 0.0163 0.0112
3 0.3075 0.0269 0.0150 0.0100
3 0.4981 0.0456 0.0150 0.0100
3 0.4763 0.0706 0.0150 0.0100
3 0.4325 0.2266 0.0087 0.0125
3 0.4394 0.2434 0.0100 0.0150
3 0.5459 0.2409 0.0138 0.0100
3 0.2075 0.4900 0.0150 0.0112
3 0.2631 0.5006 0.0138 0.0075
3 0.2797 0.4966 0.0125 0.0087
3 0.4831 0.4750 0.0163 0.0125
3 0.6047 0.9762 0.0125 0.0150
3 0.6119 0.9912 0.0112 0.0138
3 0.6088 0.9537 0.0112 0.0138
3 0.6188 0.9681 0.0125 0.0175
3 0.6706 0.6866 0.0100 0.0138
3 0.1113 0.5147 0.0100 0.0138
3 0.5956 0.9616 0.0100 0.0138
3 0.5900 0.9497 0.0112 0.0150
3 0.1578 0.6388 0.0125 0.0150
3 0.1494 0.6234 0.0112 0.0125
3 0.4972 0.4522 0.0163 0.0075
3 0.5703 0.4747 0.0125 0.0150
3 0.5963 0.5287 0.0112 0.0138
3 0.6053 0.5487 0.0138 0.0163
3 0.6181 0.5731 0.0112 0.0150
3 0.6244 0.5878 0.0112 0.0163
3 0.5656 0.6147 0.0125 0.0138
3 0.4031 0.5622 0.0125 0.0150
3 0.4166 0.5869 0.0112 0.0175
3 0.4056 0.6006 0.0112 0.0138
3 0.4297 0.6112 0.0125 0.0163
3 0.4494 0.6475 0.0112 0.0138
3 0.4566 0.6616 0.0100 0.0138
3 0.4656 0.6784 0.0125 0.0163
3 0.4369 0.6575 0.0112 0.0150
3 0.4447 0.6725 0.0112 0.0138
3 0.4588 0.6991 0.0112 0.0138
3 0.4697 0.7231 0.0112 0.0150
3 0.4844 0.7147 0.0125 0.0138
3 0.4969 0.7362 0.0125 0.0163
3 0.4947 0.7694 0.0112 0.0138
3 0.5269 0.7975 0.0100 0.0138
3 0.5344 0.8100 0.0125 0.0138
3 0.7450 0.7844 0.0087 0.0125
3 0.7384 0.7863 0.0112 0.0163
3 0.7519 0.7834 0.0100 0.0138
3 0.7575 0.7791 0.0087 0.0112
3 0.7394 0.4394 0.0163 0.0100
3 0.6416 0.2731 0.0112 0.0150
3 0.7803 0.2525 0.0138 0.0112
3 0.7831 0.2669 0.0100 0.0150
3 0.7059 0.3394 0.0150 0.0100
3 0.6153 0.4012 0.0087 0.0150
3 0.8553 0.2675 0.0075 0.0163
3 0.7894 0.6956 0.0100 0.0100
3 0.7775 0.9416 0.0112 0.0175
