3 0.0203 0.2241 0.0125 0.0075
3 0.0219 0.2162 0.0125 0.0075
3 0.0250 0.2022 0.0125 0.0075
3 0.0287 0.1956 0.0138 0.0100
3 0.0344 0.1747 0.0125 0.0087
3 0.0309 0.1816 0.0150 0.0100
3 0.0200 0.1487 0.0150 0.0100
3 0.0216 0.1416 0.0150 0.0112
3 0.0256 0.1263 0.0138 0.0087
3 0.0291 0.1200 0.0112 0.0087
3 0.0328 0.1047 0.0187 0.0125
3 0.0362 0.0903 0.0163 0.0087
3 0.9225 0.2362 0.0075 0.0163
3 0.9109 0.9803 0.0125 0.0387
3 0.9316 0.7159 0.0100 0.0412
3 0.9250 0.8644 0.0063 0.0163
3 0.9741 0.5513 0.0075 0.0150
3 0.9412 0.5925 0.0075 0.0163
3 0.9194 0.3291 0.0075 0.0175
3 0.9287 0.3175 0.0075 0.0163
3 0.9512 0.2041 0.0087 0.0175
3 0.9156 0.1278 0.0063 0.0150
3 0.9006 0.0638 0.0075 0.0275
3 0.0494 0.0419 0.0175 0.0087
3 0.0531 0.0294 0.0125 0.0087
3 0.1794 0.0200 0.0150 0.0087
3 0.6616 0.3631 0.0075 0.0138
3 0.5953 0.5641 0.0125 0.0063
3 0.5497 0.6406 0.0087 0.0125
3 0.5403 0.6381 0.0087 0.0138
3 0.5319 0.6359 0.0075 0.0125
3 0.7294 0.9794 0.0150 0.0087
3 0.0216 0.0128 0.0150 0.0100
3 0.0172 0.0256 0.0125 0.0075
3 0.0131 0.0394 0.0138 0.0100
3 0.0100 0.0531 0.0138 0.0063
3 0.0066 0.0756 0.0100 0.0075
