3 0.6406 0.4631 0.0125 0.0075
3 0.6516 0.4241 0.0125 0.0075
3 0.6537 0.4184 0.0138 0.0087
3 0.6559 0.4128 0.0150 0.0100
3 0.6578 0.4050 0.0125 0.0100
3 0.6606 0.3941 0.0150 0.0100
3 0.6397 0.4694 0.0138 0.0075
3 0.6450 0.4559 0.0150 0.0087
3 0.5837 0.4269 0.0175 0.0100
3 0.6481 0.4434 0.0150 0.0087
3 0.6003 0.4275 0.0163 0.0112
3 0.6050 0.4134 0.0163 0.0112
3 0.6100 0.4059 0.0138 0.0087
3 0.6109 0.3937 0.0125 0.0063
3 0.5966 0.3903 0.0150 0.0087
3 0.5928 0.4012 0.0138 0.0087
3 0.5912 0.4097 0.0138 0.0100
3 0.6122 0.3862 0.0150 0.0100
3 0.6138 0.3788 0.0150 0.0075
3 0.6150 0.3688 0.0112 0.0063
3 0.6162 0.3622 0.0138 0.0087
3 0.6203 0.3563 0.0125 0.0063
3 0.6053 0.3522 0.0138 0.0075
3 0.6481 0.3566 0.0150 0.0100
3 0.6459 0.3647 0.0138 0.0075
3 0.6450 0.3725 0.0150 0.0075
3 0.6428 0.3803 0.0138 0.0075
3 0.6419 0.3856 0.0150 0.0087
3 0.6403 0.3937 0.0150 0.0063
3 0.6372 0.4022 0.0150 0.0075
3 0.6350 0.4138 0.0138 0.0087
3 0.6284 0.4303 0.0163 0.0075
3 0.6491 0.4372 0.0138 0.0087
3 0.5975 0.4356 0.0138 0.0087
3 0.5816 0.4353 0.0163 0.0112
3 0.0894 0.3000 0.0100 0.0187
3 0.1153 0.3084 0.0087 0.0200
3 0.1237 0.3100 0.0100 0.0200
3 0.1316 0.3131 0.0100 0.0200
3 0.2894 0.3531 0.0100 0.0187
3 0.2959 0.3547 0.0075 0.0187
3 0.3028 0.3563 0.0087 0.0187
3 0.3106 0.3591 0.0087 0.0150
3 0.3184 0.3603 0.0087 0.0175
3 0.3263 0.3628 0.0087 0.0163
3 0.4825 0.2303 0.0087 0.0138
3 0.4775 0.2475 0.0112 0.0138
3 0.4519 0.2575 0.0100 0.0150
3 0.4669 0.2844 0.0087 0.0125
3 0.4731 0.2875 0.0087 0.0125
3 0.4791 0.2903 0.0112 0.0150
3 0.4853 0.2913 0.0112 0.0138
3 0.4606 0.3156 0.0087 0.0125
3 0.4669 0.3156 0.0087 0.0125
3 0.4741 0.3169 0.0075 0.0150
3 0.4803 0.3178 0.0075 0.0138
3 0.4637 0.3312 0.0087 0.0125
3 0.4556 0.3294 0.0112 0.0150
3 0.3934 0.3563 0.0087 0.0125
3 0.0978 0.3016 0.0112 0.0187
3 0.1731 0.3000 0.0150 0.0063
3 0.5800 0.4422 0.0163 0.0125
3 0.1750 0.2800 0.0187 0.0100
3 0.1200 0.0147 0.0087 0.0138
3 0.0338 0.0047 0.0112 0.0063
3 0.0228 0.0041 0.0112 0.0050
3 0.0628 0.1378 0.0163 0.0100
3 0.1325 0.1616 0.0087 0.0138
3 0.1425 0.2662 0.0100 0.0138
3 0.1725 0.2881 0.0138 0.0075
3 0.4066 0.3569 0.0100 0.0138
3 0.4519 0.3569 0.0100 0.0138
3 0.4612 0.3594 0.0100 0.0125
3 0.4581 0.4047 0.0100 0.0125
3 0.5744 0.5159 0.0175 0.0100
3 0.5787 0.5075 0.0138 0.0087
3 0.5787 0.5012 0.0138 0.0087
3 0.5637 0.5006 0.0150 0.0075
3 0.5681 0.4947 0.0175 0.0112
3 0.5381 0.4888 0.0138 0.0087
3 0.5403 0.4769 0.0150 0.0100
3 0.5419 0.4706 0.0150 0.0100
3 0.5456 0.4634 0.0163 0.0112
3 0.5472 0.4572 0.0163 0.0112
3 0.5487 0.4494 0.0163 0.0112
3 0.5497 0.4416 0.0150 0.0112
3 0.5731 0.4825 0.0150 0.0087
3 0.5737 0.4747 0.0163 0.0087
3 0.5850 0.4841 0.0138 0.0087
3 0.5872 0.4753 0.0150 0.0100
3 0.6166 0.4753 0.0175 0.0100
3 0.6331 0.4941 0.0163 0.0100
3 0.5894 0.4691 0.0163 0.0100
3 0.5909 0.4612 0.0163 0.0100
3 0.5919 0.4519 0.0150 0.0100
3 0.5769 0.4484 0.0163 0.0125
3 0.5925 0.4463 0.0163 0.0112
3 0.6153 0.5622 0.0150 0.0087
3 0.6162 0.5503 0.0138 0.0100
3 0.6209 0.5372 0.0138 0.0087
3 0.1403 0.4941 0.0150 0.0100
3 0.4544 0.4178 0.0087 0.0138
3 0.3794 0.5112 0.0212 0.0100
3 0.3763 0.5206 0.0212 0.0100
3 0.3731 0.5269 0.0212 0.0100
3 0.3694 0.5394 0.0200 0.0100
3 0.3187 0.6700 0.0187 0.0212
3 0.1544 0.4372 0.0150 0.0087
3 0.1475 0.4622 0.0138 0.0087
3 0.1366 0.5028 0.0138 0.0087
3 0.6000 0.5353 0.0125 0.0050
3 0.1350 0.5106 0.0138 0.0087
3 0.0166 0.6484 0.0175 0.0125
3 0.2691 0.6066 0.0163 0.0100
3 0.3600 0.5891 0.0138 0.0063
3 0.3659 0.6156 0.0100 0.0125
3 0.3831 0.6153 0.0163 0.0087
3 0.5637 0.6231 0.0150 0.0087
3 0.5184 0.5481 0.0150 0.0087
3 0.5606 0.5391 0.0150 0.0063
3 0.5594 0.5309 0.0125 0.0087
3 0.8234 0.0225 0.0125 0.0138
3 0.7475 0.0091 0.0138 0.0150
3 0.7531 0.0147 0.0125 0.0138
3 0.7581 0.0181 0.0100 0.0112
3 0.7659 0.0219 0.0100 0.0125
3 0.7722 0.0241 0.0100 0.0138
3 0.7769 0.0281 0.0100 0.0125
3 0.8791 0.0078 0.0112 0.0125
3 0.8859 0.0106 0.0125 0.0150
3 0.8916 0.0141 0.0112 0.0125
3 0.8425 0.1141 0.0163 0.0125
3 0.8613 0.1272 0.0163 0.0138
3 0.8784 0.1375 0.0163 0.0125
3 0.8944 0.1456 0.0138 0.0100
3 0.9069 0.1541 0.0138 0.0112
3 0.9319 0.1656 0.0138 0.0125
3 0.9544 0.1759 0.0150 0.0112
3 0.9916 0.1897 0.0112 0.0075
3 0.6584 0.0150 0.0138 0.0112
3 0.7406 0.0072 0.0125 0.0112
3 0.7347 0.0041 0.0100 0.0050
3 0.8197 0.0544 0.0112 0.0150
3 0.8475 0.0387 0.0138 0.0150
3 0.8609 0.0281 0.0125 0.0125
3 0.8344 0.0319 0.0125 0.0138
3 0.8688 0.0522 0.0125 0.0138
3 0.8794 0.0897 0.0087 0.0138
3 0.8719 0.0884 0.0063 0.0112
3 0.8512 0.0762 0.0087 0.0150
3 0.8412 0.0700 0.0075 0.0150
3 0.8641 0.0844 0.0063 0.0125
3 0.8234 0.0575 0.0125 0.0150
3 0.8125 0.0503 0.0125 0.0163
3 0.8063 0.0481 0.0125 0.0150
3 0.8025 0.0425 0.0112 0.0163
3 0.8200 0.0059 0.0087 0.0087
3 0.8325 0.0100 0.0150 0.0138
3 0.7881 0.0047 0.0075 0.0063
3 0.7819 0.0034 0.0075 0.0037
3 0.4794 0.6819 0.0150 0.0075
3 0.1744 0.3175 0.0175 0.0100
3 0.0138 0.2869 0.0212 0.0112
3 0.1788 0.3087 0.0263 0.0112
3 0.4325 0.4109 0.0087 0.0125
3 0.4412 0.4131 0.0075 0.0138
