3 0.2675 0.6378 0.0163 0.0163
3 0.2925 0.6647 0.0163 0.0138
3 0.3572 0.5900 0.0175 0.0112
3 0.3716 0.5944 0.0150 0.0075
3 0.3937 0.5988 0.0187 0.0100
3 0.4244 0.6044 0.0175 0.0087
3 0.4466 0.6100 0.0150 0.0075
3 0.4694 0.6144 0.0200 0.0100
3 0.4972 0.6194 0.0163 0.0075
3 0.4459 0.6397 0.0075 0.0138
3 0.4206 0.6325 0.0100 0.0150
3 0.3428 0.8353 0.0138 0.0112
3 0.5509 0.8231 0.0175 0.0087
3 0.8091 0.8625 0.0087 0.0125
3 0.6419 0.6491 0.0150 0.0075
3 0.6678 0.6569 0.0138 0.0075
3 0.6581 0.6287 0.0100 0.0138
3 0.6638 0.6287 0.0087 0.0138
3 0.6700 0.6303 0.0087 0.0138
3 0.6784 0.6319 0.0100 0.0138
3 0.7197 0.6378 0.0175 0.0100
3 0.4928 0.4694 0.0138 0.0075
3 0.4944 0.4553 0.0138 0.0075
3 0.4997 0.4356 0.0150 0.0087
3 0.5012 0.4278 0.0150 0.0087
3 0.0734 0.0225 0.0125 0.0138
3 0.0059 0.0134 0.0087 0.0112
3 0.0081 0.0181 0.0100 0.0112
3 0.0159 0.0219 0.0100 0.0125
3 0.0222 0.0241 0.0100 0.0138
3 0.0269 0.0281 0.0100 0.0125
3 0.1291 0.0078 0.0112 0.0125
3 0.1359 0.0106 0.0125 0.0150
3 0.1416 0.0141 0.0112 0.0125
3 0.0925 0.1141 0.0163 0.0125
3 0.1113 0.1272 0.0163 0.0138
3 0.1284 0.1375 0.0163 0.0125
3 0.1444 0.1456 0.0138 0.0100
3 0.1569 0.1541 0.0138 0.0112
3 0.1819 0.1656 0.0138 0.0125
3 0.2044 0.1759 0.0150 0.0112
3 0.2416 0.1897 0.0112 0.0075
3 0.0697 0.0544 0.0112 0.0150
3 0.0975 0.0387 0.0138 0.0150
3 0.1109 0.0281 0.0125 0.0125
3 0.0844 0.0319 0.0125 0.0138
3 0.1187 0.0522 0.0125 0.0138
3 0.1294 0.0897 0.0087 0.0138
3 0.1219 0.0884 0.0063 0.0112
3 0.1012 0.0762 0.0087 0.0150
3 0.0912 0.0700 0.0075 0.0150
3 0.1141 0.0844 0.0063 0.0125
3 0.0734 0.0575 0.0125 0.0150
3 0.0625 0.0503 0.0125 0.0163
3 0.0563 0.0481 0.0125 0.0150
3 0.0525 0.0425 0.0112 0.0163
3 0.0700 0.0059 0.0087 0.0087
3 0.0825 0.0100 0.0150 0.0138
3 0.0381 0.0047 0.0075 0.0063
3 0.0319 0.0034 0.0075 0.0037
3 0.8350 0.0022 0.0075 0.0013
3 0.8422 0.0022 0.0063 0.0013
3 0.8500 0.0028 0.0063 0.0025
3 0.8569 0.0022 0.0075 0.0013
3 0.8637 0.0028 0.0087 0.0025
3 0.8725 0.0028 0.0075 0.0025
3 0.8797 0.0028 0.0063 0.0025
3 0.8912 0.0034 0.0075 0.0037
3 0.9000 0.0034 0.0063 0.0037
3 0.9062 0.0041 0.0063 0.0050
3 0.9141 0.0041 0.0063 0.0050
3 0.9209 0.0041 0.0075 0.0050
3 0.9341 0.0053 0.0087 0.0075
3 0.9428 0.0053 0.0075 0.0075
3 0.9491 0.0066 0.0075 0.0100
3 0.9563 0.0059 0.0063 0.0087
3 0.9766 0.0078 0.0063 0.0125
3 0.9653 0.2881 0.0087 0.0138
3 0.9184 0.2594 0.0150 0.0063
3 0.6238 0.8075 0.0163 0.0087
