3 0.4825 0.9803 0.0087 0.0138
3 0.4775 0.9956 0.0112 0.0100
3 0.4125 0.1047 0.0063 0.0125
3 0.4075 0.1078 0.0087 0.0125
3 0.0988 0.1547 0.0163 0.0125
3 0.3406 0.2728 0.0063 0.0112
3 0.3469 0.2891 0.0063 0.0125
3 0.2309 0.4200 0.0150 0.0087
3 0.3803 0.5078 0.0075 0.0125
3 0.3506 0.5344 0.0075 0.0125
3 0.4956 0.5600 0.0100 0.0138
3 0.5025 0.5631 0.0112 0.0138
3 0.4963 0.5916 0.0175 0.0112
3 0.1775 0.6156 0.0175 0.0063
3 0.1200 0.7647 0.0087 0.0138
3 0.0194 0.7328 0.0138 0.0125
3 0.0297 0.7353 0.0125 0.0112
3 0.0419 0.7400 0.0150 0.0112
3 0.0350 0.7506 0.0138 0.0138
3 0.0247 0.7491 0.0150 0.0138
3 0.0147 0.7469 0.0138 0.0125
3 0.0628 0.8878 0.0163 0.0100
3 0.1325 0.9116 0.0087 0.0138
3 0.6800 0.1169 0.0100 0.0150
3 0.6678 0.1131 0.0075 0.0138
3 0.6544 0.1100 0.0087 0.0138
3 0.6756 0.0859 0.0075 0.0125
3 0.6809 0.0663 0.0087 0.0138
3 0.7288 0.7266 0.0138 0.0063
3 0.7356 0.7166 0.0150 0.0112
3 0.7403 0.7100 0.0150 0.0138
3 0.7456 0.7037 0.0100 0.0138
3 0.7519 0.7016 0.0100 0.0125
3 0.7622 0.7016 0.0087 0.0125
3 0.7694 0.7000 0.0075 0.0125
3 0.7766 0.7000 0.0063 0.0125
3 0.7850 0.7009 0.0075 0.0112
3 0.7941 0.7013 0.0100 0.0150
3 0.7994 0.7053 0.0112 0.0138
3 0.8072 0.7066 0.0112 0.0163
3 0.8134 0.7094 0.0112 0.0125
3 0.7853 0.7319 0.0112 0.0138
3 0.7928 0.7362 0.0138 0.0163
3 0.8234 0.7725 0.0125 0.0138
3 0.7475 0.7591 0.0138 0.0150
3 0.7531 0.7647 0.0125 0.0138
3 0.7581 0.7681 0.0100 0.0112
3 0.7659 0.7719 0.0100 0.0125
3 0.7722 0.7741 0.0100 0.0138
3 0.7769 0.7781 0.0100 0.0125
3 0.8191 0.7116 0.0100 0.0138
3 0.8244 0.7156 0.0112 0.0125
3 0.8359 0.7225 0.0125 0.0138
3 0.8641 0.7450 0.0125 0.0150
3 0.8791 0.7569 0.0112 0.0138
3 0.8859 0.7606 0.0125 0.0150
3 0.8916 0.7641 0.0112 0.0125
3 0.8559 0.7419 0.0150 0.0150
3 0.8425 0.8641 0.0163 0.0125
3 0.8613 0.8772 0.0163 0.0138
3 0.8784 0.8875 0.0163 0.0125
3 0.8944 0.8956 0.0138 0.0100
3 0.9069 0.9041 0.0138 0.0112
3 0.9319 0.9156 0.0138 0.0125
3 0.9544 0.9259 0.0150 0.0112
3 0.9916 0.9397 0.0112 0.0075
3 0.6584 0.7650 0.0138 0.0112
3 0.7412 0.7544 0.0138 0.0150
3 0.7359 0.7491 0.0125 0.0138
3 0.7309 0.7419 0.0150 0.0087
3 0.8197 0.8044 0.0112 0.0150
3 0.8475 0.7888 0.0138 0.0150
3 0.8609 0.7781 0.0125 0.0125
3 0.8344 0.7819 0.0125 0.0138
3 0.8688 0.8022 0.0125 0.0138
3 0.8794 0.8397 0.0087 0.0138
3 0.8719 0.8384 0.0063 0.0112
3 0.8512 0.8262 0.0087 0.0150
3 0.8412 0.8200 0.0075 0.0150
3 0.8641 0.8344 0.0063 0.0125
3 0.8234 0.8075 0.0125 0.0150
3 0.8125 0.8003 0.0125 0.0163
3 0.7600 0.7341 0.0138 0.0150
3 0.8063 0.7981 0.0125 0.0150
3 0.8025 0.7925 0.0112 0.0163
3 0.8088 0.7469 0.0112 0.0125
3 0.8031 0.7419 0.0125 0.0150
3 0.8206 0.7531 0.0100 0.0125
3 0.8313 0.7600 0.0125 0.0138
3 0.7888 0.7516 0.0087 0.0125
3 0.7838 0.7475 0.0112 0.0138
3 0.7775 0.7444 0.0112 0.0138
3 0.7688 0.7372 0.0125 0.0150
3 0.4272 0.0906 0.0075 0.0125
3 0.2028 0.3991 0.0087 0.0138
3 0.3884 0.4463 0.0112 0.0112
3 0.3881 0.3516 0.0075 0.0125
