3 0.1466 0.8625 0.0087 0.0125
3 0.0072 0.6569 0.0112 0.0075
3 0.0041 0.6287 0.0050 0.0138
3 0.0075 0.6303 0.0087 0.0138
3 0.0159 0.6319 0.0100 0.0138
3 0.4278 0.8863 0.0150 0.0163
3 0.4628 0.8988 0.0163 0.0100
3 0.4612 0.8903 0.0163 0.0087
3 0.4575 0.8834 0.0150 0.0075
3 0.4781 0.8878 0.0125 0.0163
3 0.4850 0.8812 0.0075 0.0125
3 0.4912 0.8797 0.0075 0.0125
3 0.4956 0.8750 0.0100 0.0125
3 0.5044 0.8844 0.0150 0.0125
3 0.5059 0.8900 0.0150 0.0112
3 0.0572 0.6378 0.0175 0.0100
3 0.5106 0.9025 0.0150 0.0112
3 0.5081 0.8956 0.0163 0.0100
3 0.5153 0.9103 0.0150 0.0112
3 0.5162 0.9159 0.0138 0.0100
3 0.2716 0.0053 0.0087 0.0075
3 0.2803 0.0053 0.0075 0.0075
3 0.2866 0.0066 0.0075 0.0100
3 0.2938 0.0059 0.0063 0.0087
3 0.3141 0.0078 0.0063 0.0125
3 0.5200 0.9222 0.0150 0.0100
3 0.3928 0.8144 0.0138 0.0163
3 0.5278 0.8816 0.0150 0.0100
3 0.5294 0.8894 0.0150 0.0100
3 0.5334 0.8956 0.0138 0.0100
3 0.5106 0.9516 0.0150 0.0125
3 0.5075 0.9469 0.0150 0.0125
3 0.5109 0.9734 0.0125 0.0125
3 0.5166 0.9700 0.0112 0.0150
3 0.5256 0.9637 0.0138 0.0150
3 0.5303 0.9594 0.0138 0.0125
3 0.5359 0.9559 0.0125 0.0150
3 0.5413 0.9531 0.0138 0.0125
3 0.5397 0.9372 0.0138 0.0150
3 0.3028 0.2881 0.0087 0.0138
3 0.2559 0.2594 0.0150 0.0063
3 0.4456 0.7913 0.0163 0.0138
3 0.3775 0.7403 0.0112 0.0212
3 0.6025 0.6403 0.0175 0.0212
3 0.6188 0.3134 0.0187 0.0175
