3 0.1522 0.0028 0.0075 0.0025
3 0.1078 0.0331 0.0063 0.0100
3 0.1756 0.6691 0.0075 0.0100
3 0.1297 0.5813 0.0063 0.0125
3 0.1600 0.3591 0.0200 0.0150
3 0.0722 0.1209 0.0163 0.0325
3 0.8919 0.5650 0.0150 0.0112
3 0.5941 0.9912 0.0100 0.0138
3 0.8778 0.9163 0.0087 0.0138
3 0.8812 0.8719 0.0063 0.0125
3 0.9091 0.7672 0.0087 0.0125
3 0.9122 0.7537 0.0087 0.0138
3 0.9137 0.7372 0.0087 0.0150
3 0.9325 0.6106 0.0087 0.0150
3 0.6588 0.4956 0.0112 0.0100
3 0.6031 0.4722 0.0125 0.0100
3 0.5503 0.2994 0.0100 0.0175
3 0.8812 0.8831 0.0063 0.0100
3 0.8766 0.9366 0.0063 0.0138
3 0.8750 0.9728 0.0063 0.0175
3 0.4178 0.7659 0.0138 0.0100
3 0.2244 0.8713 0.0050 0.0112
3 0.0350 0.4388 0.0138 0.0087
3 0.4797 0.4366 0.0125 0.0075
3 0.3459 0.2891 0.0138 0.0125
3 0.7456 0.2553 0.0100 0.0138
3 0.7819 0.5828 0.0075 0.0125
3 0.2091 0.7119 0.0150 0.0112
3 0.2250 0.7153 0.0125 0.0087
3 0.2372 0.7200 0.0150 0.0087
3 0.2891 0.7372 0.0125 0.0087
3 0.4256 0.9116 0.0075 0.0138
3 0.2303 0.8412 0.0075 0.0138
3 0.4147 0.9559 0.0075 0.0150
3 0.4053 0.9947 0.0075 0.0112
