3 0.0741 0.0766 0.0138 0.0063
3 0.1609 0.0647 0.0125 0.0075
3 0.1891 0.2200 0.0125 0.0087
3 0.6781 0.2891 0.0125 0.0063
3 0.6963 0.2891 0.0112 0.0063
3 0.7109 0.2884 0.0125 0.0050
3 0.8341 0.3219 0.0087 0.0125
3 0.5066 0.4662 0.0037 0.0138
3 0.7350 0.5797 0.0138 0.0063
3 0.9181 0.3588 0.0112 0.0112
3 0.9609 0.4113 0.0125 0.0100
3 0.9697 0.4222 0.0112 0.0100
3 0.4244 0.7638 0.0112 0.0150
3 0.7525 0.2875 0.0112 0.0063
3 0.5066 0.4481 0.0037 0.0212
3 0.0622 0.0894 0.0150 0.0100
3 0.2531 0.2894 0.0125 0.0100
3 0.4347 0.7616 0.0100 0.0138
