3 0.5203 0.1209 0.0125 0.0075
3 0.5016 0.1269 0.0125 0.0100
3 0.4578 0.1325 0.0125 0.0087
3 0.6866 0.2047 0.0075 0.0125
3 0.6797 0.2609 0.0063 0.0125
3 0.5369 0.4706 0.0112 0.0100
3 0.5228 0.4775 0.0112 0.0112
3 0.5037 0.7069 0.0138 0.0075
3 0.4162 0.9606 0.0075 0.0150
3 0.8100 0.0497 0.0075 0.0150
3 0.4844 0.1297 0.0125 0.0063
3 0.5822 0.7084 0.0112 0.0075
3 0.9272 0.9819 0.0200 0.0075
3 0.1006 0.0716 0.0075 0.0150
3 0.1006 0.0853 0.0075 0.0112
3 0.1000 0.1038 0.0063 0.0138
3 0.2406 0.1656 0.0125 0.0063
3 0.6316 0.5697 0.0225 0.0175
3 0.4775 0.5188 0.0112 0.0063
3 0.4866 0.5116 0.0138 0.0138
3 0.5637 0.4519 0.0150 0.0100
3 0.1016 0.0212 0.0063 0.0175
3 0.1409 0.7050 0.0225 0.0163
3 0.1163 0.3309 0.0075 0.0150
3 0.1006 0.1384 0.0075 0.0175
3 0.1141 0.2844 0.0063 0.0125
3 0.1100 0.3650 0.0075 0.0112
3 0.1166 0.2984 0.0050 0.0125
3 0.0903 0.2953 0.0150 0.0063
3 0.0906 0.3034 0.0125 0.0037
3 0.0906 0.3125 0.0125 0.0063
3 0.1022 0.3469 0.0075 0.0125
3 0.1031 0.3619 0.0063 0.0112
3 0.5078 0.0484 0.0125 0.0125
3 0.1434 0.1794 0.0150 0.0087
3 0.2209 0.2472 0.0075 0.0163
3 0.2391 0.9303 0.0063 0.0138
3 0.5066 0.8044 0.0163 0.0087
3 0.5031 0.8287 0.0125 0.0075
3 0.5681 0.9544 0.0112 0.0087
3 0.7131 0.9619 0.0075 0.0112
3 0.6181 0.7134 0.0112 0.0050
3 0.6791 0.6050 0.0112 0.0100
3 0.6834 0.2313 0.0075 0.0125
3 0.7312 0.0781 0.0063 0.0125
