3 0.9256 0.8078 0.0075 0.0187
3 0.8956 0.7619 0.0037 0.0050
3 0.8909 0.5266 0.0037 0.0063
3 0.8416 0.5156 0.0050 0.0063
3 0.7250 0.7188 0.0063 0.0063
3 0.8438 0.6650 0.0063 0.0050
3 0.8234 0.6550 0.0063 0.0037
3 0.9200 0.0959 0.0087 0.0200
3 0.9106 0.8772 0.0087 0.0200
3 0.1519 0.4084 0.0225 0.0200
3 0.1837 0.4297 0.0238 0.0187
3 0.6575 0.7675 0.0212 0.0163
3 0.7444 0.6925 0.0138 0.0163
3 0.8619 0.4487 0.0050 0.0163
3 0.8978 0.3078 0.0050 0.0187
3 0.9766 0.8431 0.0187 0.0238
3 0.8694 0.6213 0.0075 0.0238
3 0.8900 0.3550 0.0050 0.0163
