3 0.6406 0.8313 0.0312 0.0375
3 0.8863 0.8344 0.0163 0.0125
3 0.8978 0.8431 0.0112 0.0175
3 0.9037 0.8491 0.0138 0.0138
3 0.9969 0.6619 0.0063 0.0112
3 0.7059 0.2166 0.0087 0.0112
3 0.7162 0.2328 0.0138 0.0125
3 0.5112 0.5506 0.0287 0.0325
3 0.8416 0.9791 0.0112 0.0112
3 0.1647 0.1584 0.0138 0.0138
3 0.2344 0.2278 0.0125 0.0150
3 0.4559 0.4987 0.0150 0.0163
3 0.5109 0.5806 0.0125 0.0112
3 0.5794 0.6687 0.0150 0.0125
3 0.1947 0.8594 0.0112 0.0125
3 0.0578 0.0153 0.0125 0.0150
3 0.7256 0.0506 0.0138 0.0075
