3 0.3547 0.4713 0.0187 0.0112
3 0.1025 0.2662 0.0050 0.0075
3 0.1119 0.2263 0.0050 0.0087
3 0.2019 0.4069 0.0100 0.0075
3 0.3169 0.4562 0.0212 0.0125
3 0.0216 0.6534 0.0087 0.0225
3 0.0150 0.5384 0.0112 0.0238
3 0.0112 0.3309 0.0163 0.0087
3 0.1750 0.1516 0.0125 0.0187
3 0.1913 0.4031 0.0075 0.0063
3 0.1828 0.4000 0.0063 0.0063
3 0.1759 0.3972 0.0050 0.0037
3 0.2125 0.4119 0.0063 0.0050
3 0.0719 0.3547 0.0125 0.0063
3 0.0788 0.4481 0.0075 0.0087
3 0.1700 0.3906 0.0087 0.0063
3 0.1922 0.3984 0.0063 0.0063
3 0.2209 0.4088 0.0075 0.0050
3 0.2388 0.4156 0.0087 0.0063
3 0.2541 0.4228 0.0050 0.0050
3 0.4447 0.5069 0.0112 0.0075
