3 0.3059 0.0906 0.0150 0.0125
3 0.3563 0.0316 0.0125 0.0100
3 0.0759 0.3422 0.0112 0.0063
3 0.1619 0.3312 0.0112 0.0063
3 0.1891 0.4831 0.0125 0.0100
3 0.6781 0.5547 0.0125 0.0063
3 0.6963 0.5547 0.0112 0.0063
3 0.7109 0.5541 0.0125 0.0050
3 0.8341 0.5859 0.0087 0.0125
3 0.5066 0.7319 0.0037 0.0138
3 0.7353 0.8438 0.0112 0.0063
3 0.9181 0.6228 0.0112 0.0112
3 0.9609 0.6769 0.0125 0.0100
3 0.9697 0.6878 0.0112 0.0100
3 0.3472 0.0537 0.0100 0.0138
3 0.2719 0.1525 0.0125 0.0112
3 0.7525 0.5516 0.0112 0.0063
3 0.5066 0.7137 0.0037 0.0212
3 0.0616 0.3550 0.0138 0.0100
3 0.0181 0.4756 0.0112 0.0075
3 0.0156 0.4834 0.0125 0.0075
3 0.8131 0.4922 0.0075 0.0125
