3 0.6650 0.6900 0.0112 0.0050
3 0.6650 0.6813 0.0112 0.0063
3 0.8081 0.6406 0.0100 0.0125
3 0.6625 0.7119 0.0125 0.0050
3 0.6631 0.7194 0.0138 0.0075
3 0.6609 0.7562 0.0125 0.0063
3 0.6641 0.7644 0.0125 0.0037
3 0.5766 0.9950 0.0125 0.0087
3 0.5819 0.9941 0.0075 0.0100
3 0.5875 0.9925 0.0063 0.0100
3 0.6006 0.9878 0.0075 0.0100
3 0.7891 0.9713 0.0125 0.0112
3 0.7634 0.9081 0.0112 0.0100
3 0.7666 0.8775 0.0112 0.0112
3 0.7963 0.8575 0.0112 0.0087
3 0.7963 0.8678 0.0112 0.0075
3 0.7963 0.8747 0.0112 0.0087
3 0.6922 0.7731 0.0125 0.0087
3 0.6947 0.7516 0.0112 0.0063
3 0.6947 0.7197 0.0112 0.0050
3 0.6931 0.7266 0.0112 0.0063
3 0.6937 0.7322 0.0125 0.0050
3 0.6937 0.7381 0.0125 0.0075
3 0.6953 0.7125 0.0125 0.0063
3 0.6928 0.6656 0.0075 0.0125
3 0.7188 0.6675 0.0063 0.0100
3 0.7322 0.6666 0.0050 0.0112
3 0.2875 0.8300 0.0125 0.0163
3 0.3025 0.8534 0.0112 0.0100
3 0.0063 0.0094 0.0063 0.0125
3 0.1100 0.1638 0.0138 0.0087
3 0.1209 0.1178 0.0138 0.0075
3 0.1241 0.0934 0.0138 0.0087
3 0.0041 0.6056 0.0050 0.0112
3 0.2781 0.8328 0.0125 0.0125
3 0.0100 0.6156 0.0138 0.0125
3 0.0762 0.8850 0.0087 0.0138
3 0.0063 0.0234 0.0063 0.0125
3 0.0144 0.0256 0.0100 0.0138
3 0.0256 0.0269 0.0075 0.0100
3 0.0325 0.0291 0.0087 0.0112
3 0.1913 0.5444 0.0138 0.0138
3 0.1797 0.5588 0.0125 0.0112
3 0.1719 0.5475 0.0125 0.0138
3 0.3909 0.2472 0.0100 0.0163
3 0.3756 0.2444 0.0075 0.0138
3 0.4141 0.2544 0.0063 0.0150
3 0.4213 0.2562 0.0112 0.0187
3 0.4434 0.2612 0.0087 0.0163
3 0.3434 0.2138 0.0150 0.0087
3 0.3344 0.2031 0.0250 0.0125
3 0.4359 0.1503 0.0063 0.0100
3 0.4078 0.2138 0.0063 0.0087
3 0.4344 0.2228 0.0063 0.0112
3 0.3581 0.2128 0.0100 0.0100
3 0.4138 0.3309 0.0087 0.0150
3 0.3859 0.3400 0.0125 0.0112
3 0.4697 0.3712 0.0050 0.0112
3 0.4766 0.3719 0.0063 0.0125
3 0.4975 0.3759 0.0075 0.0112
3 0.5072 0.3784 0.0050 0.0100
3 0.5912 0.4078 0.0138 0.0063
3 0.6031 0.4094 0.0125 0.0063
3 0.2650 0.3422 0.0112 0.0063
3 0.1441 0.1788 0.0100 0.0075
3 0.2725 0.2006 0.0138 0.0138
3 0.0841 0.0372 0.0087 0.0150
3 0.0506 0.0328 0.0075 0.0125
3 0.0059 0.9287 0.0087 0.0138
3 0.0147 0.9431 0.0075 0.0112
3 0.0200 0.9484 0.0087 0.0125
3 0.0247 0.9572 0.0087 0.0112
3 0.0294 0.9669 0.0087 0.0087
3 0.0356 0.9684 0.0087 0.0150
3 0.0412 0.9738 0.0075 0.0100
3 0.0484 0.9775 0.0063 0.0112
3 0.0059 0.9881 0.0087 0.0075
3 0.0028 0.9600 0.0025 0.0075
3 0.0187 0.9978 0.0125 0.0050
3 0.4513 0.3550 0.0087 0.0163
3 0.7531 0.0934 0.0125 0.0087
3 0.8841 0.1200 0.0150 0.0087
3 0.8988 0.1225 0.0100 0.0075
3 0.8891 0.0944 0.0063 0.0138
3 0.8784 0.0919 0.0100 0.0150
3 0.8953 0.0531 0.0125 0.0063
3 0.8962 0.0475 0.0112 0.0075
3 0.8978 0.0391 0.0112 0.0063
3 0.8719 0.0897 0.0125 0.0200
3 0.7291 0.0900 0.0238 0.0112
3 0.6597 0.0738 0.0163 0.0100
3 0.9387 0.2219 0.0150 0.0063
3 0.9350 0.2306 0.0138 0.0050
3 0.9347 0.2375 0.0163 0.0063
3 0.9291 0.8381 0.0112 0.0075
3 0.9281 0.8613 0.0125 0.0100
3 0.9297 0.8206 0.0125 0.0100
3 0.1225 0.6369 0.0138 0.0175
3 0.1547 0.5912 0.0125 0.0138
3 0.2959 0.1097 0.0138 0.0100
3 0.4434 0.1537 0.0087 0.0138
3 0.4450 0.2103 0.0212 0.0112
3 0.3809 0.2091 0.0087 0.0150
3 0.3469 0.2256 0.0187 0.0075
3 0.2938 0.0275 0.0187 0.0112
3 0.5081 0.0387 0.0163 0.0087
3 0.5184 0.3819 0.0087 0.0138
3 0.5266 0.3831 0.0063 0.0163
3 0.7966 0.8403 0.0275 0.0275
3 0.7906 0.3825 0.0125 0.0150
3 0.7909 0.2950 0.0100 0.0150
3 0.9287 0.8066 0.0138 0.0100
3 0.9331 0.7919 0.0100 0.0087
3 0.9297 0.8309 0.0125 0.0087
3 0.7956 0.1006 0.0100 0.0075
3 0.9684 0.0116 0.0150 0.0075
3 0.9606 0.1050 0.0087 0.0163
3 0.9950 0.4412 0.0087 0.0075
3 0.7537 0.4194 0.0138 0.0138
3 0.8738 0.3491 0.0100 0.0075
3 0.8719 0.3612 0.0125 0.0100
3 0.8719 0.3684 0.0125 0.0087
3 0.8662 0.3934 0.0138 0.0087
3 0.8650 0.4006 0.0112 0.0075
3 0.8616 0.4131 0.0138 0.0075
3 0.8881 0.4316 0.0075 0.0100
3 0.8581 0.4188 0.0100 0.0063
3 0.8588 0.4266 0.0112 0.0063
3 0.8578 0.4328 0.0125 0.0063
3 0.9300 0.4669 0.0163 0.0087
3 0.8231 0.4472 0.0150 0.0100
3 0.8069 0.4444 0.0138 0.0075
3 0.7644 0.4353 0.0100 0.0050
3 0.7541 0.4341 0.0112 0.0087
3 0.7453 0.4162 0.0125 0.0138
3 0.6887 0.4263 0.0150 0.0087
3 0.8809 0.4756 0.0150 0.0075
3 0.7834 0.2925 0.0075 0.0100
3 0.8012 0.2831 0.0087 0.0100
3 0.7647 0.4081 0.0138 0.0100
3 0.7656 0.4012 0.0125 0.0087
3 0.7956 0.4206 0.0100 0.0037
3 0.7963 0.4147 0.0112 0.0075
3 0.7987 0.4062 0.0100 0.0063
3 0.8016 0.3959 0.0125 0.0075
3 0.9444 0.1881 0.0138 0.0075
3 0.9969 0.1291 0.0063 0.0112
3 0.9287 0.1288 0.0138 0.0075
3 0.8703 0.1144 0.0125 0.0100
3 0.9609 0.8653 0.0063 0.0212
3 0.9609 0.8313 0.0063 0.0187
3 0.6147 0.0675 0.0450 0.0163
3 0.8281 0.1087 0.0125 0.0050
3 0.7122 0.1178 0.0087 0.0138
3 0.6828 0.1119 0.0063 0.0112
3 0.8419 0.1091 0.0150 0.0087
3 0.5938 0.9909 0.0063 0.0100
3 0.4203 0.9556 0.0125 0.0112
3 0.4088 0.9456 0.0112 0.0100
3 0.3972 0.9353 0.0100 0.0112
3 0.4356 0.9669 0.0087 0.0087
3 0.7712 0.3837 0.0112 0.0112
3 0.7644 0.4547 0.0100 0.0063
3 0.8512 0.4525 0.0087 0.0050
3 0.9094 0.4641 0.0125 0.0063
3 0.0294 0.0122 0.0087 0.0150
3 0.0072 0.0100 0.0050 0.0138
3 0.4069 0.2525 0.0075 0.0112
3 0.2103 0.5203 0.0112 0.0125
3 0.4725 0.0406 0.0138 0.0125
3 0.2650 0.4469 0.0112 0.0125
3 0.2562 0.4588 0.0125 0.0112
3 0.2453 0.4716 0.0125 0.0150
3 0.2350 0.4850 0.0138 0.0138
3 0.2172 0.5069 0.0125 0.0138
3 0.1656 0.5781 0.0125 0.0125
3 0.1462 0.6022 0.0112 0.0138
3 0.0359 0.6875 0.0125 0.0125
3 0.0259 0.6978 0.0112 0.0112
3 0.0119 0.7047 0.0112 0.0125
3 0.0716 0.7156 0.0087 0.0125
3 0.0644 0.7072 0.0100 0.0112
3 0.0594 0.7031 0.0125 0.0125
3 0.0519 0.6975 0.0100 0.0138
3 0.0469 0.6953 0.0125 0.0125
3 0.0416 0.6906 0.0112 0.0125
3 0.1409 0.7697 0.0163 0.0112
3 0.1150 0.8072 0.0112 0.0175
3 0.3194 0.8656 0.0138 0.0125
3 0.4109 0.9741 0.0125 0.0138
3 0.6844 0.6656 0.0063 0.0125
3 0.9053 0.8559 0.0075 0.0150
3 0.9259 0.8669 0.0112 0.0087
3 0.8447 0.6481 0.0112 0.0150
3 0.8678 0.4991 0.0075 0.0138
3 0.8750 0.5022 0.0063 0.0138
3 0.8931 0.5031 0.0050 0.0125
3 0.9000 0.5037 0.0063 0.0138
3 0.9231 0.5056 0.0087 0.0175
3 0.9309 0.5062 0.0087 0.0187
3 0.9116 0.3247 0.0075 0.0150
3 0.9353 0.2162 0.0112 0.0075
3 0.8716 0.1250 0.0150 0.0125
3 0.8313 0.1616 0.0125 0.0075
3 0.6084 0.3122 0.0075 0.0150
3 0.4272 0.3372 0.0138 0.0087
3 0.3828 0.3506 0.0125 0.0075
