3 0.1697 0.7500 0.0112 0.0063
3 0.0284 0.6756 0.0037 0.0075
3 0.0112 0.6791 0.0037 0.0112
3 0.0041 0.6809 0.0050 0.0087
3 0.0756 0.6984 0.0075 0.0125
3 0.1759 0.7838 0.0112 0.0050
3 0.1719 0.7594 0.0125 0.0063
3 0.1641 0.7169 0.0125 0.0087
3 0.0475 0.6719 0.0075 0.0125
3 0.1178 0.7100 0.0075 0.0138
3 0.0594 0.7006 0.0063 0.0138
3 0.0806 0.7125 0.0050 0.0125
3 0.0122 0.6334 0.0087 0.0138
3 0.0406 0.6775 0.0063 0.0112
3 0.0694 0.6531 0.0075 0.0125
3 0.0359 0.7219 0.0063 0.0125
3 0.0331 0.6053 0.0100 0.0138
3 0.0522 0.6116 0.0075 0.0138
3 0.0638 0.6172 0.0087 0.0125
3 0.0428 0.7206 0.0075 0.0100
3 0.0756 0.6687 0.0075 0.0125
3 0.0491 0.7188 0.0075 0.0125
3 0.0931 0.7128 0.0050 0.0100
3 0.1094 0.6947 0.0063 0.0112
3 0.0969 0.6953 0.0063 0.0125
3 0.1044 0.6281 0.0087 0.0125
3 0.1116 0.6291 0.0075 0.0112
3 0.0688 0.6709 0.0063 0.0138
3 0.0919 0.6250 0.0087 0.0125
3 0.6869 0.0241 0.0112 0.0075
3 0.6328 0.6931 0.0063 0.0112
3 0.6400 0.6937 0.0050 0.0125
3 0.6453 0.6928 0.0063 0.0138
3 0.6516 0.6922 0.0063 0.0125
3 0.4756 0.6050 0.0075 0.0100
3 0.6509 0.6184 0.0112 0.0087
3 0.6534 0.3775 0.0100 0.0050
3 0.6844 0.0172 0.0125 0.0063
3 0.6844 0.0109 0.0125 0.0063
3 0.6844 0.0047 0.0125 0.0063
3 0.9131 0.5794 0.0138 0.0087
3 0.9644 0.5662 0.0100 0.0075
3 0.6266 0.6959 0.0063 0.0138
3 0.6141 0.6975 0.0063 0.0138
3 0.5938 0.7022 0.0063 0.0138
3 0.5166 0.7381 0.0175 0.0075
3 0.0791 0.0375 0.0050 0.0125
3 0.1681 0.7375 0.0112 0.0063
3 0.4537 0.6959 0.0138 0.0138
3 0.4281 0.6703 0.0125 0.0125
3 0.2056 0.4619 0.0050 0.0112
3 0.1972 0.4634 0.0037 0.0112
3 0.1437 0.4597 0.0063 0.0100
3 0.1384 0.4588 0.0050 0.0112
3 0.3747 0.9088 0.0087 0.0050
3 0.3962 0.9803 0.0112 0.0075
3 0.3513 0.9788 0.0087 0.0138
3 0.3434 0.9803 0.0087 0.0138
3 0.2622 0.9391 0.0150 0.0125
3 0.3609 0.9287 0.0063 0.0138
3 0.0181 0.5988 0.0112 0.0163
3 0.2900 0.6813 0.0112 0.0125
3 0.3666 0.9284 0.0050 0.0100
3 0.4103 0.8006 0.0050 0.0138
3 0.3456 0.7675 0.0100 0.0163
3 0.3381 0.7656 0.0075 0.0125
3 0.3250 0.7650 0.0063 0.0112
3 0.3322 0.7656 0.0050 0.0125
3 0.3750 0.9475 0.0125 0.0075
3 0.3759 0.9256 0.0112 0.0075
3 0.3772 0.9338 0.0138 0.0050
3 0.4719 0.4562 0.0125 0.0063
3 0.4862 0.4562 0.0100 0.0063
3 0.2131 0.4653 0.0075 0.0150
3 0.1475 0.6881 0.0138 0.0075
3 0.0106 0.5975 0.0087 0.0138
3 0.0575 0.7184 0.0087 0.0150
3 0.0631 0.7166 0.0075 0.0112
3 0.0741 0.7162 0.0075 0.0138
3 0.0075 0.6663 0.0087 0.0138
3 0.1278 0.6359 0.0087 0.0125
3 0.1469 0.6981 0.0125 0.0087
3 0.1453 0.6741 0.0125 0.0075
3 0.1447 0.6806 0.0112 0.0050
3 0.0772 0.6209 0.0075 0.0138
3 0.6056 0.6991 0.0050 0.0138
3 0.2997 0.8334 0.0150 0.0075
3 0.0053 0.5928 0.0075 0.0138
3 0.0150 0.6500 0.0112 0.0063
3 0.1100 0.6462 0.0138 0.0112
3 0.0100 0.7131 0.0075 0.0138
3 0.0359 0.6912 0.0125 0.0138
3 0.0256 0.6641 0.0075 0.0125
3 0.0553 0.6728 0.0075 0.0112
3 0.5703 0.1850 0.0125 0.0075
3 0.6838 0.0369 0.0112 0.0112
3 0.0809 0.5722 0.0150 0.0100
3 0.0187 0.7250 0.0063 0.0125
3 0.0116 0.7263 0.0075 0.0150
3 0.1303 0.8550 0.0138 0.0100
3 0.4862 0.8113 0.0100 0.0163
3 0.5206 0.6772 0.0100 0.0138
3 0.6703 0.4006 0.0063 0.0138
