3 0.2216 0.9475 0.0087 0.0138
3 0.7344 0.5931 0.0125 0.0112
3 0.7562 0.0094 0.0063 0.0125
3 0.7484 0.0244 0.0063 0.0112
3 0.7434 0.0219 0.0087 0.0125
3 0.8600 0.1638 0.0138 0.0087
3 0.8709 0.1178 0.0138 0.0075
3 0.8741 0.0934 0.0138 0.0087
3 0.6469 0.4659 0.0063 0.0100
3 0.6562 0.4725 0.0063 0.0138
3 0.6644 0.4766 0.0100 0.0125
3 0.6722 0.4819 0.0100 0.0138
3 0.6847 0.4912 0.0100 0.0138
3 0.6294 0.4791 0.0150 0.0112
3 0.7259 0.5531 0.0112 0.0063
3 0.7500 0.6038 0.0125 0.0138
3 0.7600 0.6156 0.0138 0.0125
3 0.6856 0.5250 0.0150 0.0125
3 0.7069 0.5088 0.0075 0.0112
3 0.5172 0.5047 0.0125 0.0125
3 0.5275 0.5169 0.0112 0.0087
3 0.5356 0.5222 0.0150 0.0100
3 0.5381 0.4947 0.0075 0.0112
3 0.5300 0.4897 0.0100 0.0138
3 0.5247 0.4803 0.0087 0.0138
3 0.8262 0.8850 0.0087 0.0138
3 0.7562 0.0234 0.0063 0.0125
3 0.7644 0.0256 0.0100 0.0138
3 0.7756 0.0269 0.0075 0.0100
3 0.7825 0.0291 0.0087 0.0112
3 0.9412 0.5444 0.0138 0.0138
3 0.9297 0.5588 0.0125 0.0112
3 0.9219 0.5475 0.0125 0.0138
3 0.8941 0.1788 0.0100 0.0075
3 0.8341 0.0372 0.0087 0.0150
3 0.8006 0.0328 0.0075 0.0125
3 0.2138 0.0994 0.0087 0.0112
3 0.4841 0.5044 0.0150 0.0150
3 0.4725 0.4953 0.0138 0.0125
3 0.4656 0.4922 0.0125 0.0125
3 0.2325 0.0294 0.0087 0.0150
3 0.2444 0.0228 0.0075 0.0112
3 0.2500 0.0172 0.0063 0.0125
3 0.2616 0.0106 0.0075 0.0150
3 0.2687 0.0094 0.0063 0.0125
3 0.2775 0.0631 0.0112 0.0138
3 0.2575 0.0728 0.0087 0.0112
3 0.2331 0.0859 0.0100 0.0125
3 0.2256 0.0906 0.0075 0.0125
3 0.2188 0.0938 0.0063 0.0125
3 0.2038 0.1025 0.0075 0.0112
3 0.5194 0.7525 0.0075 0.0175
3 0.1959 0.1062 0.0075 0.0125
3 0.1812 0.1109 0.0063 0.0125
3 0.1725 0.1150 0.0075 0.0112
3 0.1450 0.1303 0.0087 0.0138
3 0.1381 0.1344 0.0075 0.0125
3 0.1319 0.1375 0.0075 0.0125
3 0.1200 0.1419 0.0087 0.0150
3 0.0528 0.1791 0.0087 0.0112
3 0.0450 0.1837 0.0087 0.0112
3 0.0138 0.1962 0.0087 0.0112
3 0.1847 0.1497 0.0100 0.0150
3 0.1791 0.1528 0.0112 0.0150
3 0.1722 0.1572 0.0100 0.0112
3 0.5278 0.7269 0.0150 0.0100
3 0.5109 0.7475 0.0063 0.0138
3 0.5575 0.5062 0.0087 0.0187
3 0.6222 0.5112 0.0100 0.0100
3 0.6347 0.5191 0.0100 0.0100
3 0.6603 0.5394 0.0112 0.0100
3 0.6737 0.5466 0.0100 0.0087
3 0.6572 0.5056 0.0112 0.0112
3 0.5003 0.3522 0.0100 0.0138
3 0.4903 0.3581 0.0087 0.0100
3 0.4838 0.3909 0.0112 0.0100
3 0.3603 0.7228 0.0050 0.0112
3 0.4031 0.6422 0.0125 0.0125
3 0.4156 0.6131 0.0125 0.0075
3 0.4225 0.5988 0.0138 0.0100
3 0.4491 0.5297 0.0138 0.0063
3 0.3359 0.6753 0.0125 0.0163
3 0.5037 0.7409 0.0075 0.0163
3 0.1356 0.5522 0.0150 0.0138
3 0.1491 0.5856 0.0138 0.0150
3 0.0900 0.6291 0.0112 0.0175
3 0.0819 0.5547 0.0138 0.0125
3 0.1866 0.4078 0.0138 0.0125
3 0.0059 0.3709 0.0087 0.0138
3 0.1309 0.2456 0.0087 0.0163
3 0.0112 0.4103 0.0163 0.0112
3 0.0109 0.4178 0.0125 0.0075
3 0.0078 0.4241 0.0125 0.0075
3 0.4819 0.7269 0.0075 0.0163
3 0.4888 0.7300 0.0087 0.0163
3 0.4959 0.7362 0.0075 0.0163
3 0.1650 0.1609 0.0112 0.0125
3 0.1581 0.1653 0.0100 0.0150
3 0.1516 0.1678 0.0063 0.0138
3 0.4688 0.0112 0.0125 0.0163
3 0.2144 0.2081 0.0100 0.0100
3 0.2191 0.2200 0.0100 0.0087
3 0.1778 0.1859 0.0212 0.0125
3 0.1744 0.1919 0.0112 0.0087
3 0.5341 0.2762 0.0087 0.0150
3 0.1891 0.1700 0.0125 0.0087
3 0.3453 0.0306 0.0063 0.0112
3 0.3638 0.0212 0.0087 0.0112
3 0.4075 0.0425 0.0087 0.0100
3 0.4181 0.0362 0.0112 0.0100
3 0.4331 0.0322 0.0100 0.0112
3 0.4466 0.0234 0.0087 0.0125
3 0.4372 0.0094 0.0150 0.0125
3 0.6238 0.0131 0.0100 0.0138
3 0.1450 0.1703 0.0087 0.0125
3 0.6403 0.0250 0.0087 0.0125
3 0.6528 0.0247 0.0087 0.0150
3 0.6403 0.0516 0.0087 0.0125
3 0.6253 0.0625 0.0100 0.0125
3 0.6097 0.0516 0.0100 0.0125
3 0.6331 0.0163 0.0100 0.0138
3 0.1359 0.0978 0.0063 0.0112
3 0.1753 0.3987 0.0163 0.0163
3 0.2275 0.4306 0.0112 0.0175
3 0.2172 0.7053 0.0375 0.0387
3 0.5831 0.9594 0.0225 0.0250
3 0.2188 0.2013 0.0125 0.0087
3 0.2206 0.1950 0.0100 0.0087
3 0.2234 0.1894 0.0125 0.0100
3 0.2328 0.1669 0.0125 0.0087
3 0.1387 0.1738 0.0087 0.0100
3 0.1300 0.1778 0.0100 0.0150
3 0.0941 0.1981 0.0100 0.0150
3 0.0816 0.2034 0.0100 0.0163
3 0.0747 0.2050 0.0087 0.0163
3 0.0663 0.2119 0.0075 0.0112
3 0.1725 0.2016 0.0138 0.0125
3 0.2075 0.2519 0.0087 0.0100
3 0.5975 0.1031 0.0138 0.0187
3 0.4769 0.1288 0.0100 0.0138
3 0.4894 0.1344 0.0100 0.0125
3 0.5231 0.0641 0.0087 0.0125
3 0.5156 0.0600 0.0125 0.0138
3 0.3534 0.0944 0.0100 0.0138
3 0.3572 0.0694 0.0112 0.0138
3 0.3488 0.0738 0.0100 0.0100
3 0.3325 0.0822 0.0087 0.0112
3 0.2831 0.1025 0.0100 0.0112
3 0.2775 0.1047 0.0112 0.0125
3 0.2712 0.1094 0.0112 0.0125
3 0.2475 0.1212 0.0138 0.0112
3 0.2428 0.1212 0.0075 0.0112
3 0.2341 0.1275 0.0087 0.0112
3 0.2284 0.1297 0.0100 0.0125
3 0.2216 0.1303 0.0087 0.0138
3 0.2337 0.1462 0.0112 0.0112
3 0.2344 0.1613 0.0125 0.0100
3 0.6094 0.5031 0.0125 0.0125
3 0.5988 0.6412 0.0100 0.0138
3 0.5825 0.6266 0.0087 0.0125
3 0.2634 0.8506 0.0112 0.0075
3 0.2100 0.9950 0.0138 0.0087
3 0.2172 0.9825 0.0125 0.0087
3 0.2203 0.9756 0.0125 0.0075
3 0.2288 0.9581 0.0138 0.0100
3 0.2425 0.9900 0.0100 0.0112
3 0.2700 0.9209 0.0087 0.0138
3 0.2453 0.9131 0.0125 0.0075
3 0.2472 0.9078 0.0100 0.0063
3 0.2541 0.8887 0.0112 0.0087
3 0.2556 0.8819 0.0112 0.0075
3 0.2600 0.8631 0.0138 0.0075
3 0.2609 0.8562 0.0125 0.0063
3 0.2381 0.8628 0.0075 0.0100
3 0.5175 0.9788 0.0100 0.0138
3 0.2437 0.8469 0.0063 0.0125
3 0.2644 0.8313 0.0100 0.0063
3 0.2612 0.8178 0.0100 0.0075
3 0.2397 0.8131 0.0075 0.0138
3 0.2362 0.8244 0.0100 0.0112
3 0.2341 0.8344 0.0087 0.0125
3 0.1769 0.8213 0.0100 0.0112
3 0.2584 0.8731 0.0138 0.0087
3 0.4222 0.8363 0.0100 0.0100
3 0.4075 0.8709 0.0150 0.0075
3 0.5053 0.8694 0.0138 0.0138
3 0.5169 0.8856 0.0150 0.0087
3 0.5384 0.9331 0.0112 0.0100
3 0.2028 0.9609 0.0087 0.0125
3 0.3759 0.8181 0.0175 0.0175
3 0.4469 0.8797 0.0125 0.0125
3 0.3663 0.7706 0.0138 0.0163
3 0.5031 0.9475 0.0125 0.0138
3 0.5409 0.9938 0.0100 0.0125
3 0.5753 0.6216 0.0100 0.0150
3 0.5644 0.7525 0.0100 0.0112
3 0.5400 0.8119 0.0112 0.0112
3 0.5513 0.8391 0.0087 0.0125
3 0.5553 0.8344 0.0075 0.0125
3 0.5675 0.8241 0.0100 0.0138
3 0.5628 0.8275 0.0100 0.0112
3 0.5894 0.8094 0.0100 0.0125
3 0.5950 0.8056 0.0087 0.0112
3 0.6013 0.8022 0.0087 0.0138
3 0.6216 0.7875 0.0087 0.0125
3 0.6344 0.7781 0.0125 0.0125
3 0.5478 0.7403 0.0112 0.0087
3 0.5544 0.7447 0.0087 0.0112
3 0.5575 0.7497 0.0087 0.0087
3 0.5784 0.7656 0.0100 0.0125
3 0.6644 0.7553 0.0100 0.0138
3 0.6791 0.7456 0.0112 0.0100
3 0.6856 0.7425 0.0087 0.0100
3 0.5600 0.6422 0.0138 0.0125
3 0.5744 0.6566 0.0112 0.0100
3 0.4978 0.6531 0.0112 0.0125
3 0.5325 0.6937 0.0087 0.0125
3 0.5988 0.7097 0.0100 0.0100
3 0.5547 0.6766 0.0125 0.0125
3 0.4081 0.5641 0.0100 0.0125
3 0.1097 0.5513 0.0100 0.0087
3 0.5537 0.5581 0.0138 0.0163
3 0.4953 0.6312 0.0125 0.0125
3 0.5681 0.7909 0.0112 0.0100
3 0.5613 0.7869 0.0100 0.0112
3 0.5559 0.7838 0.0087 0.0112
3 0.5397 0.7706 0.0075 0.0100
3 0.5963 0.9931 0.0112 0.0112
3 0.5528 0.9053 0.0087 0.0075
3 0.5869 0.8931 0.0112 0.0112
3 0.4059 0.5894 0.0087 0.0100
3 0.3931 0.6200 0.0112 0.0150
3 0.3809 0.6534 0.0087 0.0100
3 0.3362 0.6969 0.0100 0.0125
3 0.4625 0.8063 0.0063 0.0125
3 0.4562 0.8025 0.0063 0.0112
3 0.4497 0.8009 0.0087 0.0112
3 0.4247 0.7822 0.0087 0.0112
3 0.3894 0.7197 0.0163 0.0112
3 0.3278 0.0359 0.0087 0.0125
3 0.1384 0.7069 0.0112 0.0075
3 0.1413 0.7009 0.0138 0.0112
3 0.1437 0.6894 0.0125 0.0100
3 0.1469 0.6841 0.0125 0.0087
3 0.1478 0.6781 0.0112 0.0125
3 0.1494 0.6706 0.0112 0.0100
3 0.0125 0.4828 0.0125 0.0125
3 0.4331 0.5744 0.0100 0.0050
3 0.4656 0.5769 0.0125 0.0100
3 0.4959 0.5147 0.0138 0.0138
3 0.4784 0.3700 0.0100 0.0150
3 0.6128 0.1553 0.0163 0.0075
3 0.6181 0.1437 0.0175 0.0125
3 0.2462 0.7306 0.0112 0.0112
3 0.4744 0.8103 0.0050 0.0112
3 0.4838 0.8088 0.0050 0.0112
3 0.6619 0.9656 0.0112 0.0125
3 0.1594 0.6578 0.0125 0.0125
3 0.1719 0.6519 0.0187 0.0225
3 0.1897 0.6772 0.0138 0.0138
3 0.3934 0.7312 0.0087 0.0063
3 0.0875 0.6838 0.0125 0.0112
3 0.1341 0.6625 0.0087 0.0063
3 0.1375 0.6562 0.0125 0.0063
3 0.1212 0.6919 0.0112 0.0087
3 0.1163 0.7044 0.0138 0.0087
3 0.1141 0.7100 0.0125 0.0075
3 0.1134 0.7166 0.0112 0.0112
3 0.5494 0.6725 0.0112 0.0138
3 0.5384 0.6656 0.0112 0.0125
3 0.5262 0.6569 0.0150 0.0138
3 0.5706 0.7238 0.0100 0.0100
3 0.5775 0.7275 0.0112 0.0112
3 0.6116 0.7188 0.0138 0.0125
3 0.6075 0.7144 0.0087 0.0100
3 0.6534 0.7656 0.0100 0.0125
3 0.6162 0.6534 0.0138 0.0163
3 0.5900 0.6666 0.0112 0.0112
3 0.5975 0.6700 0.0138 0.0150
3 0.6025 0.6766 0.0112 0.0125
3 0.6816 0.7009 0.0100 0.0112
3 0.6884 0.7044 0.0112 0.0087
3 0.5541 0.6066 0.0112 0.0100
3 0.5500 0.6000 0.0125 0.0125
3 0.3434 0.6797 0.0087 0.0125
3 0.3475 0.6669 0.0075 0.0087
3 0.7559 0.9287 0.0087 0.0138
3 0.7647 0.9431 0.0075 0.0112
3 0.7700 0.9484 0.0087 0.0125
3 0.7747 0.9572 0.0087 0.0112
3 0.7794 0.9669 0.0087 0.0087
3 0.7856 0.9684 0.0087 0.0150
3 0.7913 0.9738 0.0075 0.0100
3 0.7984 0.9775 0.0063 0.0112
3 0.7528 0.9881 0.0150 0.0075
3 0.7469 0.9600 0.0125 0.0075
3 0.7350 0.9381 0.0138 0.0075
3 0.7075 0.8691 0.0087 0.0100
3 0.6912 0.8728 0.0075 0.0112
3 0.6669 0.8906 0.0087 0.0125
3 0.6372 0.9122 0.0087 0.0150
3 0.6525 0.7156 0.0112 0.0125
3 0.6644 0.6859 0.0100 0.0125
3 0.6588 0.6838 0.0112 0.0112
3 0.6531 0.6806 0.0125 0.0112
3 0.6491 0.6772 0.0138 0.0138
3 0.6409 0.6713 0.0100 0.0112
3 0.6312 0.6641 0.0125 0.0125
3 0.5434 0.6331 0.0150 0.0163
3 0.6453 0.7078 0.0125 0.0125
3 0.7688 0.9978 0.0125 0.0050
3 0.6434 0.9369 0.0150 0.0112
3 0.6541 0.9331 0.0112 0.0100
3 0.6616 0.9269 0.0138 0.0100
3 0.6778 0.9156 0.0150 0.0063
3 0.7169 0.8887 0.0150 0.0087
3 0.7303 0.8769 0.0138 0.0100
3 0.6241 0.9213 0.0075 0.0112
3 0.6713 0.9578 0.0050 0.0125
3 0.2625 0.8381 0.0125 0.0075
3 0.2634 0.8438 0.0112 0.0063
3 0.2284 0.8525 0.0100 0.0112
3 0.2231 0.9650 0.0150 0.0112
3 0.2147 0.9903 0.0138 0.0087
3 0.1875 0.9784 0.0125 0.0100
3 0.5694 0.6528 0.0138 0.0150
3 0.0428 0.3509 0.0138 0.0112
3 0.0366 0.3638 0.0138 0.0087
3 0.6053 0.1775 0.0138 0.0112
3 0.2481 0.8287 0.0087 0.0138
3 0.3013 0.8562 0.0087 0.0125
3 0.3284 0.6934 0.0100 0.0150
3 0.4434 0.5444 0.0150 0.0075
3 0.4409 0.5506 0.0163 0.0075
3 0.4397 0.5563 0.0138 0.0063
3 0.4487 0.5856 0.0100 0.0150
3 0.5844 0.4838 0.0125 0.0112
3 0.5978 0.4931 0.0112 0.0112
3 0.6525 0.5006 0.0112 0.0138
3 0.6641 0.5081 0.0125 0.0100
3 0.6350 0.4844 0.0138 0.0125
3 0.5353 0.2513 0.0112 0.0150
3 0.6125 0.1616 0.0125 0.0075
3 0.0338 0.3700 0.0112 0.0087
3 0.2288 0.1762 0.0138 0.0087
3 0.2256 0.1825 0.0138 0.0087
3 0.3228 0.0850 0.0112 0.0138
3 0.3081 0.0938 0.0100 0.0125
3 0.2869 0.0619 0.0112 0.0112
3 0.1600 0.1241 0.0075 0.0138
3 0.0706 0.1678 0.0100 0.0138
3 0.0338 0.1888 0.0112 0.0150
3 0.1281 0.1022 0.0063 0.0138
3 0.3653 0.0456 0.0150 0.0163
3 0.5025 0.0916 0.0112 0.0175
3 0.5466 0.0878 0.0150 0.0100
3 0.4894 0.0834 0.0100 0.0138
3 0.2619 0.8256 0.0112 0.0075
3 0.5822 0.8119 0.0050 0.0112
3 0.4519 0.8534 0.0100 0.0100
3 0.4556 0.8666 0.0112 0.0112
3 0.1109 0.4194 0.0125 0.0075
3 0.0991 0.4328 0.0138 0.0063
3 0.0969 0.4422 0.0125 0.0063
3 0.0544 0.5188 0.0150 0.0125
3 0.0769 0.5237 0.0100 0.0100
3 0.0869 0.5331 0.0112 0.0100
3 0.0978 0.5425 0.0112 0.0100
3 0.1234 0.5613 0.0125 0.0100
3 0.1359 0.5722 0.0125 0.0100
3 0.1731 0.5787 0.0087 0.0138
3 0.1588 0.5681 0.0112 0.0112
3 0.1925 0.6191 0.0100 0.0100
3 0.2019 0.6262 0.0100 0.0087
3 0.2125 0.6344 0.0125 0.0125
3 0.2219 0.6438 0.0125 0.0125
3 0.2341 0.6350 0.0087 0.0138
3 0.1931 0.6669 0.0112 0.0150
3 0.2444 0.7094 0.0138 0.0125
3 0.2581 0.7209 0.0163 0.0138
3 0.2534 0.7275 0.0100 0.0112
3 0.4106 0.5750 0.0087 0.0125
3 0.4012 0.6031 0.0087 0.0125
3 0.3888 0.6369 0.0087 0.0112
3 0.3756 0.6663 0.0075 0.0138
3 0.4044 0.7716 0.0087 0.0150
3 0.4088 0.8259 0.0112 0.0112
3 0.4344 0.8478 0.0125 0.0112
3 0.5641 0.6484 0.0125 0.0125
3 0.5847 0.6619 0.0100 0.0112
3 0.6084 0.6797 0.0138 0.0125
3 0.2794 0.0409 0.0087 0.0163
3 0.4519 0.0194 0.0100 0.0138
3 0.1703 0.2225 0.0125 0.0138
3 0.1769 0.2281 0.0100 0.0125
3 0.1809 0.2316 0.0087 0.0100
3 0.1906 0.2406 0.0125 0.0125
3 0.1984 0.2441 0.0125 0.0163
3 0.6144 0.6834 0.0100 0.0138
3 0.5694 0.6194 0.0138 0.0138
3 0.5581 0.6100 0.0100 0.0138
3 0.6188 0.7231 0.0125 0.0150
3 0.6231 0.7275 0.0087 0.0112
3 0.6281 0.7319 0.0125 0.0138
3 0.6338 0.7338 0.0112 0.0112
3 0.6397 0.7384 0.0138 0.0112
3 0.6713 0.7531 0.0112 0.0125
3 0.6625 0.7447 0.0125 0.0112
3 0.6469 0.7684 0.0125 0.0150
3 0.6419 0.7737 0.0150 0.0163
3 0.6272 0.7719 0.0138 0.0125
3 0.5281 0.7616 0.0125 0.0138
3 0.5463 0.7741 0.0112 0.0138
3 0.5478 0.7078 0.0112 0.0125
3 0.5162 0.6853 0.0138 0.0112
3 0.5219 0.6866 0.0125 0.0138
3 0.5281 0.6906 0.0125 0.0125
3 0.5334 0.7331 0.0138 0.0100
3 0.5544 0.8019 0.0212 0.0163
3 0.5131 0.8159 0.0075 0.0163
3 0.5047 0.8147 0.0063 0.0138
3 0.4969 0.8147 0.0063 0.0138
3 0.5687 0.9928 0.0125 0.0138
3 0.8725 0.6369 0.0138 0.0175
3 0.9047 0.5912 0.0125 0.0138
3 0.3919 0.8125 0.0150 0.0125
3 0.2316 0.8422 0.0100 0.0125
3 0.0769 0.1666 0.0100 0.0112
3 0.7794 0.0122 0.0087 0.0150
3 0.7572 0.0100 0.0050 0.0138
3 0.9603 0.5203 0.0112 0.0125
3 0.7156 0.5912 0.0125 0.0138
