3 0.2216 0.1975 0.0087 0.0138
3 0.8262 0.1350 0.0087 0.0138
3 0.5194 0.0066 0.0075 0.0100
3 0.5103 0.0028 0.0050 0.0025
3 0.5831 0.2094 0.0225 0.0250
3 0.2634 0.1006 0.0112 0.0075
3 0.2106 0.2456 0.0150 0.0100
3 0.2172 0.2325 0.0125 0.0087
3 0.2203 0.2256 0.0125 0.0075
3 0.2288 0.2081 0.0138 0.0100
3 0.1903 0.2544 0.0087 0.0087
3 0.2425 0.2400 0.0100 0.0112
3 0.2700 0.1709 0.0087 0.0138
3 0.2453 0.1631 0.0125 0.0075
3 0.2472 0.1578 0.0100 0.0063
3 0.2541 0.1387 0.0112 0.0087
3 0.2556 0.1319 0.0112 0.0075
3 0.2600 0.1131 0.0138 0.0075
3 0.2609 0.1062 0.0125 0.0063
3 0.2381 0.1128 0.0075 0.0100
3 0.5175 0.2288 0.0100 0.0138
3 0.2437 0.0969 0.0063 0.0125
3 0.2644 0.0813 0.0100 0.0063
3 0.2612 0.0678 0.0100 0.0075
3 0.2397 0.0631 0.0075 0.0138
3 0.2362 0.0744 0.0100 0.0112
3 0.2341 0.0844 0.0087 0.0125
3 0.1769 0.0713 0.0100 0.0112
3 0.2584 0.1231 0.0138 0.0087
3 0.4222 0.0863 0.0100 0.0100
3 0.4075 0.1209 0.0150 0.0075
3 0.5053 0.1194 0.0138 0.0138
3 0.5169 0.1356 0.0150 0.0087
3 0.5384 0.1831 0.0112 0.0100
3 0.2028 0.2109 0.0087 0.0125
3 0.1941 0.2888 0.0100 0.0087
3 0.2087 0.2581 0.0112 0.0100
3 0.2025 0.2719 0.0112 0.0063
3 0.6247 0.7419 0.0150 0.0150
3 0.3759 0.0681 0.0175 0.0175
3 0.4469 0.1297 0.0125 0.0125
3 0.6366 0.3000 0.0138 0.0187
3 0.3663 0.0206 0.0138 0.0163
3 0.5009 0.9222 0.0050 0.0100
3 0.5234 0.8941 0.0063 0.0100
3 0.5537 0.8347 0.0138 0.0163
3 0.6178 0.7728 0.0138 0.0112
3 0.5850 0.7900 0.0138 0.0112
3 0.1588 0.3075 0.0112 0.0087
3 0.2000 0.2769 0.0125 0.0100
3 0.5031 0.1975 0.0125 0.0138
3 0.5409 0.2437 0.0100 0.0125
3 0.5644 0.0053 0.0100 0.0075
3 0.5400 0.0619 0.0112 0.0112
3 0.5513 0.0891 0.0087 0.0125
3 0.5553 0.0844 0.0075 0.0125
3 0.5675 0.0741 0.0100 0.0138
3 0.5628 0.0775 0.0100 0.0112
3 0.5894 0.0594 0.0100 0.0125
3 0.5950 0.0556 0.0087 0.0112
3 0.6013 0.0522 0.0087 0.0138
3 0.6216 0.0375 0.0087 0.0125
3 0.6344 0.0281 0.0125 0.0125
3 0.5563 0.0028 0.0063 0.0025
3 0.5784 0.0156 0.0100 0.0125
3 0.6025 0.2712 0.0112 0.0112
3 0.6644 0.0072 0.0100 0.0112
3 0.5681 0.0409 0.0112 0.0100
3 0.5613 0.0369 0.0100 0.0112
3 0.5559 0.0338 0.0087 0.0112
3 0.5397 0.0206 0.0075 0.0100
3 0.6041 0.2572 0.0112 0.0112
3 0.5963 0.2431 0.0112 0.0112
3 0.6081 0.2922 0.0100 0.0125
3 0.6150 0.2656 0.0112 0.0125
3 0.5528 0.1553 0.0087 0.0075
3 0.5869 0.1431 0.0112 0.0112
3 0.6097 0.3350 0.0100 0.0138
3 0.6200 0.3300 0.0087 0.0163
3 0.6322 0.3322 0.0112 0.0112
3 0.6222 0.3556 0.0100 0.0112
3 0.6412 0.3644 0.0075 0.0100
3 0.6753 0.3812 0.0100 0.0125
3 0.6847 0.3791 0.0100 0.0112
3 0.6775 0.4334 0.0112 0.0138
3 0.6603 0.4225 0.0112 0.0138
3 0.6703 0.4159 0.0125 0.0163
3 0.6588 0.4006 0.0112 0.0138
3 0.6894 0.4612 0.0100 0.0163
3 0.4625 0.0563 0.0063 0.0125
3 0.4562 0.0525 0.0063 0.0112
3 0.4497 0.0509 0.0087 0.0112
3 0.4247 0.0322 0.0087 0.0112
3 0.9113 0.8316 0.0225 0.0163
3 0.7269 0.2712 0.0100 0.0112
3 0.7381 0.2672 0.0075 0.0125
3 0.7456 0.2634 0.0100 0.0112
3 0.7263 0.5416 0.0087 0.0112
3 0.7225 0.5687 0.0075 0.0125
3 0.7356 0.5719 0.0087 0.0125
3 0.8741 0.6241 0.0138 0.0075
3 0.7547 0.6125 0.0125 0.0187
3 0.7753 0.6597 0.0100 0.0163
3 0.8406 0.5981 0.0125 0.0212
3 0.9044 0.6028 0.0338 0.0212
3 0.8187 0.6978 0.0125 0.0175
3 0.9959 0.8397 0.0075 0.0075
3 0.7716 0.9791 0.0150 0.0112
3 0.7444 0.9494 0.0138 0.0112
3 0.7206 0.2775 0.0100 0.0112
3 0.7250 0.6162 0.0063 0.0138
3 0.8206 0.5459 0.0100 0.0075
3 0.8150 0.5384 0.0112 0.0112
3 0.8128 0.5269 0.0100 0.0100
3 0.8072 0.4925 0.0112 0.0100
3 0.7963 0.4966 0.0112 0.0087
3 0.7925 0.4881 0.0100 0.0075
3 0.7975 0.4694 0.0138 0.0075
3 0.7825 0.4631 0.0150 0.0075
3 0.8206 0.6759 0.0100 0.0112
3 0.8028 0.7100 0.0087 0.0138
3 0.7325 0.7334 0.0087 0.0075
3 0.7209 0.7238 0.0138 0.0100
3 0.7453 0.7006 0.0125 0.0075
3 0.8744 0.7869 0.0050 0.0112
3 0.8525 0.6491 0.0112 0.0138
3 0.9228 0.6053 0.0112 0.0075
3 0.8378 0.7891 0.0100 0.0125
3 0.8425 0.8675 0.0100 0.0163
3 0.9456 0.8447 0.0100 0.0050
3 0.8962 0.8144 0.0112 0.0100
3 0.8831 0.7984 0.0100 0.0125
3 0.9313 0.9947 0.0125 0.0112
3 0.8047 0.9603 0.0125 0.0112
3 0.8022 0.5703 0.0075 0.0125
3 0.7822 0.5169 0.0112 0.0150
3 0.7781 0.5088 0.0125 0.0175
3 0.4744 0.0603 0.0050 0.0112
3 0.4838 0.0588 0.0050 0.0112
3 0.6619 0.2156 0.0112 0.0125
3 0.0156 0.7400 0.0125 0.0112
3 0.0387 0.7225 0.0150 0.0138
3 0.6534 0.0156 0.0100 0.0125
3 0.7728 0.5012 0.0112 0.0150
3 0.7331 0.3703 0.0100 0.0063
3 0.7559 0.1788 0.0087 0.0138
3 0.7647 0.1931 0.0075 0.0112
3 0.7700 0.1984 0.0087 0.0125
3 0.7747 0.2072 0.0087 0.0112
3 0.7794 0.2169 0.0087 0.0087
3 0.7856 0.2184 0.0087 0.0150
3 0.7913 0.2237 0.0075 0.0100
3 0.7984 0.2275 0.0063 0.0112
3 0.7528 0.2381 0.0150 0.0075
3 0.7469 0.2100 0.0125 0.0075
3 0.7350 0.1881 0.0138 0.0075
3 0.7334 0.3444 0.0138 0.0075
3 0.7338 0.3506 0.0112 0.0075
3 0.7481 0.3709 0.0150 0.0075
3 0.7059 0.3744 0.0087 0.0112
3 0.7109 0.3828 0.0125 0.0125
3 0.7156 0.3872 0.0125 0.0150
3 0.7238 0.4031 0.0100 0.0187
3 0.7319 0.4209 0.0075 0.0138
3 0.7013 0.4834 0.0087 0.0138
3 0.7628 0.3953 0.0163 0.0063
3 0.7463 0.4000 0.0112 0.0063
3 0.7669 0.4397 0.0150 0.0075
3 0.7656 0.4097 0.0125 0.0100
3 0.7519 0.4616 0.0100 0.0138
3 0.7575 0.4688 0.0087 0.0125
3 0.7697 0.4912 0.0112 0.0138
3 0.7075 0.1191 0.0087 0.0100
3 0.6912 0.1228 0.0075 0.0112
3 0.6669 0.1406 0.0087 0.0125
3 0.6372 0.1622 0.0087 0.0150
3 0.7688 0.2484 0.0125 0.0063
3 0.6434 0.1869 0.0150 0.0112
3 0.6541 0.1831 0.0112 0.0100
3 0.6616 0.1769 0.0138 0.0100
3 0.6778 0.1656 0.0150 0.0063
3 0.7169 0.1387 0.0150 0.0087
3 0.7303 0.1269 0.0138 0.0100
3 0.6241 0.1712 0.0075 0.0112
3 0.6713 0.2078 0.0050 0.0125
3 0.2625 0.0881 0.0125 0.0075
3 0.2634 0.0938 0.0112 0.0063
3 0.2284 0.1025 0.0100 0.0112
3 0.2231 0.2150 0.0150 0.0112
3 0.2147 0.2403 0.0138 0.0087
3 0.2066 0.2650 0.0100 0.0112
3 0.1972 0.2841 0.0100 0.0087
3 0.1875 0.2284 0.0125 0.0100
3 0.1650 0.3344 0.0050 0.0125
3 0.1766 0.3225 0.0125 0.0138
3 0.1866 0.2644 0.0075 0.0100
3 0.2481 0.0788 0.0087 0.0138
3 0.3013 0.1062 0.0087 0.0125
3 0.2619 0.0756 0.0112 0.0075
3 0.5822 0.0619 0.0050 0.0112
3 0.4519 0.1034 0.0100 0.0100
3 0.4556 0.1166 0.0112 0.0112
3 0.4044 0.0216 0.0087 0.0150
3 0.4088 0.0759 0.0112 0.0112
3 0.4344 0.0978 0.0125 0.0112
3 0.6713 0.0053 0.0112 0.0075
3 0.6469 0.0184 0.0125 0.0150
3 0.6419 0.0238 0.0150 0.0163
3 0.6272 0.0219 0.0138 0.0125
3 0.5281 0.0116 0.0125 0.0138
3 0.5463 0.0241 0.0112 0.0138
3 0.5544 0.0519 0.0212 0.0163
3 0.5131 0.0659 0.0075 0.0163
3 0.5047 0.0647 0.0063 0.0138
3 0.4969 0.0647 0.0063 0.0138
3 0.5687 0.2428 0.0125 0.0138
3 0.5925 0.3094 0.0100 0.0125
3 0.5787 0.3031 0.0138 0.0125
3 0.8347 0.7288 0.0100 0.0138
3 0.0531 0.7150 0.0125 0.0112
3 0.1038 0.6981 0.0200 0.0150
3 0.3919 0.0625 0.0150 0.0125
3 0.2316 0.0922 0.0100 0.0125
3 0.1828 0.3044 0.0125 0.0087
3 0.6412 0.3828 0.0075 0.0125
3 0.6503 0.3812 0.0100 0.0125
3 0.8622 0.7841 0.0087 0.0150
