3 0.5944 0.3631 0.0075 0.0075
3 0.5775 0.3375 0.0112 0.0063
3 0.5784 0.3438 0.0100 0.0063
3 0.5784 0.3513 0.0100 0.0087
3 0.5922 0.3513 0.0125 0.0087
3 0.5906 0.3325 0.0125 0.0087
3 0.5847 0.3187 0.0100 0.0063
3 0.5862 0.3084 0.0100 0.0075
3 0.5837 0.3009 0.0112 0.0050
3 0.5800 0.2888 0.0100 0.0087
3 0.5775 0.2803 0.0112 0.0075
3 0.5775 0.2722 0.0112 0.0100
3 0.5837 0.3725 0.0112 0.0075
3 0.5825 0.3650 0.0087 0.0112
3 0.5588 0.2450 0.0112 0.0087
3 0.5713 0.3194 0.0112 0.0075
3 0.5613 0.2525 0.0100 0.0050
3 0.5594 0.2591 0.0125 0.0087
3 0.5628 0.2669 0.0100 0.0087
3 0.5741 0.2556 0.0138 0.0112
3 0.5719 0.2334 0.0125 0.0075
3 0.6016 0.2356 0.0125 0.0087
3 0.5197 0.2125 0.0112 0.0063
3 0.6559 0.1978 0.0087 0.0112
3 0.6109 0.1812 0.0125 0.0063
3 0.7109 0.2309 0.0125 0.0087
3 0.7075 0.2347 0.0087 0.0100
3 0.6994 0.2394 0.0112 0.0100
3 0.6750 0.2337 0.0063 0.0112
3 0.5728 0.3287 0.0112 0.0075
3 0.5322 0.2400 0.0112 0.0112
3 0.5162 0.3488 0.0138 0.0100
3 0.3066 0.2959 0.0100 0.0075
3 0.3038 0.2756 0.0138 0.0075
3 0.3056 0.2656 0.0112 0.0063
3 0.3103 0.2497 0.0112 0.0087
3 0.3775 0.2987 0.0238 0.0100
3 0.3950 0.2959 0.0150 0.0075
3 0.3719 0.0784 0.0125 0.0100
3 0.4813 0.0384 0.0125 0.0112
3 0.5344 0.0356 0.0125 0.0087
3 0.6391 0.0047 0.0125 0.0063
3 0.5525 0.0500 0.0112 0.0063
3 0.5281 0.3972 0.0125 0.0100
3 0.5134 0.3987 0.0112 0.0100
3 0.5059 0.3506 0.0087 0.0075
3 0.4925 0.2881 0.0100 0.0075
3 0.5044 0.3372 0.0087 0.0087
3 0.5234 0.3684 0.0063 0.0150
3 0.5234 0.2562 0.0125 0.0125
3 0.4691 0.2706 0.0100 0.0100
3 0.4672 0.2644 0.0125 0.0100
3 0.4662 0.2587 0.0138 0.0050
3 0.4588 0.2306 0.0112 0.0050
3 0.4884 0.2638 0.0112 0.0087
3 0.4894 0.2587 0.0100 0.0050
3 0.4884 0.2469 0.0112 0.0063
3 0.4862 0.2391 0.0100 0.0063
3 0.5206 0.2400 0.0100 0.0112
3 0.5253 0.2638 0.0100 0.0087
3 0.6813 0.2247 0.0063 0.0150
3 0.6687 0.2406 0.0063 0.0125
3 0.6641 0.2475 0.0063 0.0138
3 0.2559 0.4562 0.0087 0.0125
3 0.5588 0.3659 0.0112 0.0100
3 0.5519 0.4003 0.0100 0.0100
3 0.5534 0.4072 0.0100 0.0112
3 0.6813 0.2578 0.0125 0.0063
3 0.6906 0.2531 0.0125 0.0125
3 0.6875 0.2712 0.0063 0.0112
3 0.6931 0.2669 0.0050 0.0150
3 0.7016 0.2600 0.0063 0.0138
3 0.7087 0.2541 0.0050 0.0112
3 0.4981 0.1853 0.0150 0.0112
3 0.5197 0.5334 0.0112 0.0138
3 0.5078 0.5212 0.0125 0.0112
3 0.2309 0.4950 0.0150 0.0150
3 0.6575 0.2531 0.0087 0.0125
3 0.5531 0.3322 0.0125 0.0112
3 0.5406 0.2856 0.0125 0.0087
3 0.5303 0.2897 0.0138 0.0138
3 0.4987 0.1922 0.0100 0.0063
3 0.6462 0.2450 0.0112 0.0087
3 0.6562 0.2356 0.0125 0.0087
3 0.6609 0.2319 0.0125 0.0075
3 0.6694 0.2228 0.0075 0.0112
3 0.6031 0.2047 0.0125 0.0125
3 0.7125 0.2469 0.0063 0.0125
3 0.7188 0.2403 0.0063 0.0087
3 0.7137 0.2247 0.0087 0.0087
3 0.6694 0.2884 0.0075 0.0112
3 0.6706 0.2709 0.0100 0.0075
3 0.6644 0.2762 0.0100 0.0087
3 0.6606 0.2819 0.0087 0.0075
3 0.6531 0.2881 0.0125 0.0075
3 0.6487 0.2928 0.0100 0.0075
3 0.6541 0.3056 0.0050 0.0112
3 0.6459 0.3141 0.0075 0.0125
3 0.6391 0.3194 0.0063 0.0138
3 0.6156 0.3212 0.0125 0.0112
3 0.6222 0.3175 0.0100 0.0100
3 0.6325 0.3084 0.0087 0.0075
3 0.6078 0.2978 0.0063 0.0112
3 0.6188 0.2891 0.0063 0.0125
3 0.6247 0.2872 0.0087 0.0150
3 0.6281 0.2834 0.0063 0.0138
3 0.6350 0.2744 0.0075 0.0112
3 0.6156 0.2756 0.0125 0.0075
3 0.4978 0.2003 0.0112 0.0100
3 0.3094 0.3122 0.0125 0.0087
3 0.2519 0.3409 0.0100 0.0100
3 0.2509 0.3350 0.0112 0.0075
3 0.5375 0.5881 0.0125 0.0075
3 0.4381 0.6928 0.0138 0.0075
3 0.4409 0.6872 0.0100 0.0087
3 0.4463 0.6816 0.0112 0.0100
3 0.4709 0.6553 0.0138 0.0075
3 0.4781 0.6503 0.0125 0.0100
3 0.5041 0.6225 0.0112 0.0075
3 0.4900 0.6188 0.0112 0.0063
3 0.4100 0.7034 0.0138 0.0100
3 0.4297 0.6825 0.0125 0.0087
3 0.4422 0.6709 0.0125 0.0075
3 0.4656 0.6459 0.0125 0.0075
3 0.5072 0.6031 0.0112 0.0063
3 0.5294 0.5966 0.0150 0.0087
3 0.5537 0.6116 0.0075 0.0138
3 0.4662 0.7028 0.0138 0.0212
3 0.5469 0.6156 0.0063 0.0125
3 0.5413 0.6203 0.0075 0.0125
3 0.5356 0.6284 0.0087 0.0163
3 0.5303 0.6331 0.0075 0.0163
3 0.5194 0.6431 0.0075 0.0112
3 0.5144 0.6475 0.0100 0.0138
3 0.5075 0.6541 0.0087 0.0112
3 0.5106 0.6725 0.0087 0.0138
3 0.5012 0.6578 0.0087 0.0125
3 0.4975 0.6678 0.0075 0.0138
3 0.4912 0.6700 0.0075 0.0150
3 0.4806 0.6828 0.0050 0.0125
3 0.4513 0.7119 0.0087 0.0112
3 0.4275 0.7006 0.0112 0.0075
3 0.4228 0.7069 0.0112 0.0075
3 0.4134 0.7200 0.0112 0.0087
3 0.4059 0.7238 0.0150 0.0100
3 0.3856 0.6400 0.0087 0.0112
3 0.3981 0.6300 0.0087 0.0163
3 0.4138 0.6109 0.0087 0.0125
3 0.4188 0.6056 0.0063 0.0112
3 0.4278 0.5956 0.0087 0.0100
3 0.4375 0.5887 0.0063 0.0087
3 0.4428 0.5825 0.0075 0.0087
3 0.4594 0.5691 0.0063 0.0100
3 0.5025 0.5556 0.0112 0.0050
3 0.4947 0.5669 0.0112 0.0087
3 0.4859 0.5713 0.0125 0.0112
3 0.4881 0.5894 0.0075 0.0100
3 0.4828 0.5938 0.0063 0.0125
3 0.4938 0.5850 0.0063 0.0138
3 0.4984 0.5787 0.0063 0.0138
3 0.5053 0.5703 0.0075 0.0125
3 0.5156 0.5609 0.0063 0.0125
3 0.3991 0.6622 0.0138 0.0087
3 0.4109 0.6522 0.0125 0.0075
3 0.4197 0.6419 0.0112 0.0087
3 0.4234 0.6334 0.0125 0.0075
3 0.4372 0.6159 0.0150 0.0100
3 0.4053 0.6750 0.0075 0.0125
3 0.4141 0.6663 0.0063 0.0138
3 0.4225 0.6569 0.0075 0.0138
3 0.4319 0.6459 0.0075 0.0138
3 0.3969 0.7284 0.0125 0.0100
3 0.4119 0.7378 0.0112 0.0100
3 0.5622 0.6191 0.0087 0.0163
3 0.2478 0.3200 0.0112 0.0087
3 0.3575 0.4894 0.0087 0.0100
3 0.4725 0.4975 0.0138 0.0138
3 0.4569 0.4875 0.0075 0.0125
3 0.4513 0.4906 0.0087 0.0125
3 0.4428 0.4906 0.0075 0.0125
3 0.4375 0.4900 0.0063 0.0112
3 0.4291 0.4909 0.0050 0.0100
3 0.4219 0.4916 0.0063 0.0112
3 0.4150 0.4925 0.0050 0.0100
3 0.4072 0.4938 0.0050 0.0125
3 0.4016 0.4931 0.0063 0.0112
3 0.3931 0.4931 0.0050 0.0112
3 0.3741 0.4900 0.0075 0.0112
3 0.3650 0.4891 0.0050 0.0125
3 0.3513 0.4869 0.0087 0.0112
3 0.5566 0.6256 0.0100 0.0138
3 0.2997 0.4188 0.0150 0.0125
3 0.2969 0.4050 0.0125 0.0100
3 0.2944 0.3969 0.0138 0.0125
3 0.2653 0.4247 0.0087 0.0087
3 0.2659 0.4134 0.0100 0.0112
3 0.2662 0.4047 0.0138 0.0125
3 0.2587 0.3769 0.0112 0.0100
3 0.2850 0.3275 0.0138 0.0112
3 0.2775 0.2956 0.0112 0.0100
3 0.2684 0.2759 0.0150 0.0175
3 0.2581 0.2759 0.0100 0.0175
3 0.2437 0.3028 0.0125 0.0087
3 0.2462 0.3128 0.0112 0.0100
3 0.5922 0.6381 0.0125 0.0075
3 0.5887 0.6438 0.0087 0.0125
3 0.5856 0.6487 0.0087 0.0100
3 0.5806 0.6531 0.0112 0.0063
3 0.5450 0.6366 0.0087 0.0138
3 0.5391 0.6416 0.0063 0.0112
3 0.5287 0.6537 0.0075 0.0138
3 0.5225 0.6569 0.0075 0.0138
3 0.4578 0.7244 0.0125 0.0112
3 0.5031 0.7144 0.0125 0.0100
3 0.5100 0.7075 0.0138 0.0087
3 0.5169 0.7028 0.0150 0.0087
3 0.5194 0.6972 0.0138 0.0100
3 0.5250 0.6912 0.0125 0.0075
3 0.5294 0.6850 0.0150 0.0075
3 0.5350 0.6794 0.0138 0.0087
3 0.5384 0.6750 0.0112 0.0063
3 0.5516 0.6613 0.0125 0.0100
3 0.5584 0.6581 0.0138 0.0100
3 0.5634 0.6506 0.0112 0.0075
3 0.5697 0.6453 0.0112 0.0063
3 0.5756 0.6406 0.0138 0.0063
3 0.5784 0.6334 0.0100 0.0075
3 0.5175 0.7172 0.0100 0.0063
3 0.5222 0.7100 0.0100 0.0075
3 0.5294 0.7069 0.0087 0.0075
3 0.5331 0.7006 0.0100 0.0075
3 0.5397 0.6934 0.0138 0.0087
3 0.5444 0.6881 0.0138 0.0075
3 0.5609 0.6706 0.0125 0.0100
3 0.5697 0.6638 0.0112 0.0087
3 0.3928 0.6319 0.0075 0.0138
3 0.7263 0.2344 0.0087 0.0125
3 0.7203 0.2194 0.0125 0.0075
3 0.7234 0.2162 0.0125 0.0075
3 0.7994 0.1581 0.0050 0.0100
3 0.6900 0.6384 0.0112 0.0112
3 0.8481 0.6709 0.0087 0.0075
3 0.8506 0.6622 0.0138 0.0087
3 0.8578 0.6512 0.0125 0.0087
3 0.8600 0.6425 0.0138 0.0100
3 0.8647 0.6394 0.0138 0.0100
3 0.8650 0.6325 0.0112 0.0087
3 0.8906 0.5338 0.0125 0.0112
3 0.8872 0.5519 0.0150 0.0100
3 0.8759 0.5600 0.0112 0.0075
3 0.6841 0.6578 0.0150 0.0125
3 0.7206 0.6459 0.0100 0.0075
3 0.8512 0.7381 0.0087 0.0075
3 0.8072 0.1478 0.0050 0.0112
3 0.9134 0.0512 0.0112 0.0087
3 0.8147 0.1419 0.0075 0.0087
3 0.8344 0.1225 0.0063 0.0138
3 0.8444 0.1094 0.0075 0.0125
3 0.8553 0.1003 0.0075 0.0163
3 0.8494 0.1044 0.0050 0.0150
3 0.8631 0.0938 0.0075 0.0125
3 0.8750 0.0809 0.0063 0.0150
3 0.9044 0.0512 0.0087 0.0087
3 0.8966 0.0503 0.0087 0.0100
3 0.8591 0.0525 0.0087 0.0112
3 0.8153 0.0566 0.0087 0.0100
3 0.7856 0.0588 0.0087 0.0112
3 0.7691 0.0609 0.0100 0.0125
3 0.9959 0.4963 0.0075 0.0112
3 0.9906 0.4984 0.0125 0.0125
3 0.9850 0.5025 0.0075 0.0112
3 0.9753 0.5081 0.0100 0.0100
3 0.9706 0.5119 0.0100 0.0112
3 0.9637 0.5156 0.0087 0.0125
3 0.9625 0.4991 0.0125 0.0075
3 0.9781 0.4894 0.0125 0.0100
3 0.7297 0.6275 0.0125 0.0112
3 0.7719 0.5938 0.0125 0.0125
3 0.8441 0.6750 0.0100 0.0063
3 0.8406 0.6809 0.0125 0.0087
3 0.8319 0.7059 0.0138 0.0087
3 0.8337 0.6987 0.0112 0.0100
3 0.8400 0.6909 0.0112 0.0100
3 0.3706 0.6556 0.0100 0.0175
3 0.4391 0.5178 0.0125 0.0075
3 0.4169 0.5544 0.0150 0.0087
3 0.1613 0.0988 0.0225 0.0163
3 0.2997 0.1281 0.0212 0.0125
3 0.2509 0.1066 0.0175 0.0100
3 0.0216 0.2462 0.0150 0.0112
3 0.1953 0.2916 0.0063 0.0112
3 0.1897 0.3366 0.0075 0.0138
3 0.0797 0.5294 0.0125 0.0150
3 0.0756 0.5966 0.0075 0.0150
3 0.1150 0.4603 0.0112 0.0112
3 0.1556 0.3875 0.0175 0.0187
3 0.1500 0.4200 0.0187 0.0212
3 0.1078 0.5178 0.0187 0.0138
3 0.1244 0.0541 0.0050 0.0112
3 0.3034 0.0141 0.0100 0.0125
3 0.0878 0.0563 0.0100 0.0125
3 0.0925 0.1347 0.0100 0.0163
3 0.3484 0.1038 0.0125 0.0075
3 0.1956 0.1119 0.0100 0.0050
3 0.1462 0.0831 0.0112 0.0100
3 0.1331 0.0656 0.0100 0.0125
3 0.2844 0.0163 0.0125 0.0075
3 0.1812 0.2638 0.0125 0.0150
3 0.0547 0.2275 0.0125 0.0112
3 0.4547 0.7959 0.0125 0.0075
3 0.3956 0.5769 0.0100 0.0100
3 0.4884 0.6925 0.0112 0.0163
3 0.3825 0.6259 0.0087 0.0175
3 0.3825 0.6944 0.0087 0.0138
3 0.4444 0.7366 0.0138 0.0075
3 0.4394 0.7234 0.0100 0.0125
3 0.5250 0.6403 0.0063 0.0150
3 0.3712 0.6013 0.0112 0.0087
3 0.5209 0.6069 0.0138 0.0075
3 0.3781 0.5938 0.0125 0.0063
3 0.3837 0.5881 0.0112 0.0075
3 0.3881 0.5831 0.0138 0.0100
3 0.4062 0.5644 0.0125 0.0100
3 0.4000 0.5706 0.0125 0.0100
3 0.4228 0.5853 0.0050 0.0112
3 0.4734 0.7881 0.0125 0.0075
3 0.4109 0.5963 0.0063 0.0112
3 0.4062 0.6013 0.0063 0.0150
3 0.3875 0.6181 0.0063 0.0112
3 0.3950 0.6150 0.0087 0.0112
3 0.4281 0.5803 0.0063 0.0138
3 0.4444 0.5600 0.0075 0.0138
3 0.4500 0.5563 0.0063 0.0125
3 0.4556 0.5463 0.0050 0.0112
3 0.4625 0.5453 0.0063 0.0125
3 0.4672 0.5406 0.0063 0.0125
3 0.4813 0.5447 0.0063 0.0112
3 0.4763 0.5294 0.0087 0.0150
3 0.4709 0.5366 0.0075 0.0138
3 0.4263 0.7419 0.0087 0.0150
3 0.3812 0.7334 0.0187 0.0075
3 0.4987 0.7200 0.0163 0.0087
3 0.6650 0.6887 0.0112 0.0087
3 0.4881 0.7866 0.0138 0.0075
3 0.5028 0.7831 0.0150 0.0100
3 0.5369 0.7700 0.0112 0.0087
3 0.5772 0.7525 0.0138 0.0112
3 0.5862 0.7456 0.0163 0.0100
3 0.6038 0.7369 0.0138 0.0112
3 0.5906 0.7347 0.0125 0.0100
3 0.6222 0.7281 0.0163 0.0125
3 0.6416 0.7150 0.0112 0.0112
3 0.4062 0.7650 0.0125 0.0050
3 0.4412 0.7584 0.0138 0.0075
3 0.4759 0.7500 0.0112 0.0063
3 0.4969 0.7453 0.0125 0.0063
3 0.5297 0.7338 0.0125 0.0050
3 0.5422 0.7234 0.0063 0.0125
3 0.5497 0.7225 0.0087 0.0138
3 0.5553 0.7137 0.0075 0.0150
3 0.5606 0.7081 0.0087 0.0163
3 0.5656 0.7031 0.0063 0.0125
3 0.5725 0.6975 0.0075 0.0138
3 0.5813 0.6863 0.0063 0.0163
3 0.5887 0.6806 0.0087 0.0175
3 0.5950 0.6763 0.0087 0.0150
3 0.5988 0.6716 0.0100 0.0150
3 0.6056 0.6631 0.0050 0.0138
3 0.6109 0.6600 0.0063 0.0138
3 0.6372 0.7094 0.0150 0.0125
3 0.1984 0.9106 0.0125 0.0087
3 0.0762 0.8769 0.0150 0.0100
3 0.0456 0.8528 0.0100 0.0087
3 0.1025 0.8866 0.0112 0.0075
3 0.1506 0.9022 0.0138 0.0075
3 0.2222 0.8822 0.0100 0.0112
3 0.3663 0.8084 0.0138 0.0075
3 0.3241 0.8094 0.0138 0.0063
3 0.3141 0.8025 0.0125 0.0050
3 0.2413 0.7575 0.0138 0.0087
3 0.1675 0.9037 0.0100 0.0075
3 0.1816 0.9066 0.0100 0.0100
3 0.3144 0.6903 0.0100 0.0150
3 0.3266 0.6797 0.0063 0.0125
3 0.3431 0.6619 0.0050 0.0112
3 0.3459 0.7131 0.0138 0.0075
3 0.3709 0.6350 0.0075 0.0138
3 0.3606 0.6269 0.0087 0.0100
3 0.3616 0.6469 0.0075 0.0125
3 0.3300 0.6953 0.0037 0.0125
3 0.3656 0.6062 0.0125 0.0063
3 0.3369 0.6381 0.0112 0.0075
3 0.3212 0.6512 0.0112 0.0087
3 0.9938 0.4800 0.0125 0.0100
3 0.4287 0.5413 0.0138 0.0075
3 0.1569 0.8850 0.0138 0.0075
3 0.4125 0.5625 0.0125 0.0063
3 0.3875 0.6750 0.0125 0.0063
3 0.4447 0.6334 0.0112 0.0138
3 0.5062 0.5500 0.0125 0.0063
3 0.5116 0.6169 0.0138 0.0087
3 0.5031 0.6088 0.0125 0.0050
3 0.4994 0.6153 0.0112 0.0087
3 0.5147 0.5837 0.0138 0.0050
3 0.4759 0.5516 0.0050 0.0125
3 0.4000 0.6100 0.0063 0.0138
3 0.4412 0.5281 0.0138 0.0063
3 0.4350 0.5363 0.0138 0.0037
3 0.4219 0.5487 0.0125 0.0100
3 0.3422 0.6294 0.0125 0.0087
3 0.3559 0.6719 0.0087 0.0125
3 0.5625 0.7594 0.0125 0.0125
3 0.3588 0.7384 0.0112 0.0050
3 0.2538 0.7756 0.0138 0.0075
3 0.3822 0.8056 0.0112 0.0050
3 0.3431 0.8094 0.0112 0.0063
3 0.2784 0.3059 0.0163 0.0150
3 0.2828 0.3134 0.0125 0.0112
3 0.2853 0.3181 0.0112 0.0112
3 0.2453 0.2944 0.0125 0.0075
3 0.2572 0.3628 0.0112 0.0100
3 0.2975 0.4131 0.0138 0.0138
3 0.1263 0.8941 0.0150 0.0100
3 0.1144 0.8881 0.0100 0.0075
3 0.5016 0.2553 0.0125 0.0075
3 0.4669 0.6625 0.0150 0.0063
3 0.0866 0.0028 0.0075 0.0025
3 0.9988 0.5316 0.0037 0.0100
3 0.9887 0.5294 0.0087 0.0150
3 0.9969 0.5212 0.0063 0.0112
3 0.8866 0.5181 0.0138 0.0112
3 0.5606 0.3841 0.0150 0.0150
3 0.4725 0.6381 0.0138 0.0075
3 0.3412 0.6828 0.0075 0.0125
3 0.3219 0.6875 0.0063 0.0125
3 0.5369 0.2644 0.0112 0.0100
3 0.5359 0.2547 0.0125 0.0125
3 0.5225 0.7759 0.0138 0.0112
3 0.5469 0.3022 0.0125 0.0138
3 0.5475 0.3178 0.0138 0.0138
3 0.5703 0.3059 0.0125 0.0087
3 0.6094 0.2325 0.0125 0.0087
3 0.1122 0.0512 0.0087 0.0150
3 0.2428 0.2872 0.0138 0.0087
3 0.2112 0.2891 0.0037 0.0125
