3 0.8806 0.7272 0.0175 0.0263
3 0.8650 0.7666 0.0175 0.0238
3 0.1094 0.9519 0.0063 0.0163
3 0.3563 0.9500 0.0063 0.0125
3 0.3569 0.9662 0.0075 0.0138
3 0.3578 0.9844 0.0063 0.0125
3 0.3734 0.9622 0.0063 0.0087
3 0.3862 0.9616 0.0100 0.0075
3 0.3547 0.9297 0.0063 0.0125
3 0.3563 0.9119 0.0063 0.0112
3 0.3387 0.7156 0.0087 0.0125
3 0.3069 0.3969 0.0075 0.0125
3 0.3028 0.4741 0.0087 0.0138
3 0.3216 0.5919 0.0087 0.0150
3 0.3319 0.6781 0.0075 0.0125
3 0.2000 0.7453 0.0125 0.0125
3 0.2819 0.7037 0.0138 0.0075
3 0.3031 0.7031 0.0125 0.0063
3 0.3237 0.7066 0.0163 0.0100
3 0.3387 0.7422 0.0087 0.0125
3 0.3397 0.7600 0.0075 0.0138
3 0.3419 0.7803 0.0087 0.0138
3 0.3450 0.8012 0.0087 0.0150
3 0.3563 0.8084 0.0063 0.0138
3 0.3466 0.8247 0.0087 0.0150
3 0.3494 0.8803 0.0050 0.0138
3 0.3516 0.8922 0.0063 0.0125
3 0.3688 0.8875 0.0063 0.0125
3 0.3016 0.3663 0.0063 0.0138
3 0.2903 0.3222 0.0087 0.0163
3 0.2709 0.3047 0.0075 0.0125
3 0.2825 0.2719 0.0087 0.0125
3 0.2184 0.0022 0.0087 0.0013
3 0.2303 0.0094 0.0075 0.0125
3 0.2662 0.0556 0.0075 0.0112
3 0.2350 0.0772 0.0075 0.0138
3 0.2456 0.1638 0.0100 0.0150
