3 0.2000 0.0028 0.0063 0.0025
3 0.1294 0.0344 0.0087 0.0125
3 0.1062 0.0481 0.0125 0.0087
3 0.3859 0.0969 0.0063 0.0125
3 0.3906 0.1172 0.0063 0.0125
3 0.2984 0.1481 0.0125 0.0087
3 0.3759 0.2191 0.0112 0.0100
3 0.3322 0.2006 0.0112 0.0075
3 0.3837 0.2806 0.0112 0.0050
3 0.2078 0.0034 0.0063 0.0037
3 0.4116 0.5050 0.0138 0.0100
3 0.2250 0.3109 0.0125 0.0125
3 0.4491 0.5194 0.0138 0.0075
3 0.4041 0.7356 0.0112 0.0150
3 0.4194 0.8203 0.0075 0.0125
3 0.3719 0.9775 0.0063 0.0112
3 0.3694 0.9647 0.0075 0.0138
3 0.3469 0.9234 0.0125 0.0063
3 0.3819 0.8850 0.0075 0.0138
3 0.3559 0.8369 0.0087 0.0112
3 0.3597 0.8544 0.0100 0.0150
3 0.3484 0.8416 0.0125 0.0175
3 0.2972 0.8975 0.0100 0.0138
3 0.2806 0.9166 0.0175 0.0112
3 0.1191 0.9788 0.0100 0.0138
3 0.2306 0.9137 0.0112 0.0150
3 0.8416 0.3959 0.0112 0.0138
3 0.7937 0.3559 0.0125 0.0087
3 0.9794 0.4722 0.0150 0.0100
3 0.5281 0.9328 0.0125 0.0125
3 0.6131 0.9241 0.0138 0.0075
3 0.9250 0.8353 0.0063 0.0112
3 0.5100 0.8372 0.0138 0.0212
3 0.5044 0.8091 0.0087 0.0150
3 0.4878 0.7544 0.0100 0.0150
3 0.4825 0.7381 0.0087 0.0138
3 0.5944 0.6775 0.0138 0.0112
3 0.8419 0.0187 0.0087 0.0125
3 0.3747 0.0559 0.0087 0.0150
3 0.4803 0.0425 0.0138 0.0100
3 0.8444 0.0506 0.0138 0.0075
3 0.8072 0.1087 0.0175 0.0112
3 0.7741 0.1159 0.0138 0.0100
3 0.5516 0.3153 0.0125 0.0087
3 0.8956 0.6347 0.0100 0.0163
3 0.8725 0.4944 0.0138 0.0138
3 0.8397 0.4594 0.0138 0.0125
3 0.8153 0.4025 0.0150 0.0112
3 0.7816 0.3072 0.0100 0.0112
3 0.7516 0.2938 0.0125 0.0125
3 0.6569 0.3638 0.0075 0.0087
3 0.6816 0.3503 0.0100 0.0100
3 0.5312 0.3903 0.0125 0.0087
3 0.5331 0.3225 0.0100 0.0138
3 0.7562 0.1191 0.0125 0.0100
3 0.5309 0.3044 0.0087 0.0150
3 0.5363 0.2906 0.0100 0.0125
3 0.5312 0.2656 0.0125 0.0125
3 0.5581 0.2288 0.0100 0.0138
3 0.7350 0.2587 0.0138 0.0112
3 0.7234 0.2394 0.0125 0.0100
3 0.7016 0.2138 0.0125 0.0087
3 0.7000 0.2013 0.0125 0.0087
3 0.6953 0.1919 0.0125 0.0087
3 0.5262 0.1288 0.0087 0.0138
3 0.2119 0.1581 0.0112 0.0100
3 0.4597 0.5175 0.0100 0.0100
