3 0.0638 0.9350 0.0150 0.0138
3 0.2806 0.9969 0.0050 0.0063
3 0.9228 0.7625 0.0112 0.0063
3 0.2919 0.9863 0.0087 0.0163
3 0.3588 0.5484 0.0112 0.0125
3 0.3691 0.5547 0.0100 0.0125
3 0.3734 0.5606 0.0125 0.0150
3 0.3806 0.5622 0.0112 0.0150
3 0.3837 0.5672 0.0112 0.0125
3 0.3906 0.5725 0.0125 0.0138
3 0.4134 0.5787 0.0050 0.0138
3 0.4203 0.5797 0.0063 0.0125
3 0.4281 0.5787 0.0063 0.0138
3 0.4344 0.5787 0.0063 0.0138
3 0.4422 0.5781 0.0063 0.0125
3 0.4578 0.5787 0.0063 0.0138
3 0.4656 0.5787 0.0063 0.0138
3 0.4731 0.5794 0.0087 0.0150
3 0.4813 0.5787 0.0063 0.0138
3 0.4875 0.5800 0.0063 0.0163
3 0.4947 0.5791 0.0050 0.0112
3 0.5078 0.5756 0.0063 0.0138
3 0.5141 0.5787 0.0063 0.0138
3 0.5219 0.5791 0.0063 0.0112
3 0.5275 0.5787 0.0050 0.0138
3 0.5353 0.5797 0.0050 0.0125
3 0.2541 0.6791 0.0175 0.0362
3 0.3494 0.6481 0.0175 0.0275
3 0.3644 0.5516 0.0100 0.0125
3 0.3303 0.5138 0.0325 0.0400
3 0.5437 0.5450 0.0063 0.0150
3 0.4266 0.5500 0.0125 0.0063
3 0.5069 0.5422 0.0075 0.0125
3 0.5009 0.5422 0.0050 0.0125
3 0.4938 0.5394 0.0063 0.0100
3 0.4272 0.4744 0.0138 0.0050
3 0.4272 0.4813 0.0138 0.0063
3 0.4244 0.4906 0.0112 0.0063
3 0.4266 0.4994 0.0125 0.0050
3 0.4256 0.5072 0.0138 0.0050
3 0.4272 0.5141 0.0138 0.0063
3 0.4275 0.5203 0.0112 0.0063
3 0.4269 0.5275 0.0100 0.0050
3 0.4266 0.5359 0.0125 0.0063
3 0.4275 0.5437 0.0112 0.0063
3 0.3856 0.4947 0.0150 0.0112
3 0.3825 0.5012 0.0150 0.0087
3 0.3803 0.5103 0.0138 0.0050
3 0.3812 0.5156 0.0125 0.0063
3 0.3828 0.5241 0.0125 0.0075
3 0.3844 0.5291 0.0125 0.0112
3 0.3894 0.5344 0.0100 0.0125
3 0.4022 0.5413 0.0075 0.0138
3 0.4084 0.5419 0.0075 0.0150
3 0.4150 0.5459 0.0050 0.0138
3 0.4131 0.7072 0.0075 0.0112
3 0.4006 0.7047 0.0075 0.0125
3 0.1556 0.7397 0.0175 0.0138
3 0.1372 0.7681 0.0212 0.0175
3 0.5331 0.8478 0.0100 0.0050
3 0.5322 0.8641 0.0112 0.0063
3 0.5338 0.8713 0.0112 0.0050
3 0.5312 0.8797 0.0125 0.0063
3 0.5344 0.8881 0.0125 0.0075
3 0.5328 0.8947 0.0125 0.0050
3 0.5328 0.9025 0.0125 0.0050
3 0.5316 0.9144 0.0100 0.0037
3 0.4681 0.9041 0.0050 0.0112
3 0.4813 0.9041 0.0063 0.0112
3 0.4869 0.9156 0.0050 0.0125
3 0.4744 0.9187 0.0050 0.0125
3 0.5103 0.9266 0.0112 0.0125
3 0.5188 0.9437 0.0063 0.0125
3 0.2922 0.9516 0.0063 0.0125
3 0.2844 0.9734 0.0063 0.0125
3 0.2913 0.9669 0.0075 0.0150
3 0.5334 0.8328 0.0138 0.0063
3 0.5344 0.8250 0.0125 0.0063
3 0.5344 0.8181 0.0125 0.0050
3 0.4697 0.7900 0.0050 0.0112
3 0.2225 0.8778 0.0263 0.0212
3 0.2281 0.8675 0.0250 0.0225
3 0.4984 0.8156 0.0063 0.0125
3 0.4912 0.8166 0.0075 0.0112
3 0.4828 0.8156 0.0063 0.0125
3 0.4775 0.8156 0.0050 0.0125
3 0.4594 0.8088 0.0125 0.0050
3 0.4588 0.8016 0.0112 0.0063
3 0.4600 0.7937 0.0138 0.0063
3 0.4594 0.7859 0.0125 0.0063
3 0.4791 0.7906 0.0050 0.0125
3 0.5328 0.8078 0.0125 0.0125
3 0.4853 0.7900 0.0050 0.0112
3 0.4928 0.7875 0.0075 0.0125
3 0.5000 0.7913 0.0063 0.0138
3 0.5078 0.7913 0.0063 0.0138
3 0.5088 0.8022 0.0112 0.0075
3 0.5156 0.7831 0.0063 0.0100
3 0.4906 0.7697 0.0125 0.0050
3 0.5037 0.7697 0.0138 0.0050
3 0.5325 0.7844 0.0087 0.0125
3 0.5331 0.7953 0.0100 0.0125
3 0.5375 0.5431 0.0063 0.0112
3 0.3919 0.4897 0.0150 0.0138
3 0.6528 0.7019 0.0087 0.0163
3 0.5728 0.5794 0.0050 0.0150
3 0.5672 0.5797 0.0063 0.0125
3 0.5609 0.5787 0.0063 0.0138
3 0.5531 0.5787 0.0063 0.0138
3 0.6144 0.4947 0.0100 0.0112
3 0.6019 0.4862 0.0100 0.0100
3 0.7959 0.5631 0.0138 0.0138
3 0.8069 0.4731 0.0075 0.0150
3 0.7266 0.5197 0.0125 0.0112
3 0.7309 0.5103 0.0150 0.0112
3 0.7353 0.5050 0.0112 0.0100
3 0.7391 0.4994 0.0125 0.0112
3 0.7422 0.4947 0.0125 0.0112
3 0.7469 0.4900 0.0125 0.0112
3 0.7516 0.4844 0.0125 0.0125
3 0.7556 0.4769 0.0112 0.0100
3 0.7600 0.4738 0.0138 0.0100
3 0.7981 0.4275 0.0150 0.0112
3 0.8022 0.4228 0.0138 0.0112
3 0.8047 0.4166 0.0125 0.0112
3 0.8088 0.4097 0.0112 0.0100
3 0.8150 0.4041 0.0112 0.0112
3 0.8203 0.3972 0.0125 0.0100
3 0.6188 0.5794 0.0063 0.0150
3 0.8353 0.6994 0.0050 0.0112
3 0.3975 0.4831 0.0138 0.0100
3 0.6141 0.7709 0.0125 0.0075
3 0.8234 0.9828 0.0125 0.0063
3 0.8259 0.9650 0.0112 0.0050
3 0.8256 0.9563 0.0138 0.0063
3 0.6634 0.9275 0.0112 0.0050
3 0.6625 0.8975 0.0125 0.0138
3 0.6631 0.8891 0.0138 0.0125
3 0.6622 0.8766 0.0150 0.0125
3 0.7812 0.8931 0.0125 0.0112
3 0.7816 0.8722 0.0163 0.0163
3 0.7144 0.8000 0.0163 0.0063
3 0.6169 0.7913 0.0087 0.0138
3 0.8709 0.4516 0.0138 0.0125
3 0.9350 0.4634 0.0138 0.0050
3 0.9369 0.4391 0.0112 0.0063
3 0.8412 0.3703 0.0138 0.0125
3 0.7344 0.0228 0.0125 0.0112
3 0.7381 0.0150 0.0138 0.0112
3 0.7428 0.0078 0.0138 0.0125
3 0.5763 0.0622 0.0150 0.0150
3 0.5281 0.1281 0.0125 0.0125
3 0.4588 0.3309 0.0112 0.0087
3 0.4541 0.3378 0.0112 0.0100
3 0.4494 0.3441 0.0112 0.0100
3 0.4444 0.3519 0.0138 0.0100
3 0.4391 0.3581 0.0125 0.0100
3 0.4956 0.4650 0.0100 0.0112
3 0.4813 0.4763 0.0125 0.0087
3 0.4259 0.4556 0.0112 0.0050
3 0.4281 0.4478 0.0125 0.0050
3 0.4275 0.4400 0.0112 0.0050
3 0.4297 0.4338 0.0125 0.0050
3 0.4188 0.4434 0.0063 0.0150
3 0.4156 0.4537 0.0125 0.0138
3 0.4272 0.4625 0.0138 0.0063
3 0.4106 0.4588 0.0150 0.0112
3 0.4069 0.4650 0.0138 0.0112
3 0.4037 0.4713 0.0138 0.0112
3 0.3991 0.4775 0.0138 0.0112
3 0.6719 0.1000 0.0125 0.0125
3 0.8594 0.3469 0.0125 0.0125
3 0.8553 0.3525 0.0138 0.0112
3 0.8500 0.3588 0.0125 0.0112
3 0.7294 0.0287 0.0150 0.0138
3 0.7256 0.0353 0.0138 0.0112
3 0.7206 0.0422 0.0163 0.0125
3 0.7156 0.0528 0.0187 0.0150
3 0.7125 0.0594 0.0125 0.0125
3 0.7094 0.0666 0.0125 0.0112
3 0.6850 0.0828 0.0138 0.0125
3 0.6241 0.1062 0.0138 0.0125
3 0.9531 0.1691 0.0125 0.0100
3 0.6228 0.1134 0.0112 0.0112
3 0.6194 0.1191 0.0075 0.0100
3 0.6144 0.1256 0.0100 0.0138
3 0.6075 0.1297 0.0087 0.0125
3 0.5881 0.1556 0.0138 0.0112
3 0.9019 0.2513 0.0100 0.0087
3 0.9844 0.1975 0.0063 0.0138
3 0.9853 0.1691 0.0050 0.0100
3 0.9844 0.1556 0.0063 0.0112
3 0.9603 0.1656 0.0175 0.0125
3 0.6091 0.4894 0.0087 0.0100
3 0.5069 0.8159 0.0075 0.0100
