3 0.1366 0.9678 0.0075 0.0138
3 0.2166 0.9713 0.0050 0.0112
3 0.2000 0.9766 0.0063 0.0125
3 0.1938 0.9619 0.0063 0.0112
3 0.2022 0.9600 0.0075 0.0138
3 0.2094 0.9584 0.0063 0.0138
3 0.2316 0.9313 0.0100 0.0063
3 0.2303 0.9437 0.0138 0.0063
3 0.1241 0.9863 0.0075 0.0163
3 0.1163 0.9869 0.0075 0.0175
3 0.2172 0.9600 0.0063 0.0138
3 0.5825 0.9184 0.0087 0.0150
3 0.5772 0.8881 0.0075 0.0138
3 0.3281 0.8756 0.0125 0.0075
3 0.0684 0.0216 0.0150 0.0087
3 0.0231 0.0872 0.0150 0.0087
3 0.0462 0.0469 0.0112 0.0125
3 0.0444 0.0366 0.0138 0.0138
3 0.0425 0.0294 0.0163 0.0150
3 0.0406 0.0219 0.0125 0.0125
3 0.0391 0.0147 0.0125 0.0138
3 0.0669 0.0138 0.0150 0.0087
3 0.0709 0.0281 0.0138 0.0063
3 0.0688 0.9922 0.0063 0.0125
3 0.0709 0.0356 0.0138 0.0087
3 0.0731 0.0431 0.0150 0.0050
3 0.0669 0.0075 0.0150 0.0087
3 0.0206 0.0731 0.0163 0.0087
3 0.0169 0.0647 0.0150 0.0075
3 0.0159 0.0575 0.0163 0.0087
3 0.0134 0.0444 0.0175 0.0075
3 0.0616 0.9938 0.0075 0.0125
3 0.1150 0.9375 0.0050 0.0125
3 0.1219 0.9366 0.0063 0.0138
3 0.1281 0.9359 0.0063 0.0125
3 0.1484 0.9328 0.0063 0.0125
3 0.1556 0.9313 0.0050 0.0125
3 0.1719 0.9275 0.0063 0.0112
3 0.1781 0.9281 0.0063 0.0125
3 0.1859 0.9278 0.0063 0.0150
3 0.2031 0.9266 0.0063 0.0125
3 0.2100 0.9247 0.0075 0.0150
3 0.0900 0.3741 0.0112 0.0138
3 0.0172 0.3441 0.0063 0.0100
3 0.0078 0.1859 0.0125 0.0125
3 0.0272 0.1184 0.0200 0.0087
3 0.7572 0.0728 0.0175 0.0300
3 0.8444 0.3494 0.0200 0.0112
3 0.0391 0.0078 0.0187 0.0125
3 0.1375 0.9834 0.0063 0.0138
3 0.1319 0.9841 0.0075 0.0150
3 0.2331 0.9216 0.0163 0.0087
