3 0.8331 0.7228 0.0225 0.0425
3 0.8403 0.8491 0.0150 0.0263
3 0.7838 0.0378 0.0112 0.0225
3 0.8000 0.0250 0.0125 0.0250
3 0.7831 0.0713 0.0100 0.0238
3 0.7987 0.1275 0.0100 0.0238
3 0.8166 0.1422 0.0112 0.0187
3 0.8891 0.1888 0.0125 0.0275
3 0.8025 0.2169 0.0112 0.0275
3 0.6841 0.8434 0.0212 0.0338
3 0.8406 0.6816 0.0125 0.0225
3 0.8181 0.5988 0.0112 0.0287
3 0.4578 0.3966 0.0187 0.0275
3 0.8150 0.0150 0.0112 0.0238
3 0.8003 0.0625 0.0100 0.0187
3 0.7972 0.0906 0.0100 0.0250
3 0.7838 0.1141 0.0112 0.0250
3 0.7975 0.1759 0.0138 0.0238
3 0.4044 0.0819 0.0150 0.0263
