3 0.1772 0.9669 0.0138 0.0150
3 0.1591 0.9825 0.0150 0.0150
3 0.1675 0.9784 0.0163 0.0163
3 0.1825 0.9628 0.0150 0.0163
3 0.1153 0.9912 0.0150 0.0138
3 0.1884 0.9572 0.0175 0.0175
3 0.1084 0.9969 0.0138 0.0063
3 0.1237 0.9781 0.0163 0.0125
3 0.3769 0.9512 0.0100 0.0150
3 0.4453 0.7931 0.0125 0.0175
3 0.3850 0.8166 0.0138 0.0175
3 0.3944 0.8125 0.0138 0.0187
3 0.4006 0.8088 0.0138 0.0175
3 0.4094 0.8056 0.0125 0.0175
3 0.4156 0.8041 0.0125 0.0175
3 0.4234 0.8006 0.0125 0.0200
3 0.4356 0.7953 0.0150 0.0187
3 0.4550 0.7894 0.0163 0.0163
3 0.1263 0.9672 0.0150 0.0125
3 0.4662 0.7863 0.0138 0.0163
3 0.4756 0.7812 0.0138 0.0187
3 0.4831 0.7803 0.0163 0.0200
3 0.4919 0.7781 0.0150 0.0187
3 0.5019 0.7756 0.0163 0.0200
3 0.5344 0.7650 0.0125 0.0175
3 0.3994 0.8847 0.0112 0.0163
3 0.3794 0.8187 0.0150 0.0187
3 0.3725 0.8197 0.0138 0.0175
3 0.3656 0.8244 0.0125 0.0175
3 0.3578 0.8259 0.0125 0.0175
3 0.1325 0.9631 0.0150 0.0138
3 0.1363 0.9575 0.0163 0.0150
3 0.1481 0.9450 0.0150 0.0150
3 0.1556 0.9344 0.0175 0.0125
3 0.1613 0.9278 0.0163 0.0150
3 0.1681 0.9231 0.0175 0.0150
3 0.1728 0.9181 0.0175 0.0175
3 0.2894 0.8488 0.0100 0.0163
3 0.2991 0.8453 0.0138 0.0187
3 0.3056 0.8431 0.0112 0.0175
3 0.3156 0.8425 0.0125 0.0163
3 0.3287 0.8369 0.0138 0.0175
3 0.3359 0.8344 0.0125 0.0187
3 0.3431 0.8313 0.0112 0.0187
3 0.3513 0.8297 0.0150 0.0187
3 0.3728 0.9378 0.0112 0.0163
3 0.3822 0.9666 0.0112 0.0175
3 0.4222 0.8847 0.0100 0.0163
3 0.4284 0.8794 0.0100 0.0150
3 0.5237 0.8934 0.0100 0.0150
3 0.4372 0.8803 0.0087 0.0138
3 0.4419 0.8700 0.0087 0.0150
3 0.4481 0.8678 0.0087 0.0138
3 0.4544 0.8662 0.0087 0.0138
3 0.4666 0.8600 0.0112 0.0138
3 0.4747 0.8550 0.0087 0.0163
3 0.5034 0.8538 0.0100 0.0138
3 0.4437 0.9947 0.0063 0.0112
3 0.4369 0.9919 0.0112 0.0150
3 0.4428 0.9844 0.0075 0.0125
3 0.4144 0.9297 0.0100 0.0125
3 0.4213 0.9300 0.0112 0.0163
3 0.4191 0.9412 0.0100 0.0138
3 0.4269 0.9412 0.0100 0.0138
3 0.4216 0.9531 0.0087 0.0125
3 0.4316 0.9553 0.0100 0.0138
3 0.4378 0.9694 0.0100 0.0138
3 0.4263 0.9656 0.0087 0.0125
3 0.4331 0.9794 0.0100 0.0150
3 0.5094 0.8691 0.0125 0.0163
3 0.5175 0.8969 0.0100 0.0125
3 0.3844 0.9794 0.0125 0.0150
3 0.4394 0.8919 0.0100 0.0150
3 0.4275 0.8994 0.0112 0.0175
3 0.4322 0.9128 0.0112 0.0163
3 0.4353 0.9278 0.0112 0.0150
3 0.4416 0.9419 0.0112 0.0150
3 0.4456 0.9547 0.0100 0.0125
3 0.4338 0.8938 0.0112 0.0125
3 0.4456 0.8838 0.0100 0.0175
3 0.5216 0.9100 0.0087 0.0138
3 0.4528 0.8822 0.0087 0.0175
3 0.4588 0.8791 0.0112 0.0175
3 0.4637 0.8725 0.0087 0.0138
3 0.4706 0.8744 0.0100 0.0175
3 0.4784 0.8716 0.0100 0.0150
3 0.4906 0.8766 0.0125 0.0187
3 0.4956 0.8912 0.0100 0.0138
3 0.5294 0.9062 0.0087 0.0125
3 0.5262 0.9219 0.0087 0.0125
3 0.5325 0.9187 0.0087 0.0125
3 0.5316 0.9356 0.0100 0.0150
3 0.5394 0.9347 0.0100 0.0163
3 0.5437 0.9475 0.0063 0.0138
3 0.5353 0.9491 0.0112 0.0138
3 0.5394 0.9628 0.0100 0.0163
3 0.5494 0.9722 0.0112 0.0163
3 0.5431 0.9784 0.0112 0.0163
3 0.5550 0.9872 0.0100 0.0150
3 0.5487 0.9906 0.0100 0.0125
3 0.5500 0.9969 0.0063 0.0063
3 0.5569 0.9978 0.0075 0.0050
3 0.4300 0.9947 0.0100 0.0112
3 0.4097 0.9150 0.0100 0.0175
3 0.3875 0.9378 0.0125 0.0163
3 0.4184 0.9163 0.0087 0.0138
3 0.3956 0.9363 0.0100 0.0163
3 0.4019 0.9363 0.0100 0.0163
3 0.3925 0.9512 0.0100 0.0150
3 0.4009 0.9512 0.0112 0.0150
3 0.4075 0.9488 0.0087 0.0163
3 0.3962 0.9637 0.0112 0.0150
3 0.4050 0.9634 0.0100 0.0175
3 0.3972 0.9919 0.0100 0.0150
3 0.3956 0.9769 0.0100 0.0163
3 0.3888 0.9641 0.0087 0.0125
3 0.3862 0.9497 0.0100 0.0150
3 0.3900 0.9925 0.0112 0.0163
3 0.3769 0.9231 0.0100 0.0150
3 0.3831 0.9244 0.0100 0.0175
3 0.3909 0.9225 0.0100 0.0138
3 0.3972 0.9209 0.0100 0.0138
3 0.3809 0.9381 0.0087 0.0138
3 0.4119 0.9619 0.0112 0.0175
3 0.4159 0.9550 0.0100 0.0163
3 0.4206 0.9694 0.0100 0.0138
3 0.4241 0.9950 0.0075 0.0087
3 0.4019 0.8991 0.0100 0.0138
3 0.4081 0.8900 0.0100 0.0175
3 0.4169 0.8919 0.0087 0.0150
3 0.4144 0.9044 0.0100 0.0150
3 0.4025 0.9797 0.0112 0.0187
3 0.4091 0.9784 0.0087 0.0163
3 0.4159 0.9769 0.0100 0.0163
3 0.4075 0.9922 0.0087 0.0125
3 0.4150 0.9897 0.0112 0.0138
3 0.4206 0.9881 0.0100 0.0138
3 0.4275 0.9831 0.0112 0.0163
3 0.4162 0.9969 0.0075 0.0063
3 0.4375 0.9066 0.0125 0.0163
3 0.7869 0.9022 0.0175 0.0325
3 0.7303 0.7181 0.0263 0.0362
3 0.7350 0.7047 0.0325 0.0500
3 0.7472 0.7019 0.0225 0.0412
3 0.8187 0.9856 0.0250 0.0275
3 0.8375 0.9772 0.0312 0.0450
3 0.8025 0.9437 0.0175 0.0312
3 0.7775 0.8656 0.0238 0.0312
3 0.9866 0.6344 0.0263 0.0563
3 0.7512 0.8175 0.0212 0.0287
3 0.7688 0.7806 0.0187 0.0300
3 0.7819 0.8428 0.0200 0.0387
3 0.9247 0.6512 0.0275 0.0525
3 0.8281 0.6725 0.0250 0.0450
3 0.9372 0.6453 0.0275 0.0563
3 0.9503 0.6416 0.0225 0.0550
3 0.7112 0.7197 0.0287 0.0488
3 0.6778 0.7263 0.0275 0.0525
3 0.6925 0.7256 0.0287 0.0512
3 0.6672 0.7372 0.0250 0.0462
3 0.6641 0.8725 0.0312 0.0512
3 0.7366 0.9947 0.0200 0.0112
3 0.7519 0.9925 0.0163 0.0163
3 0.6516 0.7378 0.0250 0.0412
3 0.6238 0.7475 0.0225 0.0512
3 0.9666 0.6384 0.0238 0.0550
3 0.4997 0.9019 0.0087 0.0100
3 0.4456 0.9044 0.0100 0.0150
3 0.4456 0.9738 0.0100 0.0163
3 0.4684 0.9959 0.0087 0.0075
3 0.4738 0.9956 0.0100 0.0100
3 0.4838 0.9938 0.0112 0.0125
3 0.4884 0.9928 0.0112 0.0138
3 0.5003 0.9956 0.0100 0.0100
3 0.5178 0.9950 0.0075 0.0087
3 0.5084 0.9969 0.0075 0.0063
3 0.4956 0.9859 0.0100 0.0125
3 0.5266 0.9803 0.0125 0.0138
3 0.5394 0.9928 0.0100 0.0138
3 0.5300 0.9919 0.0100 0.0150
3 0.5197 0.9838 0.0112 0.0175
3 0.5125 0.9869 0.0125 0.0175
3 0.5066 0.9891 0.0100 0.0125
3 0.9231 0.2016 0.0150 0.0063
3 0.7150 0.9534 0.0112 0.0163
3 0.5878 0.9484 0.0100 0.0125
3 0.5925 0.9628 0.0100 0.0163
3 0.5963 0.9759 0.0112 0.0175
3 0.6016 0.9897 0.0125 0.0138
3 0.6044 0.9959 0.0087 0.0075
3 0.5872 0.1656 0.0150 0.0125
3 0.6241 0.1462 0.0138 0.0112
3 0.5744 0.1550 0.0175 0.0100
3 0.8994 0.1766 0.0175 0.0125
3 0.9175 0.1784 0.0163 0.0100
3 0.9022 0.1837 0.0200 0.0112
3 0.9041 0.1906 0.0175 0.0125
3 0.9059 0.1988 0.0150 0.0100
3 0.5844 0.9363 0.0125 0.0163
3 0.5791 0.9247 0.0112 0.0150
3 0.5756 0.9109 0.0138 0.0187
3 0.5725 0.8972 0.0138 0.0163
3 0.5634 0.8694 0.0112 0.0200
3 0.5656 0.8841 0.0125 0.0150
3 0.4906 0.9719 0.0125 0.0187
3 0.4853 0.9794 0.0112 0.0150
3 0.4781 0.9794 0.0125 0.0150
3 0.4637 0.8956 0.0087 0.0163
3 0.4431 0.9234 0.0112 0.0187
3 0.4487 0.9191 0.0100 0.0163
3 0.4487 0.8981 0.0100 0.0150
3 0.4575 0.8969 0.0087 0.0125
3 0.4728 0.8981 0.0112 0.0150
3 0.4716 0.9853 0.0087 0.0112
3 0.4772 0.8838 0.0075 0.0112
3 0.4831 0.8841 0.0100 0.0150
3 0.4900 0.8981 0.0112 0.0150
3 0.4816 0.8972 0.0100 0.0163
3 0.4947 0.9122 0.0112 0.0150
3 0.5034 0.9141 0.0100 0.0125
3 0.5075 0.9266 0.0087 0.0125
3 0.4500 0.9700 0.0125 0.0150
3 0.4503 0.9872 0.0100 0.0150
3 0.4572 0.9841 0.0112 0.0150
3 0.4516 0.9969 0.0063 0.0063
3 0.4581 0.9956 0.0100 0.0100
3 0.4566 0.9122 0.0100 0.0150
3 0.4625 0.9113 0.0125 0.0163
3 0.4719 0.9169 0.0125 0.0150
3 0.4478 0.9369 0.0112 0.0175
3 0.4722 0.9369 0.0100 0.0175
3 0.4516 0.9516 0.0063 0.0125
3 0.4578 0.9469 0.0063 0.0125
3 0.4700 0.9537 0.0087 0.0138
3 0.4769 0.9544 0.0100 0.0150
3 0.4856 0.9547 0.0087 0.0125
3 0.4950 0.9622 0.0087 0.0150
3 0.5019 0.9753 0.0100 0.0163
3 0.4562 0.9616 0.0063 0.0138
3 0.4631 0.9606 0.0075 0.0150
3 0.4700 0.9734 0.0087 0.0125
3 0.4738 0.9669 0.0100 0.0150
3 0.4816 0.9681 0.0100 0.0112
3 0.4612 0.9766 0.0100 0.0125
3 0.4637 0.9866 0.0087 0.0138
3 0.4644 0.9409 0.0100 0.0163
3 0.4550 0.9338 0.0100 0.0175
3 0.4691 0.9041 0.0100 0.0112
3 0.4666 0.9231 0.0112 0.0150
3 0.4784 0.9100 0.0100 0.0138
3 0.4884 0.9150 0.0112 0.0175
3 0.4925 0.9272 0.0100 0.0138
3 0.5012 0.9234 0.0087 0.0125
3 0.4850 0.9291 0.0138 0.0238
3 0.4769 0.9287 0.0100 0.0138
3 0.4825 0.9419 0.0087 0.0150
3 0.4925 0.9475 0.0100 0.0138
3 0.4956 0.9397 0.0100 0.0138
3 0.5025 0.9359 0.0112 0.0125
3 0.5119 0.9372 0.0112 0.0150
3 0.5150 0.9534 0.0112 0.0163
3 0.5062 0.9566 0.0125 0.0163
3 0.5081 0.9706 0.0100 0.0163
3 0.4603 0.9266 0.0112 0.0125
3 0.9206 0.1950 0.0163 0.0087
3 0.9262 0.2100 0.0150 0.0075
3 0.9081 0.2081 0.0163 0.0100
3 0.7700 0.3463 0.0087 0.0175
3 0.7494 0.3547 0.0112 0.0187
3 0.7275 0.3603 0.0112 0.0175
3 0.7150 0.3666 0.0112 0.0175
3 0.6984 0.3734 0.0125 0.0187
3 0.6850 0.3744 0.0138 0.0175
3 0.8156 0.3422 0.0187 0.0125
3 0.8094 0.3181 0.0187 0.0112
3 0.8050 0.3109 0.0163 0.0125
3 0.7969 0.3003 0.0125 0.0163
3 0.9125 0.2156 0.0187 0.0125
3 0.9119 0.2234 0.0175 0.0125
3 0.9166 0.2328 0.0175 0.0125
3 0.9206 0.2400 0.0163 0.0112
3 0.9266 0.2594 0.0187 0.0125
3 0.9294 0.2681 0.0150 0.0112
3 0.6997 0.3334 0.0150 0.0200
3 0.7122 0.3312 0.0150 0.0187
3 0.7234 0.3244 0.0125 0.0175
3 0.7378 0.3231 0.0100 0.0150
3 0.7447 0.3181 0.0112 0.0175
3 0.7541 0.3175 0.0112 0.0163
3 0.7628 0.3138 0.0100 0.0150
3 0.7706 0.3106 0.0100 0.0150
3 0.7775 0.3066 0.0112 0.0163
3 0.7600 0.8131 0.0138 0.0263
3 0.7941 0.8775 0.0163 0.0300
