3 0.0387 0.9022 0.0212 0.0325
3 0.0688 0.9856 0.0250 0.0275
3 0.0875 0.9772 0.0312 0.0450
3 0.0537 0.9384 0.0325 0.0425
3 0.0275 0.8656 0.0238 0.0312
3 0.2375 0.6331 0.0375 0.0600
3 0.0059 0.8175 0.0087 0.0287
3 0.0194 0.7816 0.0200 0.0287
3 0.0294 0.8419 0.0212 0.0400
3 0.1759 0.6516 0.0362 0.0625
3 0.0788 0.6687 0.0325 0.0500
3 0.1903 0.6475 0.0338 0.0638
3 0.2034 0.6453 0.0350 0.0625
3 0.0059 0.9925 0.0087 0.0163
3 0.2181 0.6406 0.0362 0.0625
3 0.2547 0.6309 0.0375 0.0650
3 0.2697 0.6259 0.0362 0.0675
3 0.2825 0.6188 0.0338 0.0625
3 0.2956 0.6156 0.0350 0.0625
3 0.3091 0.6112 0.0338 0.0663
3 0.3247 0.6062 0.0338 0.0625
3 0.1731 0.2016 0.0150 0.0063
3 0.1494 0.1766 0.0175 0.0125
3 0.1675 0.1784 0.0163 0.0100
3 0.1522 0.1837 0.0200 0.0112
3 0.1541 0.1906 0.0175 0.0125
3 0.1559 0.1988 0.0150 0.0100
3 0.1706 0.1950 0.0163 0.0087
3 0.1762 0.2100 0.0150 0.0075
3 0.1581 0.2081 0.0163 0.0100
3 0.0187 0.3469 0.0125 0.0187
3 0.0656 0.3422 0.0187 0.0125
3 0.0594 0.3181 0.0187 0.0112
3 0.0550 0.3109 0.0163 0.0125
3 0.0469 0.3003 0.0125 0.0163
3 0.1625 0.2156 0.0187 0.0125
3 0.1619 0.2234 0.0175 0.0125
3 0.1666 0.2328 0.0175 0.0125
3 0.1706 0.2400 0.0163 0.0112
3 0.1766 0.2594 0.0187 0.0125
3 0.1794 0.2681 0.0150 0.0112
3 0.0059 0.3175 0.0087 0.0163
3 0.0128 0.3138 0.0100 0.0150
3 0.0206 0.3106 0.0100 0.0150
3 0.0275 0.3066 0.0112 0.0163
3 0.0431 0.8738 0.0175 0.0287
