3 0.6350 0.2694 0.0575 0.0325
3 0.7459 0.2787 0.0512 0.0263
3 0.9075 0.4634 0.0150 0.0050
3 0.9088 0.4562 0.0175 0.0063
3 0.9122 0.4338 0.0150 0.0050
3 0.9128 0.4281 0.0163 0.0063
3 0.9006 0.4928 0.0200 0.0075
3 0.8991 0.5012 0.0200 0.0087
3 0.8828 0.4138 0.0187 0.0087
3 0.8784 0.4244 0.0163 0.0050
3 0.8781 0.4353 0.0125 0.0050
3 0.8772 0.4444 0.0138 0.0075
3 0.8738 0.4531 0.0163 0.0063
3 0.8728 0.4609 0.0175 0.0063
3 0.8669 0.4259 0.0150 0.0050
3 0.8625 0.4322 0.0187 0.0050
3 0.8606 0.4406 0.0150 0.0063
3 0.9181 0.4116 0.0175 0.0075
3 0.9166 0.4200 0.0175 0.0087
3 0.9113 0.4444 0.0163 0.0075
3 0.9106 0.4487 0.0150 0.0037
3 0.5744 0.1459 0.0112 0.0200
3 0.4447 0.0834 0.0175 0.0138
3 0.4681 0.0122 0.0175 0.0087
3 0.4681 0.0200 0.0175 0.0087
3 0.4716 0.0263 0.0150 0.0087
3 0.4731 0.0331 0.0150 0.0100
3 0.4409 0.0644 0.0163 0.0100
3 0.4738 0.0488 0.0163 0.0100
3 0.4428 0.0747 0.0138 0.0087
3 0.4475 0.0903 0.0138 0.0087
3 0.4506 0.1003 0.0138 0.0037
3 0.4487 0.1094 0.0163 0.0125
3 0.4522 0.1172 0.0138 0.0063
3 0.4513 0.1250 0.0150 0.0063
3 0.5613 0.1137 0.0100 0.0150
3 0.5713 0.1081 0.0112 0.0163
3 0.5378 0.1569 0.0100 0.0138
3 0.4631 0.0034 0.0200 0.0037
3 0.4316 0.0256 0.0163 0.0075
3 0.4306 0.0184 0.0175 0.0087
3 0.4287 0.0075 0.0138 0.0087
3 0.9025 0.4794 0.0175 0.0087
3 0.8722 0.4731 0.0163 0.0087
3 0.8287 0.4562 0.0200 0.0063
3 0.8231 0.6456 0.0150 0.0100
3 0.8284 0.6278 0.0163 0.0087
3 0.8434 0.6309 0.0150 0.0087
3 0.8272 0.6353 0.0138 0.0050
3 0.8425 0.6375 0.0163 0.0063
3 0.8231 0.6391 0.0150 0.0063
3 0.8375 0.6438 0.0125 0.0063
3 0.8363 0.6531 0.0163 0.0063
3 0.8187 0.6569 0.0125 0.0075
3 0.8266 0.4688 0.0187 0.0063
3 0.8363 0.6616 0.0163 0.0075
3 0.8178 0.6625 0.0138 0.0063
3 0.8347 0.6678 0.0163 0.0075
3 0.8334 0.6747 0.0138 0.0087
3 0.8178 0.6719 0.0138 0.0063
3 0.8172 0.6806 0.0125 0.0050
3 0.8159 0.6859 0.0163 0.0063
3 0.8456 0.6231 0.0163 0.0087
3 0.8300 0.6188 0.0163 0.0063
3 0.7825 0.7131 0.0150 0.0075
3 0.7800 0.7200 0.0163 0.0087
3 0.7869 0.6663 0.0175 0.0075
3 0.7869 0.6741 0.0175 0.0075
3 0.7866 0.6813 0.0138 0.0063
3 0.7722 0.6784 0.0163 0.0100
3 0.7838 0.6897 0.0175 0.0075
3 0.7700 0.6937 0.0150 0.0063
3 0.7863 0.6987 0.0163 0.0100
3 0.7678 0.7016 0.0138 0.0063
3 0.7825 0.7063 0.0150 0.0063
3 0.7650 0.7069 0.0175 0.0075
3 0.7647 0.7147 0.0138 0.0075
3 0.7622 0.7225 0.0150 0.0075
3 0.7612 0.7316 0.0163 0.0100
3 0.7784 0.7350 0.0163 0.0075
3 0.7794 0.7266 0.0150 0.0063
3 0.8325 0.6825 0.0150 0.0087
3 0.8319 0.6912 0.0138 0.0075
3 0.8297 0.6966 0.0187 0.0087
3 0.8356 0.5825 0.0150 0.0087
3 0.8363 0.5753 0.0163 0.0100
3 0.8416 0.5672 0.0175 0.0063
3 0.8394 0.5588 0.0163 0.0050
3 0.8575 0.5637 0.0150 0.0087
3 0.8578 0.5569 0.0125 0.0075
3 0.8425 0.5519 0.0163 0.0100
3 0.8441 0.5375 0.0163 0.0063
3 0.8625 0.5325 0.0187 0.0087
3 0.8613 0.5413 0.0163 0.0075
3 0.8619 0.5506 0.0175 0.0075
3 0.8891 0.5525 0.0187 0.0050
3 0.8878 0.5594 0.0163 0.0063
3 0.8875 0.5669 0.0187 0.0087
3 0.8838 0.5750 0.0175 0.0063
3 0.8822 0.5813 0.0175 0.0063
3 0.8528 0.5763 0.0150 0.0087
3 0.7878 0.5763 0.0163 0.0087
3 0.8141 0.6944 0.0125 0.0075
3 0.8088 0.5781 0.0175 0.0063
3 0.8287 0.7050 0.0200 0.0100
3 0.8116 0.7094 0.0138 0.0063
3 0.8269 0.7125 0.0163 0.0063
3 0.8262 0.7213 0.0150 0.0050
3 0.8100 0.7156 0.0138 0.0063
3 0.8091 0.7234 0.0150 0.0063
3 0.8247 0.7259 0.0150 0.0050
3 0.8069 0.7312 0.0138 0.0063
3 0.8231 0.7331 0.0150 0.0100
3 0.8072 0.7397 0.0175 0.0075
3 0.8231 0.7438 0.0150 0.0063
3 0.7322 0.5625 0.0175 0.0063
3 0.7619 0.5687 0.0175 0.0063
3 0.7919 0.5666 0.0150 0.0050
3 0.8088 0.5687 0.0175 0.0063
3 0.5456 0.1562 0.0163 0.0187
3 0.5922 0.1387 0.0125 0.0150
3 0.8619 0.7109 0.0175 0.0063
3 0.2600 0.1350 0.0075 0.0138
3 0.2409 0.4694 0.0163 0.0075
3 0.2231 0.4769 0.0150 0.0100
3 0.4556 0.8053 0.0112 0.0200
3 0.2581 0.4644 0.0163 0.0100
3 0.2766 0.4441 0.0125 0.0163
3 0.2544 0.4194 0.0150 0.0138
3 0.2822 0.4278 0.0112 0.0150
3 0.2631 0.1550 0.0075 0.0163
3 0.2684 0.1775 0.0087 0.0175
3 0.2766 0.2191 0.0125 0.0163
3 0.2816 0.2394 0.0100 0.0163
3 0.2819 0.2562 0.0075 0.0125
3 0.2878 0.2747 0.0100 0.0150
3 0.2919 0.2919 0.0087 0.0150
3 0.2944 0.3047 0.0075 0.0125
3 0.2762 0.2991 0.0087 0.0200
3 0.2972 0.3222 0.0100 0.0163
3 0.3013 0.3378 0.0087 0.0163
3 0.2997 0.3544 0.0087 0.0150
3 0.3000 0.3753 0.0125 0.0163
3 0.2938 0.3987 0.0125 0.0163
3 0.2875 0.4128 0.0125 0.0163
3 0.8575 0.7250 0.0150 0.0063
3 0.7638 0.7628 0.0087 0.0163
3 0.7469 0.7594 0.0063 0.0125
3 0.6753 0.7169 0.0163 0.0087
3 0.6744 0.7244 0.0175 0.0050
3 0.6759 0.7075 0.0175 0.0087
3 0.8319 0.6112 0.0200 0.0100
3 0.6803 0.6931 0.0138 0.0050
3 0.6825 0.6850 0.0150 0.0075
3 0.6866 0.6719 0.0138 0.0063
3 0.7103 0.6081 0.0175 0.0100
3 0.7188 0.5903 0.0187 0.0087
3 0.7572 0.5997 0.0175 0.0087
3 0.7856 0.6047 0.0150 0.0063
3 0.8025 0.6069 0.0175 0.0075
3 0.8488 0.6144 0.0163 0.0100
3 0.7431 0.6806 0.0175 0.0050
3 0.7956 0.6219 0.0163 0.0063
3 0.7950 0.6303 0.0150 0.0075
3 0.7925 0.6375 0.0163 0.0063
3 0.7903 0.6444 0.0150 0.0075
3 0.7897 0.6522 0.0200 0.0075
3 0.7878 0.6578 0.0163 0.0063
3 0.7441 0.6756 0.0163 0.0075
3 0.7384 0.6869 0.0175 0.0112
3 0.7544 0.6225 0.0150 0.0075
3 0.7394 0.6944 0.0163 0.0075
3 0.7356 0.7025 0.0150 0.0050
3 0.7347 0.7116 0.0163 0.0075
3 0.7359 0.7194 0.0187 0.0075
3 0.7325 0.7272 0.0150 0.0075
3 0.7319 0.7584 0.0075 0.0138
3 0.7381 0.7591 0.0075 0.0150
3 0.7994 0.6153 0.0175 0.0087
3 0.7731 0.6397 0.0150 0.0075
3 0.7250 0.7572 0.0063 0.0112
3 0.7053 0.7528 0.0075 0.0150
3 0.7516 0.6372 0.0125 0.0087
3 0.7488 0.6444 0.0163 0.0075
3 0.7494 0.6509 0.0175 0.0050
3 0.7488 0.6594 0.0163 0.0063
3 0.7481 0.6669 0.0150 0.0087
3 0.7294 0.6700 0.0150 0.0087
3 0.7256 0.6775 0.0138 0.0050
3 0.7238 0.6856 0.0163 0.0087
3 0.7238 0.6934 0.0163 0.0087
3 0.7200 0.7006 0.0150 0.0075
3 0.7200 0.7084 0.0150 0.0075
3 0.7178 0.7141 0.0138 0.0063
3 0.7122 0.7209 0.0150 0.0075
3 0.6875 0.7506 0.0063 0.0138
3 0.6975 0.7506 0.0075 0.0138
