3 0.4287 0.4894 0.0263 0.0537
3 0.5506 0.7234 0.0263 0.0437
3 0.6184 0.2503 0.0588 0.0287
3 0.6378 0.0141 0.0225 0.0250
3 0.0153 0.2753 0.0275 0.0225
3 0.1575 0.4634 0.0150 0.0050
3 0.1588 0.4562 0.0175 0.0063
3 0.1622 0.4338 0.0150 0.0050
3 0.1628 0.4281 0.0163 0.0063
3 0.1506 0.4928 0.0200 0.0075
3 0.1491 0.5012 0.0200 0.0087
3 0.1328 0.4138 0.0187 0.0087
3 0.1284 0.4244 0.0163 0.0050
3 0.1281 0.4353 0.0125 0.0050
3 0.1272 0.4444 0.0138 0.0075
3 0.1237 0.4531 0.0163 0.0063
3 0.1228 0.4609 0.0175 0.0063
3 0.1169 0.4259 0.0150 0.0050
3 0.1125 0.4322 0.0187 0.0050
3 0.1106 0.4406 0.0150 0.0063
3 0.1681 0.4116 0.0175 0.0075
3 0.1666 0.4200 0.0175 0.0087
3 0.1613 0.4444 0.0163 0.0075
3 0.1606 0.4487 0.0150 0.0037
3 0.1525 0.4794 0.0175 0.0087
3 0.1222 0.4731 0.0163 0.0087
3 0.0788 0.4562 0.0200 0.0063
3 0.0731 0.6456 0.0150 0.0100
3 0.0784 0.6278 0.0163 0.0087
3 0.0934 0.6309 0.0150 0.0087
3 0.0772 0.6353 0.0138 0.0050
3 0.0925 0.6375 0.0163 0.0063
3 0.0731 0.6391 0.0150 0.0063
3 0.0875 0.6438 0.0125 0.0063
3 0.0863 0.6531 0.0163 0.0063
3 0.0688 0.6569 0.0125 0.0075
3 0.0766 0.4688 0.0187 0.0063
3 0.0863 0.6616 0.0163 0.0075
3 0.0678 0.6625 0.0138 0.0063
3 0.0847 0.6678 0.0163 0.0075
3 0.0834 0.6747 0.0138 0.0087
3 0.0678 0.6719 0.0138 0.0063
3 0.0672 0.6806 0.0125 0.0050
3 0.0659 0.6859 0.0163 0.0063
3 0.0956 0.6231 0.0163 0.0087
3 0.0800 0.6188 0.0163 0.0063
3 0.0325 0.7131 0.0150 0.0075
3 0.0300 0.7200 0.0163 0.0087
3 0.0369 0.6663 0.0175 0.0075
3 0.0369 0.6741 0.0175 0.0075
3 0.0366 0.6813 0.0138 0.0063
3 0.0222 0.6784 0.0163 0.0100
3 0.0338 0.6897 0.0175 0.0075
3 0.0200 0.6937 0.0150 0.0063
3 0.0362 0.6987 0.0163 0.0100
3 0.0178 0.7016 0.0138 0.0063
3 0.0325 0.7063 0.0150 0.0063
3 0.0150 0.7069 0.0175 0.0075
3 0.0147 0.7147 0.0138 0.0075
3 0.0122 0.7225 0.0150 0.0075
3 0.0112 0.7316 0.0163 0.0100
3 0.0284 0.7350 0.0163 0.0075
3 0.0294 0.7266 0.0150 0.0063
3 0.0825 0.6825 0.0150 0.0087
3 0.0819 0.6912 0.0138 0.0075
3 0.0797 0.6966 0.0187 0.0087
3 0.0856 0.5825 0.0150 0.0087
3 0.0863 0.5753 0.0163 0.0100
3 0.0916 0.5672 0.0175 0.0063
3 0.0894 0.5588 0.0163 0.0050
3 0.1075 0.5637 0.0150 0.0087
3 0.1078 0.5569 0.0125 0.0075
3 0.0925 0.5519 0.0163 0.0100
3 0.0941 0.5375 0.0163 0.0063
3 0.1125 0.5325 0.0187 0.0087
3 0.1113 0.5413 0.0163 0.0075
3 0.1119 0.5506 0.0175 0.0075
3 0.1391 0.5525 0.0187 0.0050
3 0.1378 0.5594 0.0163 0.0063
3 0.1375 0.5669 0.0187 0.0087
3 0.1337 0.5750 0.0175 0.0063
3 0.1322 0.5813 0.0175 0.0063
3 0.1028 0.5763 0.0150 0.0087
3 0.0378 0.5763 0.0163 0.0087
3 0.0641 0.6944 0.0125 0.0075
3 0.0588 0.5781 0.0175 0.0063
3 0.0788 0.7050 0.0200 0.0100
3 0.0616 0.7094 0.0138 0.0063
3 0.0769 0.7125 0.0163 0.0063
3 0.0762 0.7213 0.0150 0.0050
3 0.0600 0.7156 0.0138 0.0063
3 0.0591 0.7234 0.0150 0.0063
3 0.0747 0.7259 0.0150 0.0050
3 0.0569 0.7312 0.0138 0.0063
3 0.0731 0.7331 0.0150 0.0100
3 0.0572 0.7397 0.0175 0.0075
3 0.0731 0.7438 0.0150 0.0063
3 0.0119 0.5687 0.0175 0.0063
3 0.0419 0.5666 0.0150 0.0050
3 0.0588 0.5687 0.0175 0.0063
3 0.1119 0.7109 0.0175 0.0063
3 0.1075 0.7250 0.0150 0.0063
3 0.0138 0.7628 0.0087 0.0163
3 0.8244 0.0094 0.0175 0.0125
3 0.8037 0.0156 0.0138 0.0125
3 0.7856 0.0216 0.0150 0.0087
3 0.7744 0.0263 0.0175 0.0087
3 0.6256 0.4128 0.0075 0.0163
3 0.5613 0.4062 0.0163 0.0125
3 0.0819 0.6112 0.0200 0.0100
3 0.0091 0.5997 0.0150 0.0087
3 0.0356 0.6047 0.0150 0.0063
3 0.8359 0.0059 0.0187 0.0087
3 0.7634 0.0294 0.0175 0.0150
3 0.7488 0.0275 0.0163 0.0112
3 0.5487 0.0884 0.0100 0.0175
3 0.5541 0.0863 0.0112 0.0163
3 0.5634 0.0816 0.0112 0.0163
3 0.5700 0.0809 0.0087 0.0150
3 0.5737 0.0794 0.0100 0.0150
3 0.5813 0.0769 0.0125 0.0163
3 0.5903 0.0756 0.0087 0.0138
3 0.5991 0.0725 0.0075 0.0138
3 0.6369 0.0537 0.0112 0.0138
3 0.6000 0.0422 0.0125 0.0063
3 0.5975 0.0341 0.0138 0.0087
3 0.5956 0.0263 0.0163 0.0087
3 0.0525 0.6069 0.0175 0.0075
3 0.0988 0.6144 0.0163 0.0100
3 0.0456 0.6219 0.0163 0.0063
3 0.0450 0.6303 0.0150 0.0075
3 0.0425 0.6375 0.0163 0.0063
3 0.0403 0.6444 0.0150 0.0075
3 0.0397 0.6522 0.0200 0.0075
3 0.0378 0.6578 0.0163 0.0063
3 0.0022 0.6756 0.0013 0.0075
3 0.0066 0.6225 0.0100 0.0075
3 0.0494 0.6153 0.0175 0.0087
3 0.0231 0.6397 0.0150 0.0075
3 0.0047 0.6381 0.0063 0.0075
3 0.0041 0.6444 0.0050 0.0075
3 0.0047 0.6509 0.0063 0.0050
3 0.0047 0.6594 0.0063 0.0063
3 0.0034 0.6678 0.0037 0.0075
3 0.3387 0.0109 0.0150 0.0125
3 0.5425 0.0947 0.0163 0.0238
3 0.4772 0.1209 0.0450 0.0138
3 0.5734 0.1447 0.0187 0.0112
3 0.5287 0.0984 0.0138 0.0187
3 0.5041 0.1056 0.0112 0.0175
3 0.3766 0.0813 0.0187 0.0125
