3 0.2172 0.8766 0.0500 0.0250
3 0.2928 0.8622 0.0450 0.0275
3 0.1306 0.8947 0.0425 0.0175
3 0.1356 0.9028 0.0400 0.0212
3 0.1369 0.9184 0.0425 0.0275
3 0.6531 0.5759 0.0563 0.0238
3 0.2044 0.8187 0.0212 0.0125
3 0.2413 0.8425 0.0512 0.0287
3 0.8497 0.9800 0.0275 0.0412
3 0.0212 0.6891 0.0112 0.0125
3 0.0319 0.6838 0.0075 0.0175
3 0.0653 0.6741 0.0087 0.0138
3 0.0725 0.6722 0.0075 0.0163
3 0.2256 0.8313 0.0075 0.0187
3 0.2369 0.8291 0.0112 0.0175
3 0.2441 0.8250 0.0100 0.0187
3 0.2531 0.8244 0.0125 0.0175
3 0.2612 0.8197 0.0100 0.0175
3 0.2272 0.7978 0.0138 0.0175
3 0.2416 0.7928 0.0112 0.0138
3 0.2497 0.7900 0.0087 0.0175
3 0.2587 0.7869 0.0112 0.0175
3 0.2656 0.7853 0.0125 0.0175
3 0.2775 0.7812 0.0112 0.0187
3 0.4144 0.7316 0.0100 0.0163
3 0.4216 0.7300 0.0087 0.0163
3 0.4281 0.7278 0.0125 0.0150
3 0.4400 0.7238 0.0112 0.0163
3 0.4541 0.7184 0.0112 0.0150
3 0.4856 0.7197 0.0150 0.0112
3 0.4900 0.7284 0.0175 0.0100
3 0.4769 0.7481 0.0100 0.0150
3 0.4650 0.7503 0.0112 0.0163
3 0.4494 0.7556 0.0112 0.0175
3 0.4406 0.7588 0.0125 0.0175
3 0.4322 0.7612 0.0112 0.0163
3 0.9109 0.3806 0.0125 0.0112
3 0.0869 0.8425 0.0112 0.0163
3 0.1875 0.6594 0.0125 0.0187
3 0.2031 0.6550 0.0125 0.0163
3 0.2456 0.6381 0.0100 0.0138
3 0.2306 0.6453 0.0112 0.0125
3 0.2513 0.6344 0.0087 0.0125
3 0.2616 0.6350 0.0075 0.0138
3 0.2678 0.6334 0.0075 0.0138
3 0.2762 0.6287 0.0087 0.0138
3 0.2816 0.6275 0.0100 0.0175
3 0.2894 0.6247 0.0100 0.0150
3 0.2966 0.6209 0.0087 0.0138
3 0.3044 0.6169 0.0087 0.0150
3 0.3269 0.6122 0.0100 0.0150
3 0.3347 0.6091 0.0100 0.0150
3 0.3428 0.6059 0.0075 0.0150
3 0.3572 0.6019 0.0112 0.0163
3 0.4113 0.5831 0.0100 0.0163
3 0.4178 0.5787 0.0075 0.0138
3 0.4259 0.5784 0.0112 0.0163
