3 0.1772 0.7847 0.0263 0.0537
3 0.3675 0.5469 0.0537 0.0250
3 0.3825 0.2997 0.0212 0.0400
3 0.3275 0.2031 0.0238 0.0437
3 0.3128 0.2050 0.0225 0.0412
3 0.5728 0.3031 0.0175 0.0125
3 0.5537 0.3109 0.0138 0.0125
3 0.5341 0.3169 0.0150 0.0087
3 0.5244 0.3216 0.0175 0.0087
3 0.3756 0.7081 0.0075 0.0163
3 0.3112 0.7016 0.0163 0.0125
3 0.5844 0.2994 0.0187 0.0112
3 0.5119 0.3231 0.0175 0.0150
3 0.4972 0.3228 0.0163 0.0112
3 0.4619 0.2869 0.0175 0.0112
3 0.2972 0.3837 0.0100 0.0175
3 0.3025 0.3800 0.0112 0.0163
3 0.3119 0.3769 0.0112 0.0163
3 0.3184 0.3763 0.0087 0.0150
3 0.3222 0.3731 0.0100 0.0150
3 0.3297 0.3722 0.0125 0.0163
3 0.3387 0.3709 0.0087 0.0138
3 0.3475 0.3663 0.0075 0.0138
3 0.3853 0.3491 0.0112 0.0138
3 0.3484 0.3375 0.0125 0.0063
3 0.3475 0.3294 0.0138 0.0087
3 0.3441 0.3216 0.0163 0.0087
3 0.4919 0.2759 0.0150 0.0112
3 0.4828 0.2803 0.0187 0.0138
3 0.4731 0.2831 0.0150 0.0100
3 0.0872 0.3063 0.0150 0.0125
3 0.0794 0.2919 0.0150 0.0087
3 0.0725 0.2650 0.0138 0.0112
3 0.0537 0.2162 0.0200 0.0138
3 0.3281 0.2619 0.0125 0.0175
3 0.3347 0.1462 0.0100 0.0112
3 0.3469 0.1803 0.0125 0.0200
3 0.3709 0.2609 0.0200 0.0125
3 0.3356 0.1819 0.0275 0.0512
3 0.3444 0.2441 0.0138 0.0225
3 0.3362 0.2547 0.0163 0.0250
3 0.3694 0.2712 0.0200 0.0112
3 0.2850 0.1344 0.0200 0.0125
3 0.3287 0.1297 0.0138 0.0187
3 0.2925 0.3900 0.0163 0.0238
3 0.2256 0.4162 0.0450 0.0138
3 0.3219 0.4400 0.0187 0.0112
3 0.2787 0.3937 0.0138 0.0187
3 0.2525 0.3981 0.0112 0.0150
3 0.1250 0.3766 0.0187 0.0125
3 0.3234 0.2731 0.0125 0.0150
3 0.8113 0.0078 0.0163 0.0125
3 0.3100 0.0859 0.0138 0.0125
3 0.0303 0.2812 0.0200 0.0437
