3 0.3609 0.7338 0.0125 0.0112
3 0.2219 0.8525 0.0125 0.0112
3 0.2300 0.8653 0.0100 0.0087
3 0.2356 0.8769 0.0087 0.0100
3 0.2400 0.8819 0.0112 0.0075
3 0.2447 0.8856 0.0112 0.0087
3 0.2472 0.8922 0.0100 0.0063
3 0.2516 0.8959 0.0125 0.0075
3 0.2541 0.9019 0.0112 0.0100
3 0.2525 0.9181 0.0112 0.0112
3 0.2478 0.9219 0.0112 0.0125
3 0.2431 0.9259 0.0112 0.0112
3 0.2372 0.9275 0.0087 0.0112
3 0.2341 0.9316 0.0087 0.0100
3 0.2231 0.9375 0.0087 0.0125
3 0.2194 0.9416 0.0075 0.0112
3 0.2138 0.9456 0.0087 0.0100
3 0.2084 0.9472 0.0075 0.0100
3 0.2028 0.9525 0.0087 0.0112
3 0.1981 0.9541 0.0087 0.0112
3 0.1934 0.9578 0.0087 0.0125
3 0.1894 0.9603 0.0100 0.0112
3 0.1844 0.9625 0.0125 0.0125
3 0.1762 0.9650 0.0087 0.0112
3 0.1706 0.9703 0.0100 0.0125
3 0.1656 0.9719 0.0125 0.0125
3 0.1491 0.9831 0.0075 0.0100
3 0.2566 0.9450 0.0100 0.0087
3 0.3541 0.9234 0.0112 0.0125
3 0.3472 0.9281 0.0100 0.0125
3 0.3944 0.9703 0.0075 0.0125
3 0.3872 0.9728 0.0087 0.0112
3 0.3825 0.9775 0.0087 0.0112
3 0.3769 0.9806 0.0100 0.0112
3 0.3725 0.9838 0.0075 0.0112
3 0.4184 0.8822 0.0087 0.0112
3 0.5613 0.7784 0.0100 0.0100
3 0.5388 0.7941 0.0087 0.0100
3 0.5653 0.7766 0.0087 0.0125
3 0.5722 0.7675 0.0100 0.0100
3 0.6259 0.7434 0.0112 0.0087
3 0.6316 0.7303 0.0100 0.0138
3 0.5934 0.8244 0.0087 0.0112
3 0.5972 0.8209 0.0100 0.0138
3 0.6025 0.8162 0.0112 0.0138
3 0.6138 0.8431 0.0087 0.0112
3 0.6175 0.8384 0.0100 0.0112
3 0.6231 0.8350 0.0087 0.0138
3 0.6384 0.8037 0.0112 0.0075
3 0.6575 0.8131 0.0087 0.0138
3 0.6419 0.7906 0.0087 0.0125
3 0.6362 0.7947 0.0100 0.0112
3 0.6556 0.7572 0.0112 0.0112
3 0.7469 0.7691 0.0125 0.0100
3 0.6903 0.6875 0.0087 0.0125
3 0.6847 0.6922 0.0100 0.0125
3 0.7156 0.5850 0.0125 0.0075
3 0.7266 0.6106 0.0125 0.0087
3 0.7575 0.5763 0.0087 0.0087
3 0.7294 0.6200 0.0150 0.0087
3 0.6944 0.6438 0.0138 0.0063
3 0.6994 0.6147 0.0112 0.0075
3 0.6663 0.6403 0.0138 0.0087
3 0.6588 0.6138 0.0112 0.0087
3 0.7159 0.9641 0.0100 0.0125
3 0.7222 0.9600 0.0100 0.0138
3 0.7331 0.9516 0.0100 0.0125
3 0.7875 0.9313 0.0125 0.0063
3 0.7853 0.9250 0.0112 0.0063
3 0.7831 0.9000 0.0100 0.0063
3 0.7838 0.9062 0.0112 0.0063
3 0.8150 0.9306 0.0112 0.0050
3 0.8213 0.9000 0.0112 0.0063
3 0.8141 0.9056 0.0125 0.0050
3 0.8162 0.9119 0.0138 0.0050
3 0.8141 0.9178 0.0125 0.0075
3 0.8269 0.9234 0.0100 0.0063
3 0.8381 0.9366 0.0075 0.0138
3 0.8600 0.9881 0.0138 0.0075
3 0.8250 0.6344 0.0063 0.0125
3 0.8709 0.6156 0.0075 0.0125
3 0.8412 0.6275 0.0075 0.0112
3 0.8500 0.6244 0.0063 0.0112
3 0.9084 0.6031 0.0075 0.0125
3 0.9131 0.6003 0.0075 0.0100
3 0.9194 0.5975 0.0075 0.0138
3 0.8525 0.7431 0.0112 0.0050
3 0.8072 0.8844 0.0050 0.0125
3 0.8134 0.8828 0.0050 0.0125
3 0.8187 0.8822 0.0063 0.0112
3 0.8244 0.8822 0.0050 0.0112
3 0.8303 0.8828 0.0075 0.0125
3 0.8447 0.8728 0.0050 0.0112
3 0.8444 0.8625 0.0075 0.0125
3 0.8444 0.8500 0.0075 0.0125
3 0.8422 0.8375 0.0063 0.0125
3 0.8406 0.8234 0.0063 0.0125
3 0.8391 0.8094 0.0063 0.0125
3 0.8541 0.7812 0.0112 0.0250
3 0.8534 0.7547 0.0100 0.0063
3 0.8516 0.7194 0.0125 0.0075
3 0.8800 0.7281 0.0100 0.0063
3 0.8791 0.7328 0.0112 0.0063
3 0.8822 0.7397 0.0112 0.0075
3 0.8822 0.7516 0.0112 0.0063
3 0.8825 0.7578 0.0087 0.0063
3 0.8866 0.6709 0.0075 0.0138
3 0.9200 0.6594 0.0087 0.0125
3 0.9262 0.6584 0.0087 0.0138
3 0.9459 0.6781 0.0075 0.0125
