3 0.3525 0.8056 0.0050 0.0112
3 0.0559 0.8653 0.0087 0.0150
3 0.3819 0.8094 0.0075 0.0125
3 0.3681 0.8047 0.0050 0.0125
3 0.3619 0.8047 0.0050 0.0125
3 0.3447 0.8031 0.0050 0.0125
3 0.1766 0.7503 0.0063 0.0100
3 0.3953 0.8103 0.0063 0.0112
3 0.4062 0.8150 0.0063 0.0112
3 0.4181 0.8156 0.0050 0.0125
3 0.4119 0.8153 0.0050 0.0150
3 0.4244 0.8166 0.0050 0.0112
3 0.4928 0.7975 0.0075 0.0138
3 0.4631 0.7937 0.0075 0.0125
3 0.4397 0.7884 0.0075 0.0112
3 0.3750 0.7800 0.0063 0.0100
3 0.2650 0.6869 0.0112 0.0112
3 0.2562 0.7231 0.0063 0.0150
3 0.2506 0.7231 0.0075 0.0150
3 0.1353 0.7166 0.0112 0.0112
3 0.1512 0.6506 0.0338 0.0325
3 0.4656 0.8206 0.0063 0.0100
3 0.0625 0.8662 0.0063 0.0138
