3 0.1222 0.9991 0.0037 0.0013
3 0.1141 0.9981 0.0063 0.0025
3 0.6781 0.9938 0.0125 0.0063
3 0.5925 0.9550 0.0163 0.0100
3 0.5756 0.9531 0.0138 0.0063
3 0.5591 0.9506 0.0150 0.0075
3 0.5453 0.9488 0.0125 0.0100
3 0.3525 0.0556 0.0050 0.0112
3 0.1831 0.3006 0.0100 0.0075
3 0.1500 0.2719 0.0063 0.0125
3 0.1313 0.2694 0.0063 0.0138
3 0.1200 0.2666 0.0087 0.0112
3 0.0559 0.1153 0.0087 0.0150
3 0.3819 0.0594 0.0075 0.0125
3 0.3681 0.0547 0.0050 0.0125
3 0.3619 0.0547 0.0050 0.0125
3 0.3447 0.0531 0.0050 0.0125
3 0.1759 0.0034 0.0050 0.0037
3 0.3953 0.0603 0.0063 0.0112
3 0.4062 0.0650 0.0063 0.0112
3 0.4181 0.0656 0.0050 0.0125
3 0.4119 0.0653 0.0050 0.0150
3 0.4244 0.0666 0.0050 0.0112
3 0.4928 0.0475 0.0075 0.0138
3 0.4631 0.0437 0.0075 0.0125
3 0.4397 0.0384 0.0075 0.0112
3 0.2119 0.2812 0.0050 0.0125
3 0.3297 0.2984 0.0063 0.0125
3 0.3169 0.3250 0.0150 0.0063
3 0.3350 0.3266 0.0138 0.0063
3 0.4344 0.3163 0.0063 0.0138
3 0.3750 0.0300 0.0063 0.0100
3 0.4656 0.0706 0.0063 0.0100
3 0.3016 0.2750 0.0125 0.0063
3 0.2344 0.2844 0.0063 0.0125
