3 0.7631 0.9794 0.0138 0.0087
3 0.7612 0.9969 0.0163 0.0063
3 0.7653 0.9672 0.0150 0.0063
3 0.7656 0.9584 0.0125 0.0075
3 0.7787 0.9225 0.0138 0.0075
3 0.7794 0.9147 0.0150 0.0075
3 0.7937 0.0172 0.0063 0.0125
3 0.7881 0.0412 0.0075 0.0138
3 0.7856 0.8778 0.0150 0.0087
3 0.7850 0.8944 0.0138 0.0075
3 0.7825 0.9084 0.0150 0.0075
3 0.1484 0.0559 0.0063 0.0150
3 0.1506 0.0778 0.0075 0.0150
3 0.1522 0.1006 0.0075 0.0138
3 0.1559 0.1175 0.0087 0.0163
3 0.1475 0.1163 0.0075 0.0138
3 0.2772 0.1619 0.0138 0.0050
3 0.3287 0.1681 0.0138 0.0050
3 0.8187 0.7594 0.0063 0.0125
3 0.8719 0.7184 0.0125 0.0087
3 0.8594 0.7162 0.0125 0.0075
3 0.8512 0.6091 0.0150 0.0087
3 0.8866 0.7006 0.0075 0.0138
3 0.8119 0.7087 0.0112 0.0050
3 0.7984 0.7069 0.0125 0.0075
3 0.7850 0.7059 0.0138 0.0087
3 0.7322 0.6978 0.0112 0.0050
3 0.8053 0.7569 0.0075 0.0138
3 0.3287 0.1825 0.0138 0.0087
3 0.7913 0.7506 0.0075 0.0138
3 0.7834 0.7481 0.0075 0.0150
3 0.7772 0.7475 0.0075 0.0138
3 0.7725 0.7434 0.0075 0.0150
3 0.7659 0.7422 0.0037 0.0125
3 0.7584 0.7388 0.0075 0.0150
3 0.7578 0.7684 0.0063 0.0150
3 0.7647 0.7719 0.0075 0.0125
3 0.8912 0.7203 0.0075 0.0125
3 0.9084 0.7234 0.0138 0.0063
3 0.9281 0.7266 0.0125 0.0063
3 0.9556 0.7325 0.0112 0.0087
3 0.9700 0.7334 0.0150 0.0075
3 0.7741 0.7719 0.0075 0.0125
3 0.7834 0.7856 0.0075 0.0150
3 0.7909 0.7863 0.0100 0.0163
3 0.7972 0.7897 0.0100 0.0138
3 0.8028 0.7922 0.0087 0.0125
3 0.8122 0.7928 0.0087 0.0138
3 0.8106 0.8231 0.0087 0.0150
3 0.7775 0.7850 0.0050 0.0138
3 0.1434 0.4944 0.0087 0.0138
3 0.1241 0.5125 0.0138 0.0063
3 0.3241 0.6056 0.0138 0.0050
3 0.3250 0.6197 0.0125 0.0050
3 0.3266 0.5931 0.0125 0.0050
3 0.3563 0.5978 0.0125 0.0050
3 0.3563 0.6062 0.0125 0.0063
3 0.3866 0.5959 0.0138 0.0075
3 0.3856 0.6125 0.0150 0.0063
3 0.3856 0.6038 0.0150 0.0075
3 0.3547 0.6119 0.0125 0.0050
3 0.3547 0.6181 0.0125 0.0050
3 0.1228 0.4597 0.0050 0.0100
3 0.2750 0.3803 0.0125 0.0075
3 0.2903 0.3984 0.0150 0.0063
3 0.3287 0.3869 0.0138 0.0050
3 0.3531 0.3906 0.0125 0.0063
3 0.3672 0.3937 0.0125 0.0063
3 0.4709 0.4072 0.0138 0.0050
3 0.4856 0.4094 0.0150 0.0063
3 0.5531 0.4209 0.0125 0.0075
3 0.6094 0.4291 0.0125 0.0050
3 0.6647 0.4366 0.0138 0.0075
3 0.6912 0.4406 0.0138 0.0063
3 0.6406 0.1344 0.0125 0.0125
3 0.7750 0.1400 0.0063 0.0112
3 0.7575 0.1644 0.0087 0.0163
3 0.7709 0.1647 0.0075 0.0138
3 0.7688 0.1788 0.0063 0.0138
3 0.7653 0.2003 0.0087 0.0163
3 0.2900 0.3828 0.0112 0.0063
3 0.1094 0.4594 0.0063 0.0125
3 0.7522 0.1931 0.0075 0.0112
3 0.1031 0.4578 0.0063 0.0125
3 0.3744 0.1044 0.0050 0.0150
3 0.3869 0.0953 0.0112 0.0063
3 0.4963 0.1028 0.0175 0.0087
3 0.4250 0.1822 0.0125 0.0050
3 0.4384 0.1834 0.0112 0.0075
3 0.4853 0.1913 0.0112 0.0075
3 0.5078 0.1944 0.0125 0.0075
3 0.4656 0.2116 0.0125 0.0075
3 0.4091 0.2028 0.0150 0.0087
3 0.1428 0.1913 0.0075 0.0138
3 0.1491 0.2622 0.0075 0.0150
3 0.1547 0.3194 0.0063 0.0138
3 0.1619 0.3900 0.0050 0.0175
3 0.0850 0.3603 0.0138 0.0050
3 0.1000 0.3594 0.0125 0.0063
3 0.0588 0.3703 0.0112 0.0063
3 0.0694 0.4325 0.0138 0.0087
3 0.7537 0.1812 0.0075 0.0125
3 0.5941 0.2209 0.0163 0.0075
3 0.9625 0.4181 0.0125 0.0050
3 0.9850 0.4938 0.0138 0.0063
3 0.9978 0.4947 0.0050 0.0050
3 0.9262 0.3663 0.0087 0.0138
3 0.9978 0.2666 0.0050 0.0050
3 0.6406 0.2134 0.0125 0.0050
3 0.9859 0.2656 0.0125 0.0063
3 0.6991 0.2225 0.0138 0.0075
3 0.7128 0.2388 0.0163 0.0087
3 0.6659 0.2428 0.0163 0.0075
3 0.6438 0.2394 0.0125 0.0100
3 0.6219 0.2353 0.0125 0.0050
3 0.8178 0.2391 0.0138 0.0063
3 0.8012 0.2619 0.0150 0.0050
3 0.8156 0.2625 0.0125 0.0063
3 0.7578 0.2959 0.0063 0.0138
3 0.7394 0.3216 0.0100 0.0150
3 0.7525 0.3266 0.0050 0.0125
3 0.7288 0.3875 0.0075 0.0125
3 0.8669 0.2459 0.0150 0.0075
3 0.9006 0.2669 0.0138 0.0087
3 0.8906 0.2750 0.0125 0.0063
3 0.9037 0.2750 0.0138 0.0063
3 0.9719 0.2631 0.0125 0.0075
3 0.1959 0.9197 0.0075 0.0300
3 0.1437 0.0994 0.0063 0.0112
3 0.3100 0.1647 0.0138 0.0075
3 0.3922 0.1769 0.0187 0.0100
3 0.3881 0.0231 0.0075 0.0150
3 0.4344 0.9884 0.0125 0.0175
3 0.7438 0.3750 0.0063 0.0125
3 0.7844 0.0688 0.0063 0.0125
3 0.5750 0.0200 0.0063 0.0150
