3 0.1350 0.2894 0.0138 0.0100
3 0.0991 0.2913 0.0075 0.0138
3 0.1409 0.2675 0.0163 0.0100
3 0.1375 0.2778 0.0125 0.0087
3 0.1584 0.3016 0.0138 0.0063
3 0.1569 0.3125 0.0138 0.0063
3 0.1550 0.3194 0.0163 0.0075
3 0.1641 0.2819 0.0125 0.0075
3 0.1812 0.1044 0.0063 0.0150
3 0.1956 0.1122 0.0163 0.0087
3 0.1991 0.0950 0.0138 0.0087
3 0.2013 0.0881 0.0150 0.0075
3 0.2031 0.0825 0.0187 0.0087
3 0.2025 0.0753 0.0175 0.0100
3 0.0369 0.9319 0.0050 0.0138
3 0.0744 0.8919 0.0050 0.0150
3 0.0325 0.9603 0.0150 0.0050
3 0.0353 0.9856 0.0112 0.0150
3 0.1913 0.9203 0.0138 0.0063
3 0.2162 0.9437 0.0138 0.0063
3 0.2169 0.9578 0.0150 0.0063
3 0.2125 0.9675 0.0125 0.0037
3 0.2125 0.9738 0.0125 0.0037
3 0.1459 0.2381 0.0138 0.0075
3 0.1437 0.2466 0.0125 0.0087
3 0.1650 0.2694 0.0112 0.0075
3 0.1663 0.2622 0.0138 0.0087
