3 0.8981 0.9437 0.0150 0.0125
3 0.8194 0.6141 0.0138 0.0125
3 0.8466 0.6287 0.0150 0.0138
3 0.8766 0.5781 0.0125 0.0125
3 0.8797 0.5891 0.0125 0.0125
3 0.8834 0.5947 0.0138 0.0112
3 0.8859 0.6000 0.0125 0.0125
3 0.8903 0.6044 0.0150 0.0150
3 0.8928 0.6103 0.0138 0.0112
3 0.8969 0.6197 0.0187 0.0112
3 0.9000 0.6347 0.0187 0.0163
3 0.9041 0.6412 0.0175 0.0138
3 0.9012 0.6600 0.0150 0.0138
3 0.9072 0.6638 0.0175 0.0150
3 0.9100 0.6697 0.0138 0.0112
3 0.9113 0.6756 0.0163 0.0138
3 0.9175 0.6834 0.0163 0.0138
3 0.8988 0.6981 0.0163 0.0150
3 0.8431 0.8081 0.0175 0.0225
3 0.9037 0.9181 0.0138 0.0112
3 0.9213 0.9287 0.0175 0.0138
3 0.8850 0.9334 0.0138 0.0138
3 0.8219 0.6188 0.0125 0.0125
3 0.8241 0.6244 0.0138 0.0112
3 0.8272 0.6316 0.0138 0.0100
3 0.7472 0.7037 0.0163 0.0138
3 0.7362 0.6588 0.0163 0.0112
3 0.7438 0.6713 0.0125 0.0112
3 0.7412 0.6656 0.0138 0.0125
3 0.7584 0.6494 0.0138 0.0112
3 0.7609 0.6541 0.0125 0.0112
3 0.7731 0.6750 0.0150 0.0125
3 0.7412 0.6963 0.0138 0.0112
3 0.7556 0.6887 0.0112 0.0087
3 0.7597 0.6947 0.0163 0.0112
3 0.7778 0.6863 0.0150 0.0100
3 0.8303 0.6366 0.0138 0.0138
3 0.7894 0.6737 0.0163 0.0100
3 0.7997 0.6588 0.0150 0.0112
3 0.7981 0.6509 0.0150 0.0112
3 0.7941 0.6453 0.0163 0.0125
3 0.7934 0.6359 0.0150 0.0125
3 0.8341 0.6047 0.0150 0.0125
3 0.8350 0.6134 0.0138 0.0112
3 0.8406 0.6213 0.0125 0.0112
3 0.8350 0.6456 0.0138 0.0100
3 0.8912 0.9384 0.0138 0.0112
3 0.7309 0.6541 0.0150 0.0112
3 0.0784 0.4022 0.0100 0.0138
3 0.0613 0.4116 0.0100 0.0138
3 0.1978 0.3819 0.0112 0.0138
3 0.2219 0.3716 0.0125 0.0150
3 0.2481 0.3494 0.0087 0.0175
3 0.2534 0.3472 0.0100 0.0163
3 0.2619 0.3453 0.0112 0.0125
3 0.2791 0.3294 0.0112 0.0150
3 0.2666 0.3412 0.0112 0.0138
3 0.2897 0.3287 0.0075 0.0138
3 0.3231 0.3241 0.0150 0.0138
3 0.3287 0.3281 0.0138 0.0125
3 0.3425 0.3531 0.0163 0.0125
3 0.3191 0.3044 0.0163 0.0150
3 0.3356 0.2353 0.0150 0.0112
3 0.3497 0.2300 0.0150 0.0163
3 0.1331 0.1944 0.0100 0.0138
3 0.1212 0.1725 0.0112 0.0138
3 0.1153 0.1594 0.0087 0.0125
3 0.2178 0.1859 0.0138 0.0125
3 0.2216 0.1938 0.0150 0.0125
3 0.0994 0.3884 0.0112 0.0175
3 0.1066 0.3850 0.0100 0.0138
3 0.1128 0.3809 0.0100 0.0150
3 0.1350 0.3663 0.0138 0.0138
3 0.1894 0.3369 0.0100 0.0175
3 0.1775 0.3412 0.0112 0.0138
3 0.1719 0.3459 0.0125 0.0138
3 0.1678 0.3503 0.0138 0.0163
3 0.1600 0.3550 0.0138 0.0163
3 0.1228 0.3747 0.0112 0.0150
3 0.7256 0.6675 0.0138 0.0100
3 0.6981 0.7056 0.0150 0.0112
3 0.7013 0.7119 0.0150 0.0112
3 0.6169 0.7394 0.0150 0.0100
3 0.6219 0.7459 0.0125 0.0138
3 0.6253 0.7500 0.0100 0.0125
3 0.6294 0.7569 0.0150 0.0138
3 0.6487 0.7047 0.0163 0.0125
3 0.6519 0.7116 0.0163 0.0138
3 0.6653 0.7031 0.0150 0.0125
3 0.6588 0.7209 0.0112 0.0138
3 0.6600 0.7266 0.0138 0.0125
3 0.6678 0.7409 0.0138 0.0100
3 0.6794 0.7316 0.0150 0.0100
3 0.6766 0.7238 0.0125 0.0100
3 0.6734 0.7178 0.0125 0.0075
3 0.6887 0.6803 0.0150 0.0138
3 0.7013 0.6816 0.0150 0.0100
3 0.6916 0.6963 0.0112 0.0112
3 0.7056 0.6863 0.0112 0.0100
3 0.6963 0.7019 0.0112 0.0100
3 0.7091 0.6953 0.0150 0.0125
3 0.7100 0.6978 0.0138 0.0112
3 0.7144 0.7047 0.0163 0.0125
3 0.6131 0.7344 0.0138 0.0125
3 0.6381 0.7475 0.0138 0.0138
3 0.6350 0.7406 0.0138 0.0125
3 0.5756 0.7531 0.0138 0.0125
3 0.7100 0.1191 0.0075 0.0163
3 0.7816 0.2034 0.0100 0.0163
3 0.7612 0.2481 0.0100 0.0150
3 0.8731 0.2884 0.0087 0.0175
3 0.8831 0.2956 0.0100 0.0163
3 0.7100 0.6500 0.0138 0.0125
3 0.5731 0.7459 0.0150 0.0138
3 0.5869 0.7478 0.0112 0.0112
3 0.6328 0.7338 0.0125 0.0112
3 0.5912 0.7519 0.0138 0.0100
3 0.5934 0.7600 0.0150 0.0138
3 0.5981 0.7644 0.0150 0.0100
3 0.6038 0.7769 0.0138 0.0100
3 0.5803 0.7666 0.0138 0.0112
3 0.5912 0.7822 0.0138 0.0112
3 0.6100 0.7281 0.0138 0.0125
3 0.6225 0.7181 0.0138 0.0112
3 0.6275 0.7275 0.0112 0.0112
3 0.2241 0.1984 0.0138 0.0125
3 0.2578 0.1319 0.0125 0.0138
3 0.2706 0.1281 0.0100 0.0125
3 0.2372 0.1575 0.0150 0.0150
3 0.3163 0.1497 0.0138 0.0150
3 0.2419 0.1631 0.0150 0.0138
3 0.2434 0.1684 0.0150 0.0150
3 0.2650 0.1788 0.0112 0.0138
3 0.2716 0.1759 0.0150 0.0175
3 0.2794 0.1750 0.0150 0.0187
3 0.2866 0.1681 0.0138 0.0175
3 0.2938 0.1644 0.0125 0.0163
3 0.3025 0.1591 0.0112 0.0150
3 0.3094 0.1544 0.0125 0.0150
3 0.3203 0.1487 0.0125 0.0163
3 0.3253 0.1456 0.0100 0.0163
3 0.3344 0.1406 0.0125 0.0187
3 0.2650 0.1434 0.0112 0.0150
3 0.2712 0.1441 0.0112 0.0163
3 0.2769 0.1413 0.0100 0.0138
3 0.2869 0.1347 0.0112 0.0163
3 0.2931 0.1306 0.0112 0.0175
3 0.2984 0.1284 0.0125 0.0163
3 0.3912 0.7100 0.0138 0.0138
3 0.9384 0.6959 0.0175 0.0138
3 0.4894 0.6719 0.0100 0.0125
3 0.1688 0.5303 0.0063 0.0138
3 0.1756 0.5366 0.0075 0.0138
3 0.1819 0.5413 0.0075 0.0138
3 0.1913 0.5537 0.0075 0.0138
3 0.2009 0.5669 0.0112 0.0087
3 0.3034 0.3156 0.0100 0.0125
3 0.2353 0.2503 0.0112 0.0100
