3 0.1469 0.6025 0.0125 0.0112
3 0.1541 0.5925 0.0112 0.0100
3 0.1594 0.5894 0.0125 0.0100
3 0.1634 0.5853 0.0112 0.0112
3 0.1719 0.5766 0.0125 0.0125
3 0.0934 0.4787 0.0150 0.0138
3 0.4150 0.8891 0.0112 0.0125
3 0.4209 0.8844 0.0138 0.0125
3 0.4300 0.8713 0.0100 0.0112
3 0.3594 0.9587 0.0125 0.0112
3 0.3184 0.9978 0.0087 0.0050
3 0.3094 0.9916 0.0125 0.0112
3 0.3181 0.9838 0.0112 0.0112
3 0.3241 0.9956 0.0138 0.0100
3 0.3275 0.9922 0.0112 0.0125
3 0.3309 0.9872 0.0150 0.0150
3 0.3344 0.9844 0.0125 0.0125
3 0.3406 0.9791 0.0125 0.0112
3 0.3447 0.9750 0.0112 0.0125
3 0.3472 0.9719 0.0100 0.0125
3 0.1431 0.6056 0.0112 0.0112
3 0.1384 0.6112 0.0112 0.0100
3 0.1337 0.6144 0.0112 0.0100
3 0.1378 0.6541 0.0100 0.0112
3 0.0734 0.6950 0.0125 0.0150
3 0.0850 0.6828 0.0138 0.0125
3 0.0788 0.6906 0.0138 0.0125
3 0.0594 0.5781 0.0125 0.0125
3 0.0644 0.5822 0.0100 0.0112
3 0.0697 0.5853 0.0112 0.0112
3 0.0744 0.5906 0.0112 0.0125
3 0.0831 0.5978 0.0100 0.0112
3 0.0531 0.6031 0.0125 0.0125
3 0.0603 0.6094 0.0112 0.0125
3 0.0681 0.6188 0.0112 0.0125
3 0.0775 0.6269 0.0112 0.0100
3 0.3531 0.9650 0.0125 0.0112
3 0.3641 0.9525 0.0125 0.0112
3 0.4394 0.9134 0.0100 0.0112
3 0.4437 0.9078 0.0125 0.0125
3 0.4472 0.9034 0.0100 0.0100
3 0.4519 0.8988 0.0100 0.0100
3 0.4550 0.8962 0.0100 0.0112
3 0.4594 0.8922 0.0125 0.0125
3 0.4672 0.8844 0.0125 0.0125
3 0.3706 0.9969 0.0100 0.0063
3 0.3678 0.9469 0.0138 0.0125
3 0.3769 0.9950 0.0100 0.0087
3 0.3812 0.9906 0.0125 0.0125
3 0.3853 0.9863 0.0112 0.0100
3 0.3900 0.9822 0.0112 0.0112
3 0.3931 0.9769 0.0112 0.0100
3 0.3978 0.9734 0.0112 0.0125
3 0.4012 0.9681 0.0087 0.0112
3 0.4056 0.9644 0.0112 0.0100
3 0.4094 0.9600 0.0125 0.0138
3 0.4150 0.9541 0.0112 0.0112
3 0.4172 0.9516 0.0125 0.0125
3 0.4213 0.9469 0.0112 0.0125
3 0.4338 0.9175 0.0112 0.0100
3 0.4306 0.9213 0.0112 0.0112
3 0.4263 0.9256 0.0087 0.0075
3 0.4213 0.9294 0.0112 0.0087
3 0.3725 0.9444 0.0138 0.0138
3 0.3778 0.9400 0.0150 0.0112
3 0.4797 0.8713 0.0125 0.0112
3 0.4897 0.8781 0.0138 0.0125
3 0.4844 0.8831 0.0125 0.0100
3 0.3544 0.9978 0.0087 0.0050
3 0.3581 0.9956 0.0100 0.0100
3 0.3650 0.9906 0.0112 0.0125
3 0.3681 0.9875 0.0112 0.0125
3 0.3722 0.9838 0.0100 0.0112
3 0.3781 0.9775 0.0125 0.0112
3 0.3816 0.9734 0.0100 0.0125
3 0.3847 0.9713 0.0100 0.0112
3 0.3894 0.9644 0.0100 0.0100
3 0.3947 0.9603 0.0112 0.0112
3 0.3972 0.9556 0.0100 0.0112
3 0.4019 0.9519 0.0100 0.0100
3 0.4050 0.9466 0.0100 0.0087
3 0.4091 0.9419 0.0087 0.0087
3 0.4134 0.9394 0.0112 0.0100
3 0.4181 0.9347 0.0112 0.0100
3 0.0703 0.6984 0.0125 0.0125
3 0.0647 0.7022 0.0138 0.0138
3 0.0600 0.7084 0.0138 0.0138
3 0.0553 0.7141 0.0138 0.0125
3 0.0072 0.7619 0.0112 0.0112
3 0.0131 0.7578 0.0138 0.0125
3 0.0172 0.7525 0.0125 0.0112
3 0.0437 0.7275 0.0125 0.0112
3 0.0481 0.7219 0.0150 0.0125
3 0.0506 0.7166 0.0138 0.0112
3 0.4275 0.9425 0.0112 0.0100
3 0.4294 0.9378 0.0087 0.0100
3 0.4331 0.9338 0.0100 0.0112
3 0.1759 0.6916 0.0112 0.0112
3 0.5600 0.9722 0.0138 0.0100
3 0.5641 0.9672 0.0125 0.0125
3 0.1962 0.8275 0.0112 0.0112
3 0.1900 0.8203 0.0112 0.0125
3 0.1975 0.8044 0.0138 0.0150
3 0.2072 0.7909 0.0112 0.0100
3 0.2178 0.7803 0.0138 0.0138
3 0.1466 0.6625 0.0150 0.0125
3 0.1509 0.6681 0.0112 0.0112
3 0.1531 0.6709 0.0125 0.0138
3 0.1594 0.6756 0.0125 0.0138
3 0.1719 0.6881 0.0125 0.0138
3 0.1806 0.6969 0.0112 0.0125
3 0.1962 0.7125 0.0112 0.0125
3 0.1994 0.7162 0.0112 0.0138
3 0.2059 0.7209 0.0087 0.0138
3 0.2197 0.7350 0.0112 0.0138
3 0.2288 0.7353 0.0138 0.0112
3 0.2316 0.7316 0.0100 0.0100
3 0.2384 0.7275 0.0112 0.0112
3 0.2472 0.7200 0.0100 0.0087
3 0.2525 0.7144 0.0112 0.0100
3 0.2691 0.6916 0.0100 0.0112
3 0.2722 0.6953 0.0100 0.0125
3 0.4719 0.7869 0.0125 0.0112
3 0.5547 0.9775 0.0125 0.0112
3 0.5516 0.9831 0.0125 0.0100
3 0.5469 0.9856 0.0125 0.0087
3 0.5422 0.9894 0.0125 0.0100
3 0.5206 0.9978 0.0100 0.0050
3 0.5222 0.9956 0.0100 0.0100
3 0.5266 0.9909 0.0125 0.0100
3 0.5297 0.9853 0.0125 0.0112
3 0.5338 0.9816 0.0112 0.0100
3 0.5369 0.9769 0.0112 0.0100
3 0.5406 0.9713 0.0125 0.0112
3 0.5463 0.9688 0.0112 0.0125
3 0.5491 0.9619 0.0138 0.0112
3 0.5531 0.9587 0.0125 0.0112
3 0.5581 0.9550 0.0100 0.0100
3 0.5687 0.9634 0.0125 0.0112
3 0.5325 0.9969 0.0087 0.0063
3 0.5378 0.9941 0.0100 0.0100
3 0.4775 0.7838 0.0112 0.0112
3 0.4797 0.7781 0.0125 0.0125
3 0.4844 0.7719 0.0125 0.0125
3 0.5081 0.7869 0.0100 0.0112
3 0.5206 0.7728 0.0100 0.0112
3 0.5234 0.7691 0.0125 0.0100
3 0.5278 0.7638 0.0087 0.0087
3 0.5328 0.7619 0.0125 0.0112
3 0.5378 0.7566 0.0100 0.0100
3 0.5416 0.7525 0.0112 0.0112
3 0.5453 0.7491 0.0125 0.0138
3 0.5472 0.7438 0.0100 0.0125
3 0.5534 0.7403 0.0100 0.0087
3 0.5541 0.7338 0.0112 0.0112
3 0.5581 0.7300 0.0100 0.0100
3 0.5650 0.7259 0.0112 0.0112
3 0.5666 0.7213 0.0112 0.0112
3 0.5722 0.7188 0.0100 0.0125
3 0.5759 0.7144 0.0112 0.0100
3 0.5791 0.7097 0.0112 0.0100
3 0.5837 0.7034 0.0112 0.0100
3 0.5884 0.7003 0.0112 0.0100
3 0.5916 0.6969 0.0112 0.0125
3 0.5969 0.6916 0.0125 0.0112
3 0.6003 0.6872 0.0100 0.0087
3 0.6031 0.6828 0.0125 0.0125
3 0.6094 0.6781 0.0125 0.0125
3 0.6134 0.6753 0.0112 0.0100
3 0.6169 0.6706 0.0087 0.0100
3 0.5134 0.7828 0.0112 0.0125
3 0.5050 0.7894 0.0100 0.0100
3 0.4916 0.7650 0.0112 0.0112
3 0.5003 0.7941 0.0100 0.0100
3 0.4963 0.7588 0.0112 0.0112
3 0.5006 0.7572 0.0138 0.0112
3 0.5047 0.7522 0.0125 0.0138
3 0.5094 0.7469 0.0125 0.0125
3 0.5147 0.7419 0.0138 0.0150
3 0.5287 0.7263 0.0138 0.0150
3 0.5328 0.7216 0.0125 0.0150
3 0.5353 0.7144 0.0112 0.0100
3 0.5406 0.7116 0.0125 0.0138
3 0.5459 0.7069 0.0138 0.0138
3 0.5525 0.6978 0.0112 0.0112
3 0.5566 0.6947 0.0100 0.0112
3 0.5603 0.6906 0.0112 0.0125
3 0.5700 0.6816 0.0087 0.0100
3 0.5728 0.6766 0.0112 0.0125
3 0.5819 0.6713 0.0138 0.0112
3 0.5844 0.6656 0.0125 0.0125
3 0.5938 0.6578 0.0125 0.0125
3 0.5963 0.6525 0.0112 0.0112
3 0.6109 0.6391 0.0125 0.0125
3 0.6062 0.6438 0.0125 0.0125
3 0.6009 0.6472 0.0112 0.0100
3 0.6250 0.6225 0.0125 0.0138
3 0.4916 0.8034 0.0112 0.0100
3 0.4963 0.7984 0.0112 0.0125
3 0.4941 0.9894 0.0100 0.0100
3 0.4384 0.9306 0.0112 0.0112
3 0.4650 0.9406 0.0112 0.0125
3 0.4688 0.9344 0.0125 0.0125
3 0.4728 0.9300 0.0112 0.0100
3 0.4781 0.9281 0.0125 0.0125
3 0.4828 0.9225 0.0125 0.0138
3 0.4859 0.9187 0.0125 0.0125
3 0.4953 0.9094 0.0125 0.0125
3 0.4909 0.9156 0.0100 0.0125
3 0.4984 0.9062 0.0125 0.0125
3 0.5031 0.9012 0.0125 0.0150
3 0.5094 0.8959 0.0125 0.0138
3 0.4972 0.9859 0.0100 0.0125
3 0.4328 0.9959 0.0125 0.0075
3 0.4353 0.9938 0.0112 0.0125
3 0.4391 0.9897 0.0125 0.0138
3 0.4428 0.9844 0.0138 0.0125
3 0.4475 0.9797 0.0138 0.0125
3 0.4525 0.9766 0.0112 0.0125
3 0.4556 0.9731 0.0112 0.0150
3 0.4612 0.9672 0.0100 0.0125
3 0.4609 0.9437 0.0125 0.0125
3 0.4581 0.9478 0.0100 0.0112
3 0.4531 0.9531 0.0125 0.0125
3 0.4497 0.9581 0.0087 0.0100
3 0.4425 0.9269 0.0100 0.0100
3 0.4463 0.9213 0.0112 0.0112
3 0.4519 0.9150 0.0100 0.0112
3 0.4556 0.9128 0.0112 0.0100
3 0.4641 0.9047 0.0125 0.0125
3 0.4691 0.8994 0.0100 0.0112
3 0.4722 0.8969 0.0100 0.0125
3 0.4769 0.8916 0.0100 0.0112
3 0.4825 0.8884 0.0087 0.0112
3 0.4081 0.9969 0.0100 0.0063
3 0.4128 0.9947 0.0100 0.0112
3 0.4159 0.9909 0.0100 0.0100
3 0.4213 0.9875 0.0112 0.0125
3 0.4253 0.9831 0.0100 0.0100
3 0.4275 0.9775 0.0112 0.0112
3 0.4331 0.9734 0.0100 0.0125
3 0.4362 0.9684 0.0100 0.0087
3 0.4394 0.9644 0.0100 0.0100
3 0.4447 0.9619 0.0112 0.0112
3 0.4650 0.9631 0.0112 0.0138
3 0.4691 0.9587 0.0100 0.0112
3 0.4719 0.9547 0.0125 0.0125
3 0.5075 0.9534 0.0087 0.0100
3 0.5191 0.9453 0.0100 0.0125
3 0.5231 0.9394 0.0087 0.0100
3 0.5278 0.9338 0.0087 0.0112
3 0.5325 0.9294 0.0087 0.0087
3 0.5372 0.9250 0.0087 0.0125
3 0.5450 0.9344 0.0150 0.0125
3 0.5413 0.9384 0.0138 0.0112
3 0.5356 0.9431 0.0150 0.0112
3 0.5338 0.9472 0.0112 0.0100
3 0.5244 0.9556 0.0112 0.0112
3 0.5281 0.9522 0.0125 0.0138
3 0.5181 0.9587 0.0112 0.0112
3 0.5134 0.9688 0.0112 0.0125
3 0.4772 0.9978 0.0075 0.0050
3 0.4831 0.9950 0.0100 0.0087
3 0.4894 0.9947 0.0100 0.0112
3 0.5088 0.9738 0.0112 0.0100
3 0.5050 0.9769 0.0100 0.0100
3 0.5009 0.9809 0.0112 0.0087
3 0.5138 0.9494 0.0087 0.0112
3 0.5034 0.9587 0.0100 0.0112
3 0.4775 0.9509 0.0112 0.0112
3 0.5000 0.9650 0.0125 0.0112
3 0.4806 0.9453 0.0112 0.0125
3 0.4853 0.9412 0.0112 0.0138
3 0.4906 0.9391 0.0125 0.0125
3 0.4922 0.9344 0.0125 0.0125
3 0.4969 0.9297 0.0125 0.0125
3 0.5019 0.9250 0.0100 0.0125
3 0.5056 0.9225 0.0112 0.0138
3 0.5097 0.9178 0.0100 0.0138
3 0.5144 0.9134 0.0100 0.0112
3 0.5197 0.9084 0.0112 0.0138
3 0.4678 0.9969 0.0075 0.0063
3 0.4700 0.9956 0.0087 0.0100
3 0.4753 0.9894 0.0100 0.0100
3 0.4787 0.9863 0.0075 0.0100
3 0.4838 0.9822 0.0112 0.0112
3 0.4884 0.9769 0.0112 0.0100
3 0.4916 0.9722 0.0112 0.0100
3 0.4963 0.9691 0.0112 0.0100
3 0.6213 0.6653 0.0112 0.0087
3 0.6269 0.6622 0.0100 0.0087
3 0.6316 0.6575 0.0100 0.0087
3 0.7669 0.0219 0.0150 0.0125
3 0.7719 0.0269 0.0125 0.0100
3 0.0156 0.9206 0.0125 0.0100
3 0.0419 0.9031 0.0087 0.0125
3 0.7631 0.0156 0.0138 0.0125
3 0.6341 0.6519 0.0087 0.0100
3 0.5906 0.7525 0.0125 0.0112
3 0.5978 0.7431 0.0112 0.0112
3 0.6025 0.7391 0.0112 0.0125
3 0.6062 0.7344 0.0125 0.0125
3 0.6103 0.7306 0.0112 0.0112
3 0.6150 0.7275 0.0112 0.0112
3 0.6203 0.7228 0.0125 0.0112
3 0.6234 0.7166 0.0125 0.0112
3 0.6281 0.7125 0.0125 0.0125
3 0.6338 0.7078 0.0112 0.0125
3 0.6369 0.7034 0.0112 0.0100
3 0.6409 0.6994 0.0100 0.0112
3 0.6441 0.6963 0.0100 0.0112
3 0.6484 0.6912 0.0125 0.0138
3 0.6531 0.6891 0.0125 0.0125
3 0.6578 0.6844 0.0125 0.0125
3 0.6625 0.6806 0.0125 0.0112
3 0.6656 0.6750 0.0125 0.0125
3 0.6713 0.6713 0.0112 0.0112
3 0.5159 0.8478 0.0100 0.0112
3 0.5212 0.8447 0.0112 0.0112
3 0.5259 0.8391 0.0112 0.0125
3 0.5291 0.8347 0.0112 0.0100
3 0.5344 0.8297 0.0125 0.0125
3 0.5384 0.8259 0.0112 0.0112
3 0.5406 0.8225 0.0125 0.0138
3 0.5947 0.7488 0.0112 0.0100
3 0.5853 0.7566 0.0112 0.0100
3 0.5822 0.7597 0.0112 0.0100
3 0.5584 0.9084 0.0138 0.0138
3 0.5144 0.8341 0.0100 0.0087
3 0.5219 0.8266 0.0125 0.0125
3 0.5259 0.8219 0.0112 0.0125
3 0.5291 0.8175 0.0112 0.0100
3 0.5331 0.8134 0.0100 0.0112
3 0.5378 0.8081 0.0100 0.0100
3 0.5416 0.8034 0.0112 0.0100
3 0.5463 0.8003 0.0112 0.0100
3 0.5494 0.7963 0.0112 0.0112
3 0.5525 0.7900 0.0112 0.0112
3 0.5581 0.7863 0.0100 0.0100
3 0.5609 0.7831 0.0125 0.0100
3 0.5650 0.7781 0.0112 0.0125
3 0.5703 0.7734 0.0125 0.0125
3 0.5741 0.7712 0.0138 0.0112
3 0.5781 0.7644 0.0125 0.0100
3 0.5506 0.8116 0.0138 0.0138
3 0.6266 0.6787 0.0125 0.0138
3 0.6297 0.6741 0.0125 0.0138
3 0.6344 0.6703 0.0125 0.0125
3 0.6381 0.6656 0.0138 0.0125
3 0.6428 0.6625 0.0138 0.0125
3 0.6469 0.6572 0.0125 0.0112
3 0.6516 0.6531 0.0125 0.0125
3 0.5275 0.8031 0.0112 0.0125
3 0.6450 0.1231 0.0150 0.0150
3 0.6594 0.1356 0.0125 0.0150
3 0.5625 0.1622 0.0125 0.0150
3 0.5647 0.1850 0.0138 0.0138
3 0.6216 0.6838 0.0087 0.0112
3 0.6172 0.6897 0.0125 0.0138
3 0.6141 0.6937 0.0125 0.0125
3 0.6088 0.6969 0.0112 0.0125
3 0.6381 0.6497 0.0075 0.0087
3 0.6434 0.6456 0.0087 0.0100
3 0.5009 0.8113 0.0112 0.0100
3 0.5034 0.8088 0.0100 0.0112
3 0.5088 0.8025 0.0112 0.0112
3 0.5150 0.7978 0.0112 0.0112
3 0.5200 0.7900 0.0087 0.0112
3 0.5234 0.7859 0.0125 0.0125
3 0.5272 0.7822 0.0138 0.0112
3 0.5328 0.7781 0.0125 0.0125
3 0.5375 0.7719 0.0125 0.0125
3 0.5441 0.7656 0.0100 0.0125
3 0.5494 0.7625 0.0112 0.0125
3 0.5525 0.7575 0.0112 0.0087
3 0.5563 0.7516 0.0125 0.0125
3 0.5631 0.7428 0.0138 0.0138
3 0.5678 0.7384 0.0138 0.0112
3 0.5719 0.7347 0.0125 0.0100
3 0.5781 0.7316 0.0125 0.0100
3 0.5813 0.7259 0.0125 0.0112
3 0.5853 0.7219 0.0112 0.0125
3 0.5891 0.7188 0.0125 0.0125
3 0.5931 0.7147 0.0112 0.0138
3 0.5984 0.7094 0.0125 0.0125
3 0.6053 0.7025 0.0138 0.0112
3 0.5459 0.8172 0.0138 0.0125
3 0.5531 0.8081 0.0125 0.0100
3 0.9950 0.0338 0.0087 0.0112
3 0.6016 0.8741 0.0125 0.0138
3 0.7328 0.7384 0.0125 0.0112
3 0.7275 0.7422 0.0112 0.0125
3 0.7234 0.7463 0.0125 0.0112
3 0.7194 0.7525 0.0138 0.0112
3 0.7150 0.7566 0.0112 0.0100
3 0.7128 0.7588 0.0100 0.0112
3 0.5750 0.9041 0.0125 0.0112
3 0.5794 0.8969 0.0150 0.0125
3 0.5828 0.8931 0.0125 0.0112
3 0.5866 0.8887 0.0138 0.0150
3 0.5912 0.8863 0.0138 0.0163
3 0.5963 0.8787 0.0112 0.0138
3 0.6034 0.8697 0.0100 0.0112
3 0.5900 0.8681 0.0112 0.0112
3 0.6084 0.8672 0.0138 0.0125
3 0.6103 0.8634 0.0112 0.0112
3 0.6169 0.8600 0.0150 0.0138
3 0.6200 0.8553 0.0150 0.0138
3 0.6259 0.8503 0.0112 0.0100
3 0.6297 0.8463 0.0125 0.0112
3 0.6344 0.8422 0.0125 0.0125
3 0.6384 0.8375 0.0112 0.0125
3 0.6438 0.8344 0.0125 0.0125
3 0.6469 0.8291 0.0125 0.0112
3 0.6506 0.8244 0.0138 0.0112
3 0.6525 0.8203 0.0112 0.0125
3 0.7228 0.7297 0.0112 0.0125
3 0.7197 0.7344 0.0112 0.0125
3 0.7150 0.7378 0.0112 0.0100
3 0.7103 0.7425 0.0112 0.0100
3 0.5978 0.8581 0.0112 0.0100
3 0.6031 0.8531 0.0125 0.0125
3 0.6072 0.8488 0.0112 0.0100
3 0.6109 0.8463 0.0125 0.0112
3 0.6169 0.8422 0.0150 0.0125
3 0.6209 0.8366 0.0138 0.0138
3 0.6241 0.8328 0.0138 0.0125
3 0.6275 0.8275 0.0112 0.0112
3 0.6350 0.8250 0.0138 0.0125
3 0.6369 0.8203 0.0112 0.0125
3 0.6406 0.8156 0.0125 0.0125
3 0.6447 0.8103 0.0112 0.0112
3 0.6487 0.8066 0.0100 0.0100
3 0.6531 0.8025 0.0125 0.0112
3 0.6562 0.7972 0.0125 0.0100
3 0.6613 0.7931 0.0100 0.0112
3 0.6659 0.7900 0.0100 0.0112
3 0.6769 0.7769 0.0100 0.0100
3 0.6828 0.7722 0.0125 0.0100
3 0.6863 0.7684 0.0100 0.0087
3 0.6900 0.7650 0.0112 0.0112
3 0.6947 0.7588 0.0112 0.0112
3 0.6987 0.7562 0.0100 0.0125
3 0.7025 0.7525 0.0112 0.0112
3 0.7081 0.7463 0.0100 0.0112
3 0.6578 0.8162 0.0125 0.0138
3 0.6625 0.8109 0.0125 0.0125
3 0.6669 0.8078 0.0150 0.0125
3 0.8844 0.1837 0.0125 0.0112
3 0.8969 0.2025 0.0125 0.0112
3 0.9031 0.2141 0.0125 0.0125
3 0.9072 0.2175 0.0112 0.0100
3 0.9094 0.2213 0.0125 0.0112
3 0.8869 0.1894 0.0112 0.0100
3 0.8859 0.0053 0.0125 0.0075
3 0.8363 0.1187 0.0163 0.0125
3 0.8666 0.1266 0.0112 0.0125
3 0.8738 0.1203 0.0100 0.0125
3 0.8781 0.1178 0.0125 0.0138
3 0.8925 0.1250 0.0100 0.0125
3 0.8984 0.1225 0.0125 0.0138
3 0.9025 0.1172 0.0112 0.0125
3 0.8816 0.1328 0.0100 0.0125
3 0.8869 0.1288 0.0112 0.0138
3 0.9409 0.0741 0.0100 0.0138
3 0.9469 0.0731 0.0125 0.0150
3 0.9463 0.0891 0.0112 0.0125
3 0.9394 0.0953 0.0100 0.0125
3 0.9722 0.0544 0.0100 0.0150
3 0.9828 0.0656 0.0125 0.0125
3 0.9891 0.0409 0.0125 0.0163
3 0.9806 0.0469 0.0112 0.0125
3 0.9900 0.0563 0.0112 0.0125
3 0.8766 0.1744 0.0125 0.0112
3 0.6694 0.8031 0.0138 0.0125
3 0.6737 0.7984 0.0163 0.0125
3 0.6784 0.7953 0.0163 0.0125
3 0.6819 0.7897 0.0138 0.0138
3 0.6859 0.7853 0.0125 0.0112
3 0.6906 0.7822 0.0125 0.0112
3 0.6937 0.7781 0.0125 0.0125
3 0.6969 0.7744 0.0125 0.0112
3 0.7037 0.7678 0.0138 0.0138
3 0.7094 0.7662 0.0125 0.0138
3 0.6009 0.9094 0.0112 0.0125
3 0.6059 0.9069 0.0150 0.0138
3 0.6109 0.9031 0.0125 0.0125
3 0.6156 0.8981 0.0125 0.0150
3 0.6197 0.8931 0.0112 0.0112
3 0.6219 0.8912 0.0125 0.0138
3 0.6281 0.8859 0.0125 0.0125
3 0.6319 0.8812 0.0138 0.0125
3 0.6350 0.8772 0.0138 0.0138
3 0.6406 0.8713 0.0125 0.0112
3 0.6422 0.8688 0.0125 0.0125
3 0.6475 0.8637 0.0138 0.0150
3 0.6537 0.8597 0.0138 0.0163
3 0.6919 0.8141 0.0150 0.0125
3 0.5938 0.8634 0.0125 0.0112
3 0.5869 0.8713 0.0112 0.0112
3 0.5588 0.8031 0.0112 0.0125
3 0.5862 0.8134 0.0100 0.0112
3 0.5350 0.8650 0.0138 0.0112
3 0.5391 0.8603 0.0125 0.0112
3 0.5437 0.8562 0.0125 0.0125
3 0.5475 0.8522 0.0138 0.0138
3 0.5519 0.8478 0.0100 0.0112
3 0.5566 0.8438 0.0100 0.0125
3 0.5594 0.8397 0.0125 0.0138
3 0.5656 0.8344 0.0125 0.0125
3 0.5687 0.8309 0.0125 0.0087
3 0.5713 0.8269 0.0112 0.0100
3 0.5769 0.8213 0.0100 0.0112
3 0.5822 0.8166 0.0112 0.0112
3 0.5903 0.8081 0.0087 0.0100
3 0.5837 0.8759 0.0112 0.0112
3 0.5953 0.8053 0.0125 0.0138
3 0.5978 0.8016 0.0112 0.0125
3 0.6019 0.7963 0.0100 0.0112
3 0.6062 0.7916 0.0125 0.0112
3 0.6094 0.7884 0.0125 0.0112
3 0.6150 0.7838 0.0112 0.0112
3 0.6181 0.7800 0.0112 0.0100
3 0.6213 0.7753 0.0112 0.0100
3 0.6269 0.7706 0.0100 0.0100
3 0.6303 0.7656 0.0138 0.0125
3 0.6338 0.7619 0.0112 0.0112
3 0.6400 0.7584 0.0112 0.0138
3 0.6775 0.6806 0.0112 0.0112
3 0.6750 0.6838 0.0125 0.0112
3 0.6713 0.6894 0.0112 0.0100
3 0.6663 0.6928 0.0138 0.0138
3 0.5609 0.7997 0.0125 0.0150
3 0.5662 0.7944 0.0138 0.0138
3 0.5716 0.7903 0.0150 0.0150
3 0.5772 0.7850 0.0138 0.0138
3 0.5803 0.7819 0.0138 0.0138
3 0.5844 0.7781 0.0125 0.0125
3 0.5859 0.7741 0.0125 0.0138
3 0.5897 0.7700 0.0138 0.0150
3 0.5959 0.7662 0.0138 0.0138
3 0.5991 0.7609 0.0138 0.0125
3 0.6038 0.7569 0.0138 0.0138
3 0.6078 0.7522 0.0125 0.0138
3 0.6103 0.7475 0.0112 0.0138
3 0.6162 0.7444 0.0138 0.0138
3 0.6200 0.7406 0.0150 0.0125
3 0.6256 0.7353 0.0138 0.0112
3 0.6275 0.7328 0.0112 0.0125
3 0.6328 0.7278 0.0125 0.0150
3 0.6366 0.7219 0.0138 0.0125
3 0.6406 0.7178 0.0125 0.0138
3 0.6462 0.7137 0.0112 0.0150
3 0.6494 0.7094 0.0112 0.0125
3 0.6531 0.7050 0.0125 0.0163
3 0.6578 0.7028 0.0125 0.0150
3 0.6609 0.6969 0.0125 0.0125
3 0.6444 0.7525 0.0138 0.0112
3 0.6462 0.7478 0.0112 0.0112
3 0.6516 0.7447 0.0125 0.0112
3 0.6153 0.8016 0.0150 0.0125
3 0.6241 0.7931 0.0138 0.0112
3 0.6297 0.7888 0.0125 0.0087
3 0.6344 0.7838 0.0125 0.0112
3 0.6375 0.7797 0.0125 0.0125
3 0.6406 0.7766 0.0125 0.0125
3 0.6475 0.7712 0.0138 0.0112
3 0.6497 0.7681 0.0150 0.0112
3 0.6531 0.7634 0.0125 0.0112
3 0.6584 0.7600 0.0138 0.0138
3 0.6631 0.7537 0.0138 0.0138
3 0.6672 0.7484 0.0125 0.0125
3 0.6725 0.7447 0.0138 0.0112
3 0.6741 0.7409 0.0138 0.0100
3 0.6787 0.7384 0.0138 0.0112
3 0.6834 0.7328 0.0138 0.0125
3 0.6856 0.7288 0.0150 0.0138
3 0.6912 0.7241 0.0138 0.0138
3 0.6944 0.7200 0.0138 0.0150
3 0.7000 0.7162 0.0125 0.0138
3 0.7031 0.7109 0.0125 0.0125
3 0.7087 0.7087 0.0112 0.0112
3 0.5662 0.8953 0.0138 0.0125
3 0.5697 0.8894 0.0112 0.0100
3 0.5744 0.8831 0.0112 0.0100
3 0.5775 0.8800 0.0112 0.0100
3 0.6206 0.7963 0.0100 0.0112
3 0.6125 0.8078 0.0125 0.0125
3 0.6556 0.7394 0.0112 0.0100
3 0.6084 0.8109 0.0138 0.0125
3 0.6588 0.7362 0.0112 0.0100
3 0.6625 0.7316 0.0125 0.0100
3 0.6663 0.7269 0.0138 0.0100
3 0.6719 0.7228 0.0125 0.0112
3 0.6744 0.7191 0.0112 0.0100
3 0.6781 0.7141 0.0125 0.0125
3 0.6844 0.7100 0.0125 0.0138
3 0.6897 0.7053 0.0138 0.0138
3 0.6931 0.7025 0.0112 0.0112
3 0.6984 0.6984 0.0125 0.0125
3 0.5453 0.8759 0.0125 0.0112
3 0.5509 0.8706 0.0112 0.0100
3 0.5541 0.8666 0.0112 0.0112
3 0.5594 0.8625 0.0125 0.0125
3 0.5619 0.8578 0.0112 0.0125
3 0.5650 0.8541 0.0112 0.0112
3 0.5713 0.8500 0.0112 0.0125
3 0.5763 0.8481 0.0150 0.0150
3 0.5781 0.8400 0.0125 0.0112
3 0.5837 0.8359 0.0112 0.0125
3 0.5850 0.8325 0.0138 0.0150
3 0.5906 0.8275 0.0125 0.0112
3 0.5959 0.8225 0.0138 0.0138
3 0.5994 0.8187 0.0112 0.0125
3 0.6041 0.8150 0.0112 0.0112
3 0.0375 0.1962 0.0125 0.0112
3 0.1300 0.2437 0.0100 0.0125
3 0.1406 0.2337 0.0125 0.0112
