3 0.4012 0.8975 0.0087 0.0138
3 0.2834 0.9406 0.0075 0.0125
3 0.1591 0.9566 0.0150 0.0100
3 0.1325 0.9275 0.0150 0.0050
3 0.1694 0.9219 0.0138 0.0063
3 0.0353 0.5287 0.0050 0.0138
3 0.0744 0.4888 0.0050 0.0150
3 0.0325 0.5556 0.0150 0.0050
3 0.0353 0.5809 0.0112 0.0150
3 0.1913 0.5172 0.0138 0.0063
3 0.2162 0.5406 0.0138 0.0063
3 0.2169 0.5547 0.0150 0.0063
3 0.2125 0.5644 0.0125 0.0037
3 0.2125 0.5706 0.0125 0.0037
3 0.2081 0.5975 0.0163 0.0075
3 0.2059 0.6038 0.0150 0.0075
3 0.2044 0.6125 0.0150 0.0063
3 0.1700 0.8256 0.0150 0.0075
3 0.1812 0.8359 0.0125 0.0063
3 0.1762 0.8444 0.0150 0.0075
3 0.1747 0.8562 0.0150 0.0063
3 0.1731 0.9156 0.0150 0.0063
