3 0.0131 0.2294 0.0138 0.0087
3 0.0112 0.2469 0.0163 0.0063
3 0.0041 0.6497 0.0050 0.0087
3 0.0153 0.2172 0.0150 0.0063
3 0.0156 0.2084 0.0125 0.0075
3 0.0287 0.1725 0.0138 0.0075
3 0.0294 0.1647 0.0150 0.0075
3 0.0356 0.1278 0.0150 0.0087
3 0.0350 0.1444 0.0138 0.0075
3 0.0325 0.1584 0.0150 0.0075
3 0.2134 0.9988 0.0050 0.0037
3 0.1994 0.9959 0.0050 0.0075
3 0.1909 0.9950 0.0037 0.0087
3 0.3222 0.9881 0.0163 0.0075
3 0.3419 0.9903 0.0150 0.0087
3 0.3669 0.9944 0.0150 0.0075
3 0.5297 0.9547 0.0063 0.0125
3 0.5563 0.9453 0.0063 0.0125
3 0.5319 0.9287 0.0075 0.0138
3 0.5375 0.9106 0.0063 0.0150
3 0.5100 0.9194 0.0138 0.0075
3 0.5391 0.8953 0.0063 0.0125
3 0.5656 0.8766 0.0063 0.0125
3 0.2475 0.9512 0.0138 0.0087
3 0.2072 0.9969 0.0050 0.0063
3 0.2228 0.9988 0.0050 0.0037
3 0.2300 0.9981 0.0037 0.0025
3 0.1888 0.8131 0.0087 0.0138
3 0.1781 0.8600 0.0063 0.0138
3 0.1716 0.8897 0.0087 0.0138
3 0.1684 0.9044 0.0087 0.0150
3 0.1547 0.9416 0.0125 0.0238
3 0.1734 0.9641 0.0187 0.0063
3 0.2453 0.9981 0.0063 0.0025
3 0.2369 0.9981 0.0050 0.0025
3 0.7897 0.8944 0.0138 0.0450
3 0.7797 0.8775 0.0125 0.0362
3 0.7712 0.8747 0.0112 0.0400
3 0.7600 0.8766 0.0138 0.0437
3 0.7228 0.3616 0.0425 0.0138
3 0.8656 0.9978 0.0375 0.0050
3 0.0688 0.0094 0.0063 0.0125
3 0.0553 0.0078 0.0075 0.0125
3 0.0400 0.0047 0.0050 0.0063
3 0.0322 0.0041 0.0050 0.0050
3 0.0259 0.0028 0.0050 0.0025
3 0.0078 0.0184 0.0063 0.0150
3 0.0147 0.0219 0.0075 0.0125
3 0.0241 0.0219 0.0075 0.0125
3 0.0334 0.0356 0.0075 0.0150
3 0.0409 0.0362 0.0100 0.0163
3 0.0472 0.0397 0.0100 0.0138
3 0.0528 0.0422 0.0087 0.0125
3 0.0622 0.0428 0.0087 0.0138
3 0.0606 0.0731 0.0087 0.0150
3 0.0275 0.0350 0.0050 0.0138
3 0.2491 0.9444 0.0138 0.0075
3 0.2903 0.9181 0.0150 0.0050
3 0.2906 0.9094 0.0125 0.0063
3 0.2587 0.9016 0.0112 0.0063
3 0.4997 0.4375 0.0087 0.0125
3 0.4912 0.5584 0.0138 0.0075
3 0.5891 0.5469 0.0063 0.0125
3 0.6094 0.5544 0.0063 0.0150
3 0.5944 0.5081 0.0075 0.0163
3 0.2522 0.5122 0.0075 0.0150
3 0.2597 0.4794 0.0100 0.0150
3 0.2500 0.4819 0.0063 0.0138
3 0.4984 0.4566 0.0063 0.0163
3 0.3150 0.3822 0.0112 0.0050
3 0.4694 0.3463 0.0138 0.0050
3 0.4672 0.3791 0.0125 0.0050
3 0.4747 0.3384 0.0150 0.0050
3 0.5069 0.2966 0.0075 0.0150
3 0.5116 0.2662 0.0075 0.0138
3 0.5266 0.2522 0.0063 0.0138
3 0.5181 0.2219 0.0050 0.0125
3 0.3119 0.2350 0.0050 0.0138
3 0.3191 0.5753 0.0100 0.0163
3 0.3372 0.6519 0.0150 0.0037
3 0.3350 0.6631 0.0138 0.0075
3 0.3341 0.6700 0.0150 0.0087
3 0.2609 0.8953 0.0125 0.0063
3 0.2616 0.8875 0.0138 0.0063
3 0.2616 0.8812 0.0138 0.0063
3 0.2662 0.8641 0.0138 0.0063
3 0.2675 0.8594 0.0163 0.0063
3 0.2981 0.8662 0.0150 0.0075
3 0.3134 0.9469 0.0050 0.0125
3 0.4803 0.9059 0.0138 0.0087
3 0.3050 0.8222 0.0163 0.0100
3 0.4903 0.8428 0.0150 0.0075
3 0.4912 0.8375 0.0138 0.0063
3 0.4969 0.7928 0.0125 0.0075
3 0.4725 0.7375 0.0075 0.0125
3 0.3247 0.7037 0.0150 0.0075
3 0.3287 0.6887 0.0138 0.0087
3 0.3297 0.6834 0.0125 0.0075
3 0.3334 0.6750 0.0138 0.0063
3 0.3147 0.2213 0.0075 0.0112
3 0.3203 0.1966 0.0063 0.0150
3 0.3250 0.1675 0.0063 0.0163
3 0.5869 0.0312 0.0050 0.0125
3 0.5272 0.0266 0.0138 0.0063
3 0.5287 0.0194 0.0138 0.0075
3 0.5281 0.0125 0.0125 0.0063
3 0.5281 0.0063 0.0125 0.0063
3 0.5306 0.0022 0.0112 0.0013
3 0.3916 0.0569 0.0112 0.0075
3 0.4075 0.0594 0.0150 0.0063
3 0.3953 0.0328 0.0125 0.0063
3 0.4125 0.0359 0.0125 0.0063
3 0.4281 0.0387 0.0125 0.0087
3 0.4559 0.0428 0.0150 0.0075
3 0.4813 0.0453 0.0125 0.0063
3 0.5794 0.0056 0.0150 0.0050
3 0.5769 0.0125 0.0100 0.0063
3 0.5775 0.0312 0.0050 0.0125
3 0.2938 0.1841 0.0063 0.0150
3 0.5687 0.0291 0.0063 0.0112
3 0.3019 0.1531 0.0037 0.0125
3 0.5369 0.1797 0.0050 0.0125
3 0.5384 0.1650 0.0050 0.0112
3 0.5312 0.1297 0.0063 0.0125
3 0.5334 0.1147 0.0075 0.0138
3 0.3069 0.1334 0.0075 0.0138
3 0.3094 0.1172 0.0063 0.0125
3 0.3131 0.1031 0.0075 0.0125
3 0.3163 0.0838 0.0075 0.0112
3 0.3194 0.0713 0.0075 0.0112
3 0.3209 0.0563 0.0075 0.0125
3 0.3375 0.1147 0.0063 0.0138
3 0.3397 0.0991 0.0075 0.0138
3 0.4653 0.1272 0.0150 0.0075
3 0.4647 0.0688 0.0138 0.0063
3 0.5894 0.0866 0.0100 0.0075
3 0.5959 0.0631 0.0138 0.0075
3 0.7438 0.9725 0.0063 0.0138
3 0.7725 0.9969 0.0138 0.0063
3 0.8091 0.9459 0.0150 0.0075
3 0.9812 0.1319 0.0125 0.0075
3 0.9947 0.1359 0.0112 0.0063
3 0.6631 0.1891 0.0075 0.0125
3 0.6359 0.2328 0.0063 0.0125
3 0.6334 0.2475 0.0075 0.0138
3 0.6531 0.2519 0.0063 0.0100
3 0.6516 0.2650 0.0063 0.0112
3 0.6287 0.2834 0.0075 0.0138
3 0.6484 0.2828 0.0063 0.0125
3 0.6469 0.2978 0.0063 0.0112
3 0.9656 0.1309 0.0125 0.0087
3 0.9525 0.1288 0.0112 0.0075
3 0.9381 0.1263 0.0138 0.0087
3 0.9219 0.1250 0.0125 0.0063
3 0.7859 0.0406 0.0063 0.0125
3 0.9825 0.0709 0.0087 0.0138
3 0.9803 0.0906 0.0075 0.0125
3 0.9344 0.0912 0.0063 0.0138
3 0.6681 0.0719 0.0112 0.0063
3 0.6466 0.1413 0.0087 0.0138
3 0.6650 0.1712 0.0050 0.0112
3 0.6431 0.1734 0.0050 0.0125
3 0.6406 0.1900 0.0063 0.0112
3 0.7087 0.0925 0.0112 0.0037
3 0.7234 0.0969 0.0125 0.0063
3 0.7775 0.1047 0.0112 0.0063
3 0.7922 0.1053 0.0125 0.0075
3 0.8222 0.1100 0.0163 0.0075
3 0.8375 0.1131 0.0125 0.0075
3 0.8647 0.1172 0.0138 0.0063
3 0.8766 0.1187 0.0125 0.0063
3 0.7888 0.0287 0.0087 0.0138
3 0.7719 0.0119 0.0125 0.0050
3 0.7769 0.0022 0.0100 0.0013
3 0.5050 0.9753 0.0163 0.0100
