3 0.5344 0.7609 0.0125 0.0063
3 0.1663 0.7072 0.0138 0.0050
3 0.1794 0.7359 0.0150 0.0063
3 0.5703 0.8756 0.0063 0.0138
3 0.5334 0.9269 0.0075 0.0163
3 0.4006 0.9841 0.0075 0.0150
3 0.3578 0.7100 0.0063 0.0138
3 0.2587 0.4366 0.0050 0.0138
3 0.0772 0.5434 0.0075 0.0150
3 0.1481 0.5450 0.0150 0.0087
3 0.0484 0.5672 0.0125 0.0063
3 0.2109 0.6016 0.0063 0.0125
3 0.4956 0.5437 0.0163 0.0063
3 0.6300 0.5481 0.0163 0.0087
3 0.6434 0.5650 0.0087 0.0112
3 0.6594 0.5797 0.0125 0.0187
3 0.4475 0.7494 0.0138 0.0050
3 0.4344 0.7744 0.0125 0.0050
3 0.0409 0.7509 0.0100 0.0175
3 0.0394 0.7994 0.0100 0.0175
3 0.0616 0.6344 0.0075 0.0125
3 0.0653 0.6481 0.0087 0.0150
3 0.0813 0.6159 0.0063 0.0163
3 0.1781 0.9381 0.0125 0.0075
3 0.0903 0.9731 0.0087 0.0150
3 0.5766 0.4725 0.0063 0.0138
3 0.4881 0.4428 0.0138 0.0075
3 0.4391 0.4338 0.0125 0.0050
3 0.3987 0.4275 0.0163 0.0050
3 0.2350 0.3766 0.0138 0.0063
3 0.1272 0.2628 0.0075 0.0163
3 0.1281 0.3369 0.0063 0.0175
3 0.1366 0.3394 0.0075 0.0163
3 0.1087 0.3756 0.0112 0.0138
3 0.0631 0.3725 0.0138 0.0075
3 0.0750 0.4209 0.0063 0.0138
3 0.0681 0.4531 0.0050 0.0125
3 0.0744 0.4544 0.0050 0.0150
3 0.2162 0.3750 0.0138 0.0063
3 0.2584 0.3819 0.0138 0.0075
3 0.1416 0.1850 0.0050 0.0138
3 0.3050 0.3881 0.0163 0.0075
3 0.3247 0.3888 0.0150 0.0087
3 0.3528 0.3937 0.0150 0.0063
3 0.3853 0.3994 0.0112 0.0050
3 0.4362 0.4069 0.0163 0.0075
3 0.3669 0.4125 0.0150 0.0063
3 0.2497 0.4062 0.0150 0.0063
3 0.3266 0.4172 0.0187 0.0063
3 0.3575 0.4225 0.0150 0.0075
3 0.1506 0.2244 0.0075 0.0175
3 0.1569 0.1066 0.0075 0.0163
3 0.8178 0.4022 0.0075 0.0138
3 0.7312 0.3663 0.0125 0.0075
3 0.7466 0.3669 0.0150 0.0087
3 0.6737 0.4484 0.0163 0.0125
3 0.7122 0.4287 0.0087 0.0138
3 0.7184 0.4309 0.0087 0.0150
3 0.7241 0.4328 0.0075 0.0125
3 0.7569 0.4350 0.0075 0.0138
3 0.7819 0.4397 0.0075 0.0138
3 0.7944 0.4131 0.0075 0.0138
3 0.7931 0.3969 0.0050 0.0125
3 0.5591 0.5644 0.0150 0.0100
3 0.7853 0.3975 0.0050 0.0138
3 0.7791 0.3975 0.0050 0.0138
3 0.7725 0.3959 0.0075 0.0138
3 0.7631 0.4078 0.0075 0.0125
3 0.7350 0.4034 0.0075 0.0163
3 0.7266 0.4044 0.0063 0.0150
3 0.7794 0.3716 0.0150 0.0087
3 0.8069 0.3750 0.0138 0.0063
3 0.9037 0.3881 0.0138 0.0075
3 0.1300 0.1512 0.0100 0.0087
3 0.1422 0.2344 0.0063 0.0125
3 0.1306 0.3200 0.0050 0.0150
3 0.1334 0.2966 0.0075 0.0150
3 0.1381 0.2741 0.0075 0.0138
3 0.0597 0.9437 0.0100 0.0125
3 0.5853 0.7825 0.0112 0.0212
