3 0.0316 0.7734 0.0100 0.0312
3 0.0697 0.4978 0.0112 0.0300
3 0.0400 0.7097 0.0112 0.0287
3 0.0353 0.7416 0.0112 0.0300
3 0.1009 0.2812 0.0050 0.0125
3 0.0672 0.3634 0.0063 0.0112
3 0.0631 0.3794 0.0075 0.0150
3 0.0875 0.3744 0.0063 0.0112
3 0.0891 0.3578 0.0063 0.0125
3 0.0928 0.3419 0.0075 0.0150
3 0.0931 0.3275 0.0050 0.0112
3 0.0959 0.3156 0.0075 0.0125
3 0.0994 0.2969 0.0050 0.0125
3 0.1047 0.1081 0.0063 0.0163
3 0.0506 0.6306 0.0138 0.0050
3 0.5881 0.6031 0.0075 0.0125
3 0.6056 0.6906 0.0112 0.0125
3 0.5475 0.7303 0.0075 0.0138
3 0.5528 0.7675 0.0087 0.0163
3 0.5963 0.7522 0.0112 0.0138
3 0.5919 0.7781 0.0150 0.0125
3 0.5875 0.8056 0.0125 0.0112
3 0.5875 0.8156 0.0125 0.0125
3 0.0688 0.3481 0.0063 0.0150
3 0.0719 0.3334 0.0063 0.0138
3 0.0728 0.3163 0.0050 0.0138
3 0.0791 0.2794 0.0050 0.0150
3 0.0522 0.6181 0.0138 0.0050
3 0.0713 0.6350 0.0050 0.0138
3 0.0897 0.6347 0.0138 0.0100
3 0.1125 0.5872 0.0063 0.0150
3 0.1594 0.5919 0.0063 0.0150
3 0.1672 0.5959 0.0063 0.0138
3 0.1753 0.5969 0.0100 0.0125
3 0.0516 0.4531 0.0063 0.0125
3 0.0747 0.4619 0.0087 0.0112
3 0.0844 0.3981 0.0063 0.0150
3 0.0622 0.3969 0.0087 0.0125
3 0.0584 0.4088 0.0075 0.0112
3 0.0572 0.4263 0.0050 0.0150
3 0.0541 0.4406 0.0050 0.0125
3 0.0756 0.4463 0.0075 0.0112
3 0.0788 0.4297 0.0075 0.0125
3 0.0813 0.4162 0.0063 0.0138
3 0.5431 0.8894 0.0050 0.0163
3 0.6169 0.5141 0.0087 0.0125
3 0.6922 0.2694 0.0063 0.0138
3 0.0516 0.6250 0.0125 0.0063
3 0.0484 0.6369 0.0125 0.0050
3 0.0494 0.6431 0.0112 0.0050
3 0.0703 0.8094 0.0063 0.0125
3 0.0066 0.9306 0.0100 0.0050
3 0.0072 0.9250 0.0112 0.0063
3 0.0094 0.9119 0.0125 0.0050
3 0.0094 0.9062 0.0125 0.0063
3 0.0094 0.8994 0.0125 0.0050
3 0.0041 0.7859 0.0050 0.0125
3 0.0050 0.7728 0.0037 0.0112
3 0.0063 0.7588 0.0063 0.0112
3 0.0094 0.7453 0.0063 0.0125
3 0.0119 0.7312 0.0050 0.0125
3 0.0187 0.6894 0.0063 0.0100
3 0.0187 0.6750 0.0063 0.0125
3 0.0212 0.6594 0.0050 0.0125
3 0.0931 0.7150 0.0050 0.0112
3 0.0791 0.7116 0.0050 0.0138
3 0.0397 0.8422 0.0138 0.0063
3 0.0744 0.8572 0.0050 0.0112
3 0.0944 0.8906 0.0075 0.0125
3 0.0697 0.8428 0.0050 0.0138
3 0.0750 0.8453 0.0063 0.0125
3 0.0813 0.8444 0.0063 0.0138
3 0.0869 0.8444 0.0050 0.0138
3 0.0869 0.8866 0.0050 0.0138
3 0.6866 0.1153 0.0075 0.0150
3 0.8519 0.0537 0.0163 0.0138
3 0.9084 0.0563 0.0138 0.0125
3 0.8981 0.0709 0.0150 0.0138
3 0.8825 0.0781 0.0150 0.0125
3 0.9272 0.0797 0.0138 0.0125
3 0.9481 0.0859 0.0150 0.0125
3 0.9859 0.0969 0.0125 0.0125
3 0.9772 0.1291 0.0138 0.0112
3 0.9863 0.1475 0.0163 0.0138
3 0.9400 0.1106 0.0175 0.0150
3 0.9484 0.1256 0.0187 0.0138
3 0.0797 0.3609 0.0063 0.0125
3 0.0119 0.8875 0.0112 0.0063
