3 0.4769 0.0066 0.0100 0.0100
3 0.4697 0.0072 0.0112 0.0112
3 0.4825 0.0147 0.0087 0.0138
3 0.5859 0.1469 0.0125 0.0125
3 0.6141 0.1294 0.0125 0.0150
3 0.6206 0.1244 0.0100 0.0112
3 0.6244 0.1219 0.0112 0.0125
3 0.4600 0.0287 0.0138 0.0138
3 0.4650 0.0231 0.0112 0.0150
3 0.4694 0.0212 0.0138 0.0175
3 0.4753 0.0184 0.0100 0.0150
3 0.3153 0.0034 0.0087 0.0037
3 0.0344 0.6916 0.0125 0.0112
3 0.0306 0.6969 0.0112 0.0125
3 0.0266 0.7009 0.0125 0.0112
3 0.0225 0.7056 0.0138 0.0112
3 0.0181 0.7097 0.0112 0.0100
3 0.0144 0.7134 0.0100 0.0112
3 0.0259 0.6844 0.0112 0.0125
3 0.0212 0.6875 0.0112 0.0125
3 0.0181 0.6909 0.0112 0.0100
3 0.0134 0.6956 0.0112 0.0100
3 0.0041 0.7103 0.0050 0.0112
3 0.0066 0.7056 0.0100 0.0112
3 0.0097 0.7009 0.0100 0.0112
3 0.3287 0.1225 0.0138 0.0138
3 0.1859 0.1384 0.0125 0.0112
3 0.1984 0.1556 0.0125 0.0112
3 0.2047 0.1672 0.0125 0.0125
3 0.2087 0.1706 0.0112 0.0100
3 0.2125 0.1759 0.0125 0.0112
3 0.1900 0.1441 0.0112 0.0100
3 0.1394 0.0719 0.0163 0.0125
3 0.1697 0.0797 0.0112 0.0125
3 0.1769 0.0734 0.0100 0.0125
3 0.1812 0.0725 0.0125 0.0138
3 0.1956 0.0781 0.0100 0.0125
3 0.2016 0.0756 0.0125 0.0138
3 0.2056 0.0719 0.0112 0.0125
3 0.1831 0.0859 0.0100 0.0125
3 0.1900 0.0834 0.0112 0.0138
3 0.2441 0.0287 0.0100 0.0138
3 0.2500 0.0263 0.0125 0.0150
3 0.2494 0.0422 0.0112 0.0125
3 0.2409 0.0484 0.0100 0.0125
3 0.2753 0.0084 0.0100 0.0138
3 0.2844 0.0187 0.0125 0.0125
3 0.2938 0.0022 0.0063 0.0013
3 0.2831 0.0041 0.0100 0.0050
3 0.2931 0.0094 0.0112 0.0125
3 0.1781 0.1275 0.0125 0.0112
3 0.4006 0.2641 0.0138 0.0125
3 0.3912 0.2500 0.0138 0.0125
3 0.0041 0.7284 0.0050 0.0100
3 0.0078 0.7225 0.0125 0.0138
3 0.0109 0.7194 0.0125 0.0138
3 0.3559 0.2022 0.0150 0.0138
3 0.3663 0.2166 0.0138 0.0112
3 0.0053 0.6694 0.0075 0.0138
3 0.0072 0.6656 0.0112 0.0125
3 0.0103 0.6619 0.0112 0.0112
3 0.0047 0.6525 0.0063 0.0112
3 0.8528 0.3097 0.0150 0.0100
3 0.9078 0.4609 0.0063 0.0125
3 0.8969 0.4725 0.0063 0.0138
