3 0.0700 0.1750 0.0087 0.0187
3 0.3688 0.6394 0.0187 0.0350
3 0.3206 0.5166 0.0100 0.0175
3 0.3150 0.4453 0.0112 0.0187
3 0.3362 0.4938 0.0100 0.0125
3 0.3850 0.6675 0.0138 0.0225
3 0.3644 0.5422 0.0225 0.0375
3 0.1291 0.4938 0.0112 0.0187
3 0.0656 0.5153 0.0125 0.0150
3 0.0775 0.5119 0.0112 0.0175
3 0.0941 0.5050 0.0100 0.0163
3 0.2250 0.3359 0.0125 0.0125
3 0.1881 0.1750 0.0075 0.0187
3 0.1875 0.1000 0.0063 0.0187
3 0.1341 0.3650 0.0150 0.0112
3 0.0928 0.3550 0.0138 0.0100
3 0.0531 0.3344 0.0125 0.0125
3 0.4047 0.7347 0.0125 0.0225
3 0.0072 0.8525 0.0112 0.0112
3 0.0084 0.8578 0.0138 0.0063
3 0.0106 0.8659 0.0150 0.0100
3 0.1419 0.7981 0.0150 0.0087
3 0.2806 0.6775 0.0175 0.0112
3 0.3922 0.6597 0.0187 0.0350
3 0.4500 0.8231 0.0125 0.0275
3 0.4559 0.8494 0.0150 0.0238
3 0.4634 0.9062 0.0112 0.0187
3 0.4847 0.9778 0.0100 0.0212
3 0.1075 0.0466 0.0087 0.0087
3 0.0441 0.0494 0.0100 0.0112
3 0.0784 0.0694 0.0100 0.0138
3 0.0844 0.0634 0.0125 0.0112
3 0.1212 0.0603 0.0112 0.0112
3 0.1003 0.0769 0.0163 0.0100
3 0.0909 0.0825 0.0100 0.0087
3 0.0803 0.0903 0.0138 0.0087
3 0.0497 0.1150 0.0087 0.0112
3 0.0422 0.1178 0.0125 0.0138
3 0.0341 0.1281 0.0087 0.0125
3 0.0287 0.1331 0.0075 0.0100
3 0.0234 0.1359 0.0063 0.0125
3 0.0144 0.1456 0.0100 0.0163
3 0.0081 0.1503 0.0100 0.0163
3 0.0588 0.1447 0.0112 0.0112
3 0.0534 0.1509 0.0100 0.0112
3 0.0472 0.1534 0.0100 0.0100
3 0.0425 0.1581 0.0100 0.0100
3 0.0319 0.1656 0.0138 0.0125
3 0.0259 0.1712 0.0112 0.0112
3 0.0159 0.1775 0.0100 0.0112
3 0.0097 0.1825 0.0100 0.0087
3 0.0059 0.1869 0.0087 0.0112
3 0.0109 0.2216 0.0063 0.0150
3 0.0472 0.1894 0.0100 0.0163
3 0.0537 0.1869 0.0075 0.0112
3 0.0750 0.1688 0.0063 0.0125
3 0.0863 0.1600 0.0100 0.0138
3 0.0903 0.1547 0.0087 0.0125
3 0.1384 0.1100 0.0112 0.0138
3 0.1434 0.1075 0.0087 0.0087
3 0.1469 0.1019 0.0125 0.0100
3 0.1516 0.0856 0.0125 0.0087
3 0.1106 0.2462 0.0087 0.0112
3 0.1050 0.2500 0.0100 0.0125
3 0.0903 0.2591 0.0087 0.0150
3 0.0834 0.2616 0.0075 0.0138
3 0.0788 0.2656 0.0075 0.0125
3 0.0738 0.2678 0.0100 0.0138
3 0.0675 0.2731 0.0100 0.0150
3 0.0622 0.2731 0.0087 0.0150
3 0.0575 0.2787 0.0087 0.0138
3 0.0522 0.2809 0.0075 0.0150
3 0.0466 0.2831 0.0087 0.0163
3 0.0425 0.2891 0.0100 0.0125
3 0.0347 0.2928 0.0100 0.0138
3 0.0316 0.2969 0.0100 0.0125
3 0.0269 0.2984 0.0100 0.0125
3 0.0200 0.3044 0.0087 0.0150
3 0.0138 0.3053 0.0087 0.0138
3 0.1459 0.4869 0.0075 0.0175
3 0.1531 0.4844 0.0063 0.0187
3 0.1631 0.4806 0.0075 0.0175
3 0.1694 0.4769 0.0075 0.0163
3 0.1756 0.4778 0.0075 0.0150
3 0.1828 0.4741 0.0063 0.0138
3 0.1891 0.4738 0.0063 0.0163
3 0.1944 0.4716 0.0075 0.0150
3 0.2006 0.4675 0.0075 0.0163
3 0.2059 0.4669 0.0087 0.0150
3 0.2106 0.4628 0.0087 0.0163
3 0.2200 0.4616 0.0087 0.0138
3 0.1506 0.5162 0.0075 0.0138
3 0.1569 0.5156 0.0075 0.0125
3 0.1741 0.5106 0.0075 0.0150
3 0.1872 0.5053 0.0087 0.0138
3 0.1934 0.5037 0.0087 0.0138
3 0.2116 0.4975 0.0075 0.0138
3 0.2162 0.4969 0.0075 0.0125
3 0.2022 0.5344 0.0075 0.0125
3 0.1741 0.5466 0.0075 0.0150
3 0.1903 0.5403 0.0087 0.0150
3 0.1200 0.5647 0.0087 0.0138
3 0.1131 0.5681 0.0075 0.0175
3 0.1012 0.5722 0.0087 0.0163
