3 0.8581 0.5763 0.0163 0.0087
3 0.8434 0.6506 0.0150 0.0075
3 0.8453 0.6400 0.0187 0.0112
3 0.8919 0.4588 0.0150 0.0112
3 0.8881 0.4650 0.0138 0.0112
3 0.8863 0.4781 0.0163 0.0125
3 0.8838 0.4853 0.0175 0.0112
3 0.8816 0.4987 0.0163 0.0100
3 0.8806 0.5050 0.0175 0.0100
3 0.8759 0.5159 0.0175 0.0163
3 0.8700 0.5372 0.0150 0.0087
3 0.8678 0.5444 0.0138 0.0075
3 0.8656 0.5506 0.0125 0.0075
3 0.8637 0.5600 0.0150 0.0075
3 0.8613 0.5659 0.0163 0.0100
3 0.8566 0.5834 0.0163 0.0075
3 0.8194 0.6206 0.0138 0.0100
3 0.8556 0.5906 0.0175 0.0063
3 0.8556 0.5988 0.0175 0.0037
3 0.8553 0.6062 0.0138 0.0125
3 0.8503 0.6150 0.0163 0.0112
3 0.8469 0.6238 0.0125 0.0100
3 0.8478 0.6338 0.0175 0.0112
3 0.7853 0.6766 0.0175 0.0125
3 0.7816 0.6809 0.0163 0.0150
3 0.8019 0.6809 0.0163 0.0087
3 0.7959 0.6875 0.0138 0.0125
3 0.7975 0.6694 0.0138 0.0075
3 0.8006 0.6594 0.0200 0.0125
3 0.8213 0.7066 0.0112 0.0100
3 0.8306 0.7134 0.0112 0.0175
3 0.8162 0.6262 0.0138 0.0087
3 0.8216 0.6112 0.0150 0.0100
3 0.8941 0.4516 0.0163 0.0125
3 0.8191 0.5613 0.0163 0.0100
3 0.8178 0.5697 0.0138 0.0112
3 0.8113 0.5759 0.0163 0.0112
3 0.8091 0.5859 0.0150 0.0125
3 0.8100 0.5916 0.0138 0.0112
3 0.8084 0.6006 0.0138 0.0075
3 0.8066 0.6062 0.0163 0.0063
3 0.8044 0.6131 0.0150 0.0075
3 0.8034 0.6206 0.0163 0.0100
3 0.8003 0.6275 0.0163 0.0112
3 0.7975 0.6338 0.0138 0.0112
3 0.8113 0.6384 0.0163 0.0112
3 0.8572 0.4631 0.0175 0.0138
3 0.8969 0.4463 0.0125 0.0112
3 0.8566 0.4706 0.0163 0.0100
3 0.8238 0.6000 0.0163 0.0125
3 0.8550 0.4781 0.0163 0.0125
3 0.8528 0.4847 0.0150 0.0100
3 0.8506 0.4925 0.0138 0.0100
3 0.8488 0.5003 0.0163 0.0100
3 0.8475 0.5094 0.0138 0.0125
3 0.8412 0.5294 0.0138 0.0087
3 0.8397 0.5391 0.0138 0.0125
3 0.8366 0.5466 0.0138 0.0087
3 0.8356 0.5541 0.0150 0.0112
3 0.8356 0.5603 0.0150 0.0112
3 0.8313 0.5700 0.0125 0.0087
3 0.8287 0.5784 0.0138 0.0100
3 0.8272 0.5841 0.0138 0.0087
3 0.8231 0.5912 0.0150 0.0138
3 0.8550 0.7528 0.0163 0.0150
3 0.7737 0.7300 0.0163 0.0100
3 0.7681 0.7372 0.0175 0.0087
3 0.7709 0.7428 0.0138 0.0138
3 0.7684 0.7503 0.0150 0.0100
3 0.7425 0.7831 0.0163 0.0100
3 0.7422 0.7906 0.0125 0.0063
3 0.7644 0.7806 0.0100 0.0175
3 0.7741 0.7894 0.0138 0.0100
3 0.8050 0.7863 0.0100 0.0163
3 0.7906 0.7987 0.0125 0.0163
3 0.8397 0.7747 0.0138 0.0087
3 0.8300 0.8050 0.0100 0.0163
3 0.8216 0.8103 0.0087 0.0175
3 0.8162 0.8109 0.0075 0.0187
3 0.8103 0.8103 0.0050 0.0175
3 0.8047 0.8119 0.0063 0.0175
3 0.7987 0.8156 0.0100 0.0187
3 0.7900 0.8184 0.0112 0.0212
3 0.7847 0.8213 0.0100 0.0175
3 0.7787 0.8247 0.0075 0.0150
3 0.8478 0.7688 0.0175 0.0187
3 0.8184 0.5531 0.0150 0.0125
3 0.8225 0.5481 0.0200 0.0150
3 0.8238 0.5372 0.0163 0.0087
3 0.8262 0.5331 0.0150 0.0100
3 0.7753 0.5331 0.0163 0.0100
3 0.6956 0.2466 0.0163 0.0150
3 0.7362 0.1316 0.0163 0.0100
3 0.7347 0.1394 0.0163 0.0100
3 0.7356 0.1462 0.0150 0.0112
3 0.7331 0.1606 0.0163 0.0087
3 0.7959 0.4675 0.0138 0.0100
3 0.7913 0.4831 0.0138 0.0100
3 0.7831 0.5131 0.0163 0.0075
3 0.7816 0.5194 0.0163 0.0075
3 0.7784 0.5269 0.0163 0.0100
3 0.7728 0.5406 0.0175 0.0125
3 0.7706 0.5472 0.0163 0.0100
3 0.7675 0.5519 0.0163 0.0100
3 0.7656 0.5603 0.0187 0.0112
3 0.7619 0.5675 0.0175 0.0100
3 0.7591 0.5759 0.0150 0.0112
3 0.8606 0.4562 0.0150 0.0125
3 0.8431 0.4672 0.0112 0.0125
3 0.8403 0.4750 0.0150 0.0125
3 0.8381 0.4800 0.0138 0.0100
3 0.8356 0.4869 0.0150 0.0112
3 0.8347 0.4956 0.0163 0.0100
3 0.8313 0.5031 0.0187 0.0125
3 0.8303 0.5134 0.0138 0.0112
3 0.8253 0.5253 0.0163 0.0100
3 0.7009 0.2325 0.0175 0.0150
3 0.6906 0.1931 0.0187 0.0175
3 0.6994 0.1678 0.0175 0.0138
3 0.6981 0.1450 0.0150 0.0087
3 0.2825 0.0856 0.0087 0.0150
3 0.2553 0.0109 0.0200 0.0125
3 0.2475 0.0341 0.0200 0.0150
3 0.2444 0.0428 0.0200 0.0138
3 0.1931 0.0697 0.0112 0.0175
3 0.2003 0.0728 0.0100 0.0175
3 0.2069 0.0744 0.0075 0.0175
3 0.2131 0.0797 0.0075 0.0187
3 0.2191 0.0816 0.0100 0.0163
3 0.2275 0.0853 0.0112 0.0175
3 0.2888 0.0863 0.0087 0.0163
3 0.2950 0.0884 0.0087 0.0175
3 0.3019 0.0922 0.0100 0.0187
3 0.3097 0.0963 0.0100 0.0175
3 0.3309 0.1487 0.0087 0.0163
3 0.3425 0.1550 0.0100 0.0163
3 0.3478 0.1613 0.0112 0.0163
3 0.4412 0.1075 0.0138 0.0087
3 0.4412 0.1175 0.0138 0.0100
3 0.4416 0.1475 0.0112 0.0200
3 0.4472 0.1500 0.0100 0.0187
3 0.4544 0.1541 0.0150 0.0175
3 0.4625 0.1519 0.0125 0.0163
3 0.4722 0.1547 0.0100 0.0187
3 0.5906 0.1047 0.0125 0.0125
3 0.6997 0.1263 0.0150 0.0087
3 0.6981 0.1325 0.0150 0.0087
3 0.6972 0.1394 0.0163 0.0100
3 0.9978 0.9009 0.0050 0.0050
3 0.9637 0.8078 0.0150 0.0125
3 0.9950 0.8572 0.0087 0.0112
3 0.9619 0.8794 0.0175 0.0087
3 0.9619 0.8872 0.0175 0.0087
3 0.9591 0.8941 0.0150 0.0100
3 0.9906 0.8825 0.0125 0.0087
3 0.9903 0.8894 0.0150 0.0100
3 0.9891 0.8978 0.0125 0.0112
3 0.9988 0.8934 0.0037 0.0087
3 0.9950 0.9069 0.0087 0.0075
3 0.9947 0.9137 0.0112 0.0087
3 0.9956 0.9197 0.0100 0.0112
3 0.9116 0.4622 0.0075 0.0150
3 0.7213 0.2650 0.0175 0.0112
3 0.6966 0.2859 0.0087 0.0187
3 0.4900 0.0528 0.0112 0.0150
3 0.4772 0.0263 0.0138 0.0087
3 0.2703 0.0169 0.0125 0.0150
