3 0.9922 0.4469 0.0125 0.0187
3 0.9969 0.4612 0.0063 0.0163
3 0.9956 0.4150 0.0100 0.0175
3 0.9891 0.4188 0.0125 0.0187
3 0.9844 0.4194 0.0125 0.0200
3 0.9928 0.5112 0.0138 0.0225
3 0.9575 0.4153 0.0087 0.0150
3 0.9613 0.4306 0.0100 0.0175
3 0.9678 0.4450 0.0075 0.0150
3 0.9738 0.4603 0.0100 0.0175
3 0.9778 0.4753 0.0087 0.0163
3 0.9822 0.4928 0.0112 0.0200
3 0.9969 0.5309 0.0063 0.0212
3 0.8497 0.7238 0.0087 0.0225
3 0.8944 0.6969 0.0075 0.0187
3 0.9006 0.6997 0.0075 0.0212
3 0.9069 0.7009 0.0075 0.0238
3 0.9131 0.7003 0.0075 0.0225
3 0.9231 0.6997 0.0087 0.0212
3 0.9309 0.6994 0.0087 0.0175
3 0.9375 0.7000 0.0063 0.0187
3 0.9434 0.6994 0.0087 0.0238
3 0.9497 0.7028 0.0087 0.0212
3 0.8181 0.7231 0.0050 0.0212
3 0.8256 0.7256 0.0075 0.0200
3 0.8313 0.7238 0.0063 0.0225
3 0.8384 0.7269 0.0050 0.0225
3 0.8434 0.7263 0.0025 0.0212
3 0.8559 0.7259 0.0087 0.0175
3 0.8812 0.6987 0.0063 0.0225
3 0.8637 0.7244 0.0087 0.0175
3 0.8794 0.7256 0.0087 0.0200
3 0.8856 0.7263 0.0087 0.0212
3 0.8975 0.7256 0.0075 0.0200
3 0.9062 0.7250 0.0063 0.0187
3 0.9109 0.7259 0.0063 0.0175
3 0.9156 0.7263 0.0063 0.0212
3 0.9206 0.7253 0.0100 0.0225
3 0.9294 0.7241 0.0087 0.0200
3 0.9350 0.7247 0.0075 0.0212
3 0.9416 0.7247 0.0112 0.0212
3 0.9478 0.1191 0.0112 0.0225
3 0.9556 0.1166 0.0112 0.0238
3 0.9641 0.1144 0.0125 0.0225
3 0.8856 0.6972 0.0087 0.0225
3 0.8750 0.6963 0.0063 0.0175
3 0.8819 0.6794 0.0075 0.0212
3 0.7484 0.7225 0.0063 0.0200
3 0.7544 0.7225 0.0087 0.0200
3 0.7609 0.7206 0.0063 0.0225
3 0.7662 0.7231 0.0075 0.0212
3 0.7762 0.7259 0.0087 0.0238
3 0.7828 0.7259 0.0063 0.0238
3 0.7881 0.7253 0.0075 0.0225
3 0.7953 0.7231 0.0063 0.0212
3 0.8022 0.7222 0.0075 0.0225
3 0.8347 0.6794 0.0100 0.0150
3 0.8450 0.6806 0.0087 0.0175
3 0.8519 0.6813 0.0100 0.0125
3 0.8616 0.6800 0.0075 0.0163
3 0.8703 0.6797 0.0063 0.0187
3 0.8881 0.6769 0.0075 0.0225
3 0.8688 0.6956 0.0063 0.0163
3 0.8938 0.6784 0.0063 0.0225
3 0.9012 0.6784 0.0087 0.0225
3 0.9069 0.6778 0.0075 0.0212
3 0.9169 0.6803 0.0087 0.0200
3 0.9250 0.6809 0.0063 0.0212
3 0.9306 0.6778 0.0050 0.0212
3 0.9375 0.6791 0.0063 0.0238
3 0.9428 0.6813 0.0075 0.0187
3 0.9491 0.6856 0.0075 0.0150
3 0.8375 0.6966 0.0063 0.0212
3 0.8438 0.6959 0.0063 0.0200
3 0.8506 0.6959 0.0075 0.0200
3 0.8562 0.6966 0.0063 0.0212
3 0.8616 0.6969 0.0075 0.0187
3 0.9697 0.1122 0.0112 0.0212
3 0.9753 0.1081 0.0100 0.0225
3 0.9806 0.1081 0.0112 0.0225
3 0.9644 0.1406 0.0100 0.0187
3 0.9700 0.1381 0.0087 0.0200
3 0.9778 0.1353 0.0087 0.0238
3 0.9847 0.1341 0.0100 0.0212
3 0.9909 0.1325 0.0100 0.0212
3 0.9988 0.1303 0.0037 0.0200
3 0.9863 0.1066 0.0100 0.0225
3 0.9925 0.1056 0.0100 0.0238
3 0.7422 0.7231 0.0063 0.0212
3 0.7334 0.7203 0.0075 0.0187
3 0.7263 0.7209 0.0087 0.0200
3 0.7131 0.6512 0.0075 0.0150
3 0.7006 0.6341 0.0075 0.0150
3 0.7078 0.6359 0.0063 0.0187
3 0.7137 0.6350 0.0087 0.0200
3 0.7209 0.6322 0.0075 0.0175
3 0.7266 0.6338 0.0063 0.0175
3 0.7312 0.6328 0.0063 0.0187
3 0.7375 0.6334 0.0063 0.0200
3 0.7444 0.6316 0.0075 0.0163
3 0.7494 0.6306 0.0050 0.0175
3 0.7569 0.6312 0.0075 0.0187
3 0.6894 0.6500 0.0100 0.0187
3 0.6950 0.6494 0.0087 0.0175
3 0.7016 0.6494 0.0063 0.0175
3 0.7072 0.6512 0.0050 0.0150
3 0.7219 0.6500 0.0063 0.0187
3 0.8175 0.6359 0.0037 0.0187
3 0.7266 0.6512 0.0063 0.0212
3 0.7334 0.6522 0.0075 0.0200
3 0.7400 0.6525 0.0050 0.0175
3 0.7444 0.6519 0.0075 0.0225
3 0.7500 0.6525 0.0063 0.0238
3 0.7559 0.6522 0.0087 0.0263
3 0.7616 0.6438 0.0075 0.0312
3 0.7684 0.6356 0.0087 0.0150
3 0.7716 0.6500 0.0087 0.0187
3 0.7778 0.6503 0.0087 0.0163
3 0.7866 0.6494 0.0075 0.0175
3 0.7937 0.6516 0.0063 0.0187
3 0.7984 0.6537 0.0063 0.0200
3 0.8037 0.6534 0.0075 0.0163
3 0.6894 0.6338 0.0100 0.0175
3 0.6825 0.6484 0.0087 0.0187
3 0.6756 0.6487 0.0075 0.0163
3 0.6756 0.6331 0.0075 0.0163
3 0.7053 0.6088 0.0075 0.0175
3 0.7122 0.6097 0.0087 0.0163
3 0.7178 0.6112 0.0075 0.0163
3 0.5950 0.6431 0.0087 0.0175
3 0.6038 0.6419 0.0075 0.0150
3 0.6116 0.6388 0.0075 0.0150
3 0.6178 0.6391 0.0075 0.0187
3 0.6244 0.6381 0.0050 0.0200
3 0.6303 0.6400 0.0075 0.0175
3 0.6341 0.6391 0.0087 0.0187
3 0.6450 0.6362 0.0087 0.0163
3 0.6506 0.6388 0.0075 0.0212
3 0.6562 0.6391 0.0125 0.0187
3 0.6572 0.6556 0.0050 0.0175
3 0.6506 0.6556 0.0075 0.0175
3 0.6434 0.6553 0.0087 0.0200
3 0.6372 0.6559 0.0087 0.0150
3 0.6325 0.6566 0.0087 0.0163
3 0.6256 0.6572 0.0075 0.0175
3 0.6181 0.6588 0.0050 0.0175
3 0.6116 0.6588 0.0075 0.0175
3 0.6050 0.6569 0.0100 0.0200
3 0.6109 0.6881 0.0063 0.0200
3 0.6219 0.6875 0.0063 0.0187
3 0.6266 0.6869 0.0063 0.0175
3 0.6338 0.6859 0.0050 0.0187
3 0.6562 0.6937 0.0063 0.0187
3 0.6631 0.6750 0.0075 0.0125
3 0.6625 0.6894 0.0063 0.0163
3 0.8109 0.6531 0.0063 0.0187
3 0.8119 0.6391 0.0050 0.0125
3 0.7225 0.7216 0.0075 0.0212
3 0.7844 0.6937 0.0063 0.0187
3 0.7000 0.6916 0.0063 0.0175
3 0.7069 0.6922 0.0075 0.0187
3 0.7131 0.6937 0.0075 0.0187
3 0.7188 0.6912 0.0063 0.0200
3 0.7244 0.6925 0.0050 0.0163
3 0.7306 0.6925 0.0050 0.0163
3 0.7366 0.6941 0.0075 0.0163
3 0.7438 0.6925 0.0063 0.0163
3 0.7500 0.6931 0.0063 0.0175
3 0.7553 0.6919 0.0075 0.0212
3 0.7609 0.6937 0.0063 0.0187
3 0.7656 0.6937 0.0063 0.0187
3 0.7712 0.6947 0.0050 0.0175
3 0.7772 0.6941 0.0075 0.0163
3 0.7906 0.6937 0.0063 0.0187
3 0.7756 0.6309 0.0075 0.0150
3 0.7959 0.6956 0.0075 0.0225
3 0.8031 0.6931 0.0063 0.0175
3 0.8094 0.6950 0.0063 0.0212
3 0.8147 0.6950 0.0075 0.0212
3 0.6622 0.7228 0.0087 0.0175
3 0.6672 0.7228 0.0063 0.0175
3 0.6741 0.7231 0.0075 0.0212
3 0.6813 0.7191 0.0063 0.0225
3 0.6875 0.7219 0.0063 0.0187
3 0.6937 0.7219 0.0063 0.0187
3 0.6994 0.7219 0.0050 0.0187
3 0.7031 0.7209 0.0063 0.0200
3 0.7094 0.7231 0.0063 0.0212
3 0.7172 0.7231 0.0063 0.0212
3 0.6944 0.6909 0.0075 0.0163
3 0.6872 0.6906 0.0087 0.0187
3 0.6797 0.6897 0.0063 0.0200
3 0.8162 0.6763 0.0075 0.0212
3 0.7819 0.6309 0.0075 0.0150
3 0.7884 0.6319 0.0050 0.0200
3 0.7937 0.6328 0.0063 0.0250
3 0.8000 0.6291 0.0063 0.0238
3 0.8037 0.6356 0.0075 0.0212
3 0.8181 0.6553 0.0050 0.0200
3 0.6687 0.6731 0.0063 0.0150
3 0.6687 0.6925 0.0063 0.0163
3 0.6750 0.6900 0.0063 0.0175
3 0.6756 0.6722 0.0075 0.0163
3 0.6825 0.6741 0.0087 0.0200
3 0.6872 0.6750 0.0087 0.0187
3 0.6944 0.6750 0.0075 0.0187
3 0.7006 0.6713 0.0075 0.0238
3 0.7069 0.6744 0.0075 0.0175
3 0.7125 0.6731 0.0063 0.0212
3 0.7188 0.6744 0.0063 0.0175
3 0.7250 0.6744 0.0063 0.0175
3 0.7312 0.6750 0.0063 0.0187
3 0.7366 0.6763 0.0075 0.0212
3 0.7428 0.6766 0.0075 0.0187
3 0.7509 0.6753 0.0050 0.0163
3 0.7600 0.6759 0.0075 0.0175
3 0.7678 0.6756 0.0075 0.0200
3 0.7750 0.6759 0.0063 0.0175
3 0.7834 0.6750 0.0075 0.0187
3 0.7937 0.6753 0.0063 0.0163
3 0.8041 0.6750 0.0050 0.0187
3 0.8088 0.6769 0.0050 0.0225
3 0.9959 0.3256 0.0075 0.0200
3 0.9931 0.3272 0.0112 0.0200
3 0.9859 0.3294 0.0125 0.0212
3 0.9784 0.3303 0.0163 0.0200
3 0.9731 0.3337 0.0150 0.0238
3 0.9653 0.3356 0.0150 0.0212
3 0.9766 0.3625 0.0125 0.0187
3 0.9825 0.3584 0.0087 0.0200
3 0.9878 0.3553 0.0100 0.0200
3 0.9950 0.3506 0.0087 0.0200
3 0.9684 0.3191 0.0087 0.0163
3 0.9675 0.2903 0.0100 0.0212
3 0.9747 0.2875 0.0087 0.0187
3 0.9797 0.2866 0.0125 0.0200
3 0.9859 0.2844 0.0125 0.0187
3 0.9956 0.2819 0.0100 0.0200
3 0.9597 0.3212 0.0100 0.0175
3 0.9716 0.3169 0.0087 0.0150
3 0.9769 0.3138 0.0100 0.0150
3 0.9825 0.3128 0.0087 0.0163
3 0.9887 0.3106 0.0087 0.0150
3 0.9969 0.3066 0.0063 0.0163
3 0.9969 0.3663 0.0063 0.0138
3 0.9928 0.3731 0.0138 0.0275
3 0.9869 0.3756 0.0112 0.0200
3 0.9788 0.3781 0.0138 0.0187
3 0.9775 0.4025 0.0112 0.0175
3 0.9847 0.4009 0.0100 0.0175
3 0.9925 0.3994 0.0100 0.0175
3 0.9941 0.1938 0.0100 0.0187
3 0.9869 0.1959 0.0112 0.0200
3 0.9800 0.1966 0.0100 0.0212
3 0.9741 0.1984 0.0075 0.0187
3 0.9969 0.1491 0.0063 0.0200
3 0.9906 0.1512 0.0125 0.0212
3 0.9834 0.1550 0.0138 0.0225
3 0.9762 0.1562 0.0087 0.0187
3 0.9659 0.1584 0.0100 0.0200
3 0.9666 0.1850 0.0112 0.0200
3 0.9738 0.1816 0.0100 0.0225
3 0.9816 0.1812 0.0100 0.0187
3 0.9900 0.1781 0.0112 0.0187
3 0.9956 0.1750 0.0100 0.0187
3 0.9416 0.2884 0.0112 0.0238
3 0.9481 0.3091 0.0150 0.0150
3 0.9447 0.3303 0.0112 0.0200
3 0.9506 0.3259 0.0138 0.0238
3 0.9575 0.2766 0.0087 0.0187
3 0.9606 0.2925 0.0087 0.0163
3 0.9637 0.2766 0.0087 0.0187
3 0.9691 0.2737 0.0100 0.0163
3 0.9762 0.2712 0.0087 0.0175
3 0.9838 0.2678 0.0112 0.0200
3 0.9925 0.2647 0.0100 0.0200
3 0.9947 0.2159 0.0112 0.0225
3 0.9894 0.2209 0.0100 0.0200
3 0.9841 0.2219 0.0087 0.0187
3 0.9784 0.2250 0.0100 0.0187
3 0.9184 0.2625 0.0087 0.0187
3 0.9253 0.2575 0.0100 0.0212
3 0.9322 0.2538 0.0112 0.0200
3 0.9378 0.2513 0.0100 0.0212
3 0.9456 0.2484 0.0100 0.0187
3 0.9550 0.2475 0.0100 0.0200
3 0.9597 0.2466 0.0100 0.0212
3 0.9659 0.2441 0.0100 0.0225
3 0.9713 0.2431 0.0112 0.0238
3 0.9825 0.2388 0.0087 0.0212
3 0.9887 0.2369 0.0087 0.0175
3 0.9934 0.2372 0.0087 0.0212
3 0.9978 0.2331 0.0050 0.0163
3 0.7006 0.6106 0.0075 0.0150
3 0.6819 0.6103 0.0075 0.0175
3 0.6750 0.6125 0.0063 0.0187
3 0.6944 0.9225 0.0138 0.0075
3 0.7219 0.8944 0.0125 0.0075
3 0.7231 0.9069 0.0150 0.0075
3 0.7225 0.9141 0.0138 0.0063
3 0.7219 0.9187 0.0125 0.0063
3 0.7238 0.9253 0.0163 0.0100
3 0.6769 0.8616 0.0163 0.0075
3 0.6778 0.8694 0.0150 0.0075
3 0.6806 0.8756 0.0175 0.0075
3 0.6919 0.8825 0.0150 0.0087
3 0.6925 0.8991 0.0163 0.0075
3 0.6784 0.9031 0.0163 0.0063
3 0.6803 0.9113 0.0138 0.0100
3 0.6956 0.9116 0.0163 0.0075
3 0.6944 0.9172 0.0138 0.0063
3 0.6950 0.9309 0.0150 0.0087
3 0.6825 0.9603 0.0087 0.0238
3 0.6781 0.9325 0.0125 0.0087
3 0.6494 0.9131 0.0175 0.0075
3 0.6481 0.9209 0.0150 0.0075
3 0.6494 0.9313 0.0175 0.0063
3 0.6162 0.9400 0.0138 0.0112
3 0.6175 0.9459 0.0163 0.0138
3 0.6209 0.9544 0.0138 0.0150
3 0.7391 0.9581 0.0063 0.0163
3 0.7328 0.9550 0.0063 0.0163
3 0.7259 0.9569 0.0050 0.0200
3 0.7194 0.9569 0.0075 0.0200
3 0.7141 0.9575 0.0063 0.0212
3 0.7063 0.9584 0.0063 0.0200
3 0.6991 0.9591 0.0075 0.0212
3 0.7372 0.9250 0.0150 0.0063
3 0.7359 0.9194 0.0125 0.0075
3 0.7362 0.9100 0.0163 0.0075
3 0.7362 0.9022 0.0163 0.0075
3 0.7809 0.9634 0.0150 0.0050
3 0.7838 0.9516 0.0112 0.0063
3 0.7797 0.9431 0.0125 0.0050
3 0.7812 0.9347 0.0125 0.0037
3 0.7803 0.9278 0.0138 0.0087
3 0.7797 0.9172 0.0125 0.0063
3 0.7781 0.9094 0.0125 0.0063
3 0.7797 0.9006 0.0125 0.0075
3 0.7797 0.8919 0.0125 0.0087
3 0.7800 0.8797 0.0100 0.0063
3 0.7775 0.8666 0.0112 0.0050
3 0.7791 0.8569 0.0112 0.0075
3 0.7638 0.8672 0.0150 0.0063
3 0.7666 0.8772 0.0175 0.0075
3 0.7656 0.8859 0.0125 0.0063
3 0.7650 0.8928 0.0112 0.0075
3 0.7656 0.9022 0.0125 0.0075
3 0.7653 0.9109 0.0087 0.0063
3 0.7666 0.9194 0.0112 0.0075
3 0.7672 0.9278 0.0125 0.0087
3 0.7659 0.9387 0.0100 0.0087
3 0.7672 0.9447 0.0125 0.0050
3 0.7697 0.9506 0.0112 0.0075
3 0.7331 0.8447 0.0163 0.0050
3 0.7178 0.8575 0.0138 0.0087
3 0.7344 0.8678 0.0125 0.0075
3 0.7344 0.8819 0.0125 0.0075
3 0.7344 0.8875 0.0125 0.0063
3 0.7350 0.8938 0.0138 0.0063
3 0.6903 0.9591 0.0087 0.0275
3 0.6756 0.9622 0.0075 0.0212
3 0.6647 0.9628 0.0075 0.0225
3 0.6522 0.9631 0.0075 0.0263
3 0.5775 0.8231 0.0112 0.0212
3 0.6072 0.7850 0.0175 0.0200
3 0.6312 0.7662 0.0187 0.0138
3 0.7372 0.9947 0.0150 0.0112
3 0.1081 0.5763 0.0163 0.0087
3 0.0934 0.6506 0.0150 0.0075
3 0.0953 0.6400 0.0187 0.0112
3 0.1419 0.4588 0.0150 0.0112
3 0.1381 0.4650 0.0138 0.0112
3 0.1363 0.4781 0.0163 0.0125
3 0.1337 0.4853 0.0175 0.0112
3 0.1316 0.4987 0.0163 0.0100
3 0.1306 0.5050 0.0175 0.0100
3 0.1259 0.5159 0.0175 0.0163
3 0.1200 0.5372 0.0150 0.0087
3 0.1178 0.5444 0.0138 0.0075
3 0.1156 0.5506 0.0125 0.0075
3 0.1137 0.5600 0.0150 0.0075
3 0.1113 0.5659 0.0163 0.0100
3 0.1066 0.5834 0.0163 0.0075
3 0.0694 0.6206 0.0138 0.0100
3 0.1056 0.5906 0.0175 0.0063
3 0.1056 0.5988 0.0175 0.0037
3 0.1053 0.6062 0.0138 0.0125
3 0.1003 0.6150 0.0163 0.0112
3 0.0969 0.6238 0.0125 0.0100
3 0.0978 0.6338 0.0175 0.0112
3 0.0353 0.6766 0.0175 0.0125
3 0.0316 0.6809 0.0163 0.0150
3 0.0519 0.6809 0.0163 0.0087
3 0.0459 0.6875 0.0138 0.0125
3 0.0475 0.6694 0.0138 0.0075
3 0.0506 0.6594 0.0200 0.0125
3 0.0713 0.7066 0.0112 0.0100
3 0.0813 0.7134 0.0125 0.0175
3 0.0663 0.6262 0.0138 0.0087
3 0.0716 0.6112 0.0150 0.0100
3 0.1441 0.4516 0.0163 0.0125
3 0.0691 0.5613 0.0163 0.0100
3 0.0678 0.5697 0.0138 0.0112
3 0.0613 0.5759 0.0163 0.0112
3 0.0591 0.5859 0.0150 0.0125
3 0.0600 0.5916 0.0138 0.0112
3 0.0584 0.6006 0.0138 0.0075
3 0.0566 0.6062 0.0163 0.0063
3 0.0544 0.6131 0.0150 0.0075
3 0.0534 0.6206 0.0163 0.0100
3 0.0503 0.6275 0.0163 0.0112
3 0.0475 0.6338 0.0138 0.0112
3 0.0613 0.6384 0.0163 0.0112
3 0.1072 0.4631 0.0175 0.0138
3 0.1469 0.4463 0.0125 0.0112
3 0.1066 0.4706 0.0163 0.0100
3 0.0738 0.6000 0.0163 0.0125
3 0.1050 0.4781 0.0163 0.0125
3 0.1028 0.4847 0.0150 0.0100
3 0.1006 0.4925 0.0138 0.0100
3 0.0988 0.5003 0.0163 0.0100
3 0.0975 0.5094 0.0138 0.0125
3 0.0912 0.5294 0.0138 0.0087
3 0.0897 0.5391 0.0138 0.0125
3 0.0866 0.5466 0.0138 0.0087
3 0.0856 0.5541 0.0150 0.0112
3 0.0856 0.5603 0.0150 0.0112
3 0.0813 0.5700 0.0125 0.0087
3 0.0788 0.5784 0.0138 0.0100
3 0.0772 0.5841 0.0138 0.0087
3 0.0731 0.5912 0.0150 0.0138
3 0.1056 0.7500 0.0175 0.0187
3 0.0238 0.7300 0.0163 0.0100
3 0.0181 0.7372 0.0175 0.0087
3 0.0209 0.7428 0.0138 0.0138
3 0.0184 0.7503 0.0150 0.0100
3 0.0144 0.7806 0.0100 0.0175
3 0.0241 0.7894 0.0138 0.0100
3 0.0550 0.7863 0.0100 0.0163
3 0.0641 0.7641 0.0125 0.0187
3 0.0741 0.7309 0.0138 0.0212
3 0.0406 0.7987 0.0125 0.0163
3 0.0897 0.7747 0.0138 0.0087
3 0.0800 0.8050 0.0100 0.0163
3 0.0716 0.8103 0.0087 0.0175
3 0.0663 0.8109 0.0075 0.0187
3 0.0603 0.8103 0.0050 0.0175
3 0.0547 0.8119 0.0063 0.0175
3 0.0488 0.8156 0.0100 0.0187
3 0.0400 0.8184 0.0112 0.0212
3 0.0347 0.8213 0.0100 0.0175
3 0.0266 0.8259 0.0125 0.0175
3 0.0978 0.7688 0.0175 0.0187
3 0.0684 0.5531 0.0150 0.0125
3 0.0725 0.5481 0.0200 0.0150
3 0.0738 0.5372 0.0163 0.0087
3 0.0762 0.5331 0.0150 0.0100
3 0.0250 0.5331 0.0187 0.0100
3 0.0472 0.4672 0.0163 0.0125
3 0.0425 0.4844 0.0163 0.0125
3 0.0403 0.4903 0.0150 0.0087
3 0.0366 0.4950 0.0138 0.0087
3 0.0362 0.5025 0.0163 0.0112
3 0.0341 0.5109 0.0150 0.0125
3 0.0306 0.5197 0.0175 0.0112
3 0.0303 0.5256 0.0200 0.0138
3 0.0228 0.5406 0.0175 0.0125
3 0.0197 0.5459 0.0175 0.0138
3 0.0172 0.5531 0.0187 0.0125
3 0.0156 0.5603 0.0187 0.0112
3 0.0125 0.5684 0.0187 0.0150
3 0.0091 0.5759 0.0150 0.0112
3 0.1106 0.4562 0.0150 0.0125
3 0.0931 0.4672 0.0112 0.0125
3 0.0903 0.4750 0.0150 0.0125
3 0.0881 0.4800 0.0138 0.0100
3 0.0856 0.4869 0.0150 0.0112
3 0.0847 0.4956 0.0163 0.0100
3 0.0813 0.5031 0.0187 0.0125
3 0.0803 0.5134 0.0138 0.0112
3 0.0753 0.5253 0.0163 0.0100
3 0.4494 0.9519 0.0112 0.0163
3 0.4772 0.9503 0.0075 0.0163
3 0.4828 0.9516 0.0063 0.0187
3 0.4894 0.9547 0.0100 0.0187
3 0.5003 0.9578 0.0100 0.0187
3 0.5047 0.9603 0.0125 0.0175
3 0.5131 0.9628 0.0075 0.0163
3 0.5188 0.9653 0.0063 0.0150
3 0.5228 0.9666 0.0112 0.0175
3 0.5316 0.9681 0.0100 0.0175
3 0.3894 0.9406 0.0100 0.0187
3 0.3925 0.9437 0.0100 0.0187
3 0.4012 0.9447 0.0087 0.0112
3 0.4109 0.9494 0.0125 0.0175
3 0.4534 0.9600 0.0100 0.0200
3 0.4644 0.9488 0.0100 0.0163
3 0.4591 0.9613 0.0087 0.0163
3 0.4662 0.9619 0.0075 0.0175
3 0.4769 0.9666 0.0100 0.0175
3 0.4847 0.9688 0.0100 0.0187
3 0.5028 0.9744 0.0087 0.0175
3 0.5094 0.9762 0.0063 0.0150
3 0.5159 0.9800 0.0100 0.0163
3 0.5269 0.9838 0.0100 0.0175
3 0.5431 0.9825 0.0112 0.0212
3 0.3737 0.9694 0.0100 0.0200
3 0.3934 0.9709 0.0087 0.0200
3 0.4047 0.9719 0.0125 0.0187
3 0.4081 0.9916 0.0100 0.0175
3 0.4162 0.9803 0.0075 0.0200
3 0.4700 0.9500 0.0087 0.0187
3 0.4456 0.9431 0.0100 0.0175
3 0.4394 0.9428 0.0100 0.0200
3 0.3925 0.9244 0.0100 0.0175
3 0.3994 0.9259 0.0112 0.0175
3 0.4056 0.9297 0.0112 0.0187
3 0.4119 0.9319 0.0112 0.0200
3 0.4213 0.9344 0.0112 0.0187
3 0.4287 0.9378 0.0075 0.0163
3 0.4344 0.9412 0.0125 0.0200
3 0.4231 0.9812 0.0087 0.0187
3 0.4303 0.9844 0.0075 0.0187
3 0.4369 0.9863 0.0112 0.0163
3 0.4428 0.9959 0.0075 0.0075
3 0.7841 0.9944 0.0150 0.0075
3 0.7678 0.9963 0.0138 0.0050
3 0.5941 0.9878 0.0100 0.0225
3 0.5931 0.9616 0.0112 0.0200
3 0.5787 0.9159 0.0138 0.0225
3 0.5709 0.8887 0.0075 0.0212
3 0.4569 0.9981 0.0075 0.0025
3 0.4647 0.9919 0.0075 0.0150
3 0.4597 0.9863 0.0100 0.0163
3 0.4709 0.9947 0.0075 0.0112
3 0.4772 0.9947 0.0075 0.0112
3 0.4888 0.9956 0.0087 0.0100
3 0.4953 0.9950 0.0063 0.0087
3 0.5031 0.9959 0.0063 0.0075
3 0.5094 0.9981 0.0063 0.0025
3 0.4472 0.9884 0.0100 0.0175
3 0.3950 0.1641 0.0150 0.0187
3 0.3909 0.0266 0.0163 0.0125
3 0.3972 0.0475 0.0163 0.0138
3 0.4334 0.0381 0.0138 0.0075
3 0.4350 0.0450 0.0138 0.0087
3 0.4356 0.0519 0.0150 0.0100
3 0.4425 0.0672 0.0163 0.0125
3 0.4062 0.1275 0.0187 0.0112
3 0.4134 0.1406 0.0175 0.0125
3 0.4188 0.1613 0.0187 0.0100
3 0.4237 0.1738 0.0163 0.0100
3 0.4369 0.2122 0.0175 0.0087
3 0.3912 0.1491 0.0138 0.0200
3 0.3969 0.1681 0.0125 0.0175
3 0.2522 0.9028 0.0138 0.0087
3 0.4031 0.1753 0.0125 0.0163
3 0.4031 0.1825 0.0125 0.0150
3 0.3850 0.1300 0.0138 0.0163
3 0.3778 0.1069 0.0150 0.0200
3 0.2166 0.8078 0.0175 0.0187
3 0.2481 0.8584 0.0150 0.0138
3 0.2638 0.8656 0.0150 0.0125
3 0.2119 0.8794 0.0175 0.0087
3 0.2119 0.8872 0.0175 0.0087
3 0.2091 0.8941 0.0150 0.0100
3 0.2413 0.8847 0.0138 0.0100
3 0.2403 0.8894 0.0150 0.0100
3 0.2391 0.8978 0.0125 0.0112
3 0.2544 0.8894 0.0150 0.0100
3 0.2538 0.8953 0.0138 0.0125
3 0.2494 0.9081 0.0175 0.0100
3 0.3888 0.8931 0.0087 0.0175
3 0.3947 0.8947 0.0112 0.0175
3 0.4019 0.8978 0.0100 0.0175
3 0.4237 0.9016 0.0100 0.0187
3 0.4309 0.9078 0.0087 0.0187
3 0.4844 0.9219 0.0125 0.0187
3 0.5088 0.9287 0.0112 0.0200
3 0.5150 0.9291 0.0112 0.0175
3 0.5262 0.9338 0.0087 0.0175
3 0.5331 0.9363 0.0100 0.0163
3 0.5378 0.9378 0.0100 0.0163
3 0.5463 0.9406 0.0112 0.0187
3 0.5541 0.9547 0.0112 0.0187
3 0.5600 0.9728 0.0138 0.0112
3 0.3703 0.9066 0.0125 0.0100
3 0.2478 0.9150 0.0175 0.0112
3 0.3650 0.9113 0.0175 0.0100
3 0.3659 0.9184 0.0163 0.0087
3 0.3644 0.9256 0.0163 0.0075
3 0.3591 0.9344 0.0150 0.0125
3 0.3569 0.9425 0.0138 0.0100
3 0.3559 0.9481 0.0150 0.0087
3 0.3544 0.9550 0.0150 0.0100
3 0.3513 0.9644 0.0150 0.0100
3 0.3488 0.9731 0.0163 0.0087
3 0.3478 0.9784 0.0175 0.0100
3 0.3441 0.9875 0.0163 0.0125
3 0.3278 0.9081 0.0150 0.0100
3 0.3294 0.9037 0.0150 0.0075
3 0.3294 0.8966 0.0150 0.0087
3 0.3300 0.8906 0.0163 0.0125
3 0.2472 0.9216 0.0163 0.0087
3 0.2847 0.8962 0.0163 0.0112
3 0.2969 0.9019 0.0125 0.0100
3 0.2838 0.9034 0.0175 0.0100
3 0.2803 0.9094 0.0138 0.0125
3 0.2794 0.9166 0.0150 0.0112
3 0.2787 0.9238 0.0138 0.0100
3 0.2766 0.9275 0.0187 0.0112
3 0.2747 0.9341 0.0150 0.0087
3 0.2731 0.9381 0.0150 0.0075
3 0.2706 0.9450 0.0163 0.0087
3 0.2863 0.9444 0.0163 0.0138
3 0.2847 0.9506 0.0163 0.0138
3 0.2812 0.9569 0.0187 0.0138
3 0.3050 0.9894 0.0163 0.0100
3 0.3009 0.9950 0.0175 0.0087
3 0.3131 0.9616 0.0200 0.0138
3 0.3138 0.9516 0.0150 0.0125
3 0.3191 0.9406 0.0163 0.0125
3 0.3200 0.9319 0.0150 0.0075
3 0.3219 0.9272 0.0125 0.0075
3 0.3237 0.9213 0.0163 0.0112
3 0.3253 0.9144 0.0163 0.0100
3 0.3378 0.8703 0.0163 0.0125
3 0.3334 0.8838 0.0138 0.0112
3 0.6697 0.6109 0.0050 0.0187
3 0.9019 0.2828 0.0100 0.0125
3 0.8069 0.4813 0.0075 0.0187
3 0.7959 0.4847 0.0075 0.0225
3 0.8269 0.2709 0.0100 0.0200
3 0.8319 0.2687 0.0075 0.0187
3 0.8394 0.2672 0.0100 0.0187
3 0.8466 0.2638 0.0150 0.0212
3 0.8525 0.2584 0.0112 0.0200
3 0.8603 0.2584 0.0112 0.0200
3 0.8675 0.2556 0.0163 0.0238
3 0.8775 0.2494 0.0112 0.0175
3 0.8834 0.2487 0.0138 0.0225
3 0.8972 0.2644 0.0163 0.0100
3 0.8981 0.2719 0.0150 0.0125
3 0.9009 0.2775 0.0112 0.0112
3 0.9044 0.2906 0.0150 0.0125
3 0.7941 0.4422 0.0100 0.0187
3 0.9075 0.2987 0.0150 0.0100
3 0.9097 0.3081 0.0163 0.0100
3 0.9097 0.3144 0.0163 0.0100
3 0.9125 0.3222 0.0187 0.0100
3 0.9159 0.3319 0.0163 0.0075
3 0.9181 0.3397 0.0175 0.0075
3 0.9231 0.3488 0.0150 0.0100
3 0.9253 0.3550 0.0163 0.0100
3 0.9253 0.3597 0.0163 0.0100
3 0.9291 0.3659 0.0175 0.0100
3 0.9291 0.3728 0.0175 0.0112
3 0.9331 0.3797 0.0163 0.0125
3 0.9356 0.3878 0.0150 0.0100
3 0.8341 0.2944 0.0150 0.0075
3 0.7997 0.4650 0.0087 0.0175
3 0.7850 0.4266 0.0075 0.0187
3 0.8772 0.3922 0.0075 0.0187
3 0.7678 0.3106 0.0075 0.0212
3 0.6750 0.3837 0.0063 0.0175
3 0.6834 0.3831 0.0075 0.0163
3 0.6897 0.3812 0.0075 0.0187
3 0.6959 0.3816 0.0075 0.0163
3 0.7072 0.3822 0.0050 0.0175
3 0.7147 0.3800 0.0075 0.0225
3 0.7225 0.3816 0.0075 0.0163
3 0.7328 0.3837 0.0063 0.0112
3 0.7453 0.3841 0.0063 0.0150
3 0.7537 0.3822 0.0075 0.0175
3 0.7588 0.3850 0.0050 0.0138
3 0.7672 0.3825 0.0063 0.0150
3 0.7787 0.3809 0.0075 0.0212
3 0.7859 0.3812 0.0063 0.0187
3 0.7709 0.3394 0.0075 0.0163
3 0.7741 0.3559 0.0075 0.0150
3 0.7634 0.3372 0.0050 0.0150
3 0.7453 0.3394 0.0063 0.0163
3 0.7384 0.3400 0.0050 0.0175
3 0.7197 0.3394 0.0050 0.0163
3 0.7131 0.3387 0.0075 0.0150
3 0.7131 0.3544 0.0075 0.0150
3 0.7181 0.3575 0.0050 0.0150
3 0.7256 0.3550 0.0075 0.0163
3 0.7334 0.3563 0.0075 0.0187
3 0.7388 0.3566 0.0087 0.0163
3 0.7450 0.3550 0.0087 0.0163
3 0.7522 0.3566 0.0075 0.0163
3 0.7600 0.3553 0.0075 0.0200
3 0.7656 0.3572 0.0063 0.0175
3 0.8756 0.3087 0.0075 0.0175
3 0.8666 0.3103 0.0050 0.0175
3 0.8600 0.3081 0.0075 0.0225
3 0.8291 0.3806 0.0050 0.0175
3 0.9200 0.2953 0.0150 0.0063
3 0.9231 0.3006 0.0150 0.0075
3 0.9241 0.3075 0.0138 0.0087
3 0.9272 0.3159 0.0138 0.0100
3 0.9281 0.3256 0.0125 0.0075
3 0.9359 0.3400 0.0125 0.0112
3 0.9387 0.3519 0.0150 0.0100
3 0.9419 0.3581 0.0150 0.0100
3 0.9437 0.3659 0.0125 0.0100
3 0.9459 0.3706 0.0138 0.0100
3 0.9481 0.3784 0.0150 0.0100
3 0.8125 0.3837 0.0063 0.0175
3 0.8187 0.3837 0.0063 0.0175
3 0.8234 0.3825 0.0063 0.0212
3 0.8350 0.3806 0.0075 0.0175
3 0.8547 0.3075 0.0063 0.0212
3 0.8438 0.3800 0.0063 0.0163
3 0.8491 0.3819 0.0075 0.0138
3 0.8544 0.3800 0.0087 0.0163
3 0.8616 0.3781 0.0075 0.0125
3 0.8688 0.3763 0.0063 0.0150
3 0.8741 0.3759 0.0075 0.0175
3 0.8803 0.3763 0.0075 0.0150
3 0.8875 0.3778 0.0063 0.0150
3 0.8919 0.3766 0.0087 0.0187
3 0.9019 0.3763 0.0100 0.0150
3 0.9081 0.3912 0.0037 0.0138
3 0.9022 0.3909 0.0075 0.0163
3 0.8953 0.3937 0.0063 0.0187
3 0.8906 0.3928 0.0063 0.0138
3 0.9175 0.2894 0.0163 0.0100
3 0.9150 0.2825 0.0112 0.0087
3 0.9150 0.2772 0.0112 0.0075
3 0.9128 0.2712 0.0100 0.0112
3 0.8484 0.3081 0.0063 0.0225
3 0.8431 0.3100 0.0050 0.0200
3 0.8369 0.3081 0.0050 0.0225
3 0.8313 0.3072 0.0063 0.0238
3 0.8247 0.3078 0.0087 0.0250
3 0.8181 0.3106 0.0050 0.0212
3 0.8109 0.3106 0.0063 0.0212
3 0.8125 0.3356 0.0063 0.0150
3 0.8119 0.3522 0.0050 0.0200
3 0.8178 0.3531 0.0075 0.0187
3 0.8225 0.3509 0.0075 0.0175
3 0.8291 0.3509 0.0050 0.0175
3 0.8337 0.3503 0.0050 0.0163
3 0.8384 0.3506 0.0050 0.0200
3 0.8444 0.3522 0.0075 0.0200
3 0.8541 0.3538 0.0050 0.0200
3 0.8622 0.3550 0.0087 0.0163
3 0.8697 0.3516 0.0050 0.0187
3 0.8756 0.3519 0.0075 0.0225
3 0.8819 0.3522 0.0075 0.0200
3 0.8875 0.3522 0.0063 0.0200
3 0.8925 0.3547 0.0100 0.0187
3 0.8281 0.3316 0.0063 0.0163
3 0.8350 0.3331 0.0075 0.0100
3 0.8447 0.3325 0.0050 0.0150
3 0.8516 0.3350 0.0063 0.0138
3 0.8631 0.3325 0.0075 0.0150
3 0.8709 0.3322 0.0075 0.0175
3 0.8809 0.3309 0.0087 0.0212
3 0.6697 0.3869 0.0050 0.0175
3 0.6756 0.3544 0.0075 0.0212
3 0.6681 0.3534 0.0050 0.0225
3 0.7450 0.3075 0.0087 0.0212
3 0.8844 0.3919 0.0063 0.0150
3 0.8716 0.3931 0.0087 0.0175
3 0.8522 0.5681 0.0075 0.0175
3 0.9594 0.5619 0.0063 0.0175
3 0.9509 0.5625 0.0050 0.0187
3 0.9444 0.5619 0.0075 0.0175
3 0.9391 0.5634 0.0063 0.0175
3 0.9334 0.5647 0.0075 0.0200
3 0.9275 0.5631 0.0050 0.0200
3 0.9213 0.5631 0.0050 0.0200
3 0.9131 0.5637 0.0075 0.0212
3 0.9022 0.5647 0.0075 0.0200
3 0.8922 0.5656 0.0063 0.0187
3 0.8856 0.5647 0.0087 0.0200
3 0.8762 0.5694 0.0087 0.0200
3 0.8675 0.5687 0.0100 0.0187
3 0.8584 0.5675 0.0075 0.0163
3 0.8444 0.5684 0.0075 0.0212
3 0.9459 0.5469 0.0075 0.0187
3 0.8719 0.5925 0.0063 0.0163
3 0.8787 0.5931 0.0075 0.0175
3 0.8859 0.5909 0.0063 0.0163
3 0.8894 0.5912 0.0100 0.0200
3 0.8966 0.5912 0.0087 0.0200
3 0.9031 0.5928 0.0063 0.0200
3 0.9100 0.5919 0.0075 0.0212
3 0.9172 0.5900 0.0063 0.0175
3 0.9244 0.5891 0.0050 0.0187
3 0.9294 0.5906 0.0087 0.0187
3 0.9369 0.5919 0.0050 0.0150
3 0.9406 0.5906 0.0063 0.0187
3 0.9453 0.5906 0.0063 0.0187
3 0.9525 0.5922 0.0050 0.0187
3 0.9584 0.5466 0.0075 0.0150
3 0.9387 0.5481 0.0087 0.0150
3 0.8653 0.3931 0.0087 0.0175
3 0.8072 0.6053 0.0050 0.0138
3 0.8063 0.5687 0.0063 0.0187
3 0.8109 0.5678 0.0063 0.0200
3 0.8187 0.5687 0.0063 0.0187
3 0.8194 0.5484 0.0075 0.0125
3 0.8116 0.5494 0.0075 0.0175
3 0.8019 0.5472 0.0100 0.0163
3 0.8194 0.5950 0.0075 0.0150
3 0.8119 0.5925 0.0050 0.0163
3 0.8056 0.5906 0.0050 0.0187
3 0.8000 0.5909 0.0063 0.0163
3 0.7953 0.5916 0.0063 0.0175
3 0.7875 0.6075 0.0063 0.0150
3 0.7947 0.6069 0.0050 0.0200
3 0.8000 0.6078 0.0063 0.0187
3 0.8131 0.6088 0.0075 0.0175
3 0.9322 0.5475 0.0050 0.0200
3 0.8459 0.5519 0.0075 0.0163
3 0.8516 0.5534 0.0063 0.0163
3 0.8603 0.5513 0.0050 0.0150
3 0.8656 0.5516 0.0063 0.0187
3 0.8719 0.5503 0.0063 0.0163
3 0.8787 0.5494 0.0075 0.0175
3 0.8834 0.5494 0.0075 0.0175
3 0.8891 0.5494 0.0063 0.0175
3 0.8947 0.5494 0.0050 0.0175
3 0.9025 0.5491 0.0050 0.0138
3 0.9084 0.5475 0.0075 0.0138
3 0.9150 0.5450 0.0050 0.0150
3 0.9213 0.5472 0.0050 0.0163
3 0.9275 0.5472 0.0050 0.0163
3 0.9587 0.5919 0.0050 0.0212
3 0.9672 0.5887 0.0063 0.0212
3 0.9731 0.6103 0.0087 0.0175
3 0.9047 0.6500 0.0063 0.0187
3 0.8875 0.6356 0.0063 0.0150
3 0.8822 0.6344 0.0050 0.0187
3 0.8750 0.6359 0.0063 0.0187
3 0.8688 0.6334 0.0063 0.0200
3 0.8619 0.6347 0.0050 0.0163
3 0.8562 0.6362 0.0063 0.0163
3 0.8434 0.6487 0.0087 0.0225
3 0.8494 0.6484 0.0050 0.0187
3 0.8572 0.6487 0.0050 0.0163
3 0.8688 0.6500 0.0063 0.0187
3 0.8750 0.6500 0.0063 0.0187
3 0.8844 0.6500 0.0063 0.0187
3 0.8900 0.6528 0.0050 0.0150
3 0.8969 0.6525 0.0063 0.0175
3 0.9103 0.6500 0.0050 0.0187
3 0.9641 0.6091 0.0063 0.0212
3 0.9178 0.6519 0.0075 0.0225
3 0.9250 0.6516 0.0063 0.0187
3 0.9313 0.6509 0.0063 0.0175
3 0.9397 0.6537 0.0075 0.0200
3 0.9494 0.6497 0.0112 0.0212
3 0.9547 0.6534 0.0125 0.0225
3 0.9609 0.6562 0.0125 0.0187
3 0.6009 0.6128 0.0050 0.0163
3 0.6131 0.6134 0.0075 0.0175
3 0.6188 0.6128 0.0063 0.0163
3 0.6312 0.6128 0.0063 0.0163
3 0.6391 0.6125 0.0063 0.0187
3 0.6506 0.6112 0.0075 0.0163
3 0.6634 0.6112 0.0050 0.0163
3 0.8916 0.6369 0.0050 0.0175
3 0.8991 0.6362 0.0075 0.0163
3 0.9062 0.6334 0.0063 0.0200
3 0.9109 0.6338 0.0063 0.0112
3 0.9591 0.6116 0.0025 0.0200
3 0.9516 0.6103 0.0063 0.0175
3 0.9447 0.6103 0.0050 0.0175
3 0.9400 0.6094 0.0050 0.0187
3 0.9344 0.6084 0.0063 0.0200
3 0.9272 0.6100 0.0075 0.0200
3 0.9213 0.6075 0.0050 0.0212
3 0.9097 0.6116 0.0100 0.0200
3 0.8984 0.6044 0.0063 0.0150
3 0.8931 0.6075 0.0050 0.0150
3 0.8869 0.6106 0.0050 0.0150
3 0.8803 0.6109 0.0075 0.0187
3 0.8750 0.6097 0.0063 0.0163
3 0.8666 0.6066 0.0050 0.0163
3 0.8162 0.6228 0.0138 0.0112
3 0.9978 0.6369 0.0050 0.0175
3 0.9909 0.6344 0.0037 0.0187
3 0.9838 0.6394 0.0050 0.0163
3 0.9772 0.6369 0.0075 0.0175
3 0.9719 0.6372 0.0063 0.0150
3 0.9659 0.6359 0.0037 0.0187
3 0.9584 0.6362 0.0075 0.0163
3 0.9516 0.6338 0.0063 0.0175
3 0.9453 0.6356 0.0063 0.0150
3 0.9391 0.6334 0.0063 0.0200
3 0.9350 0.6322 0.0075 0.0175
3 0.9294 0.6344 0.0087 0.0187
3 0.9228 0.6338 0.0050 0.0175
3 0.9156 0.6347 0.0063 0.0163
3 0.8000 0.5684 0.0063 0.0212
3 0.7925 0.5666 0.0037 0.0175
3 0.9988 0.6141 0.0037 0.0063
3 0.9153 0.4634 0.0087 0.0175
3 0.9219 0.4375 0.0063 0.0187
3 0.8306 0.4659 0.0050 0.0225
3 0.8369 0.4681 0.0050 0.0175
3 0.8438 0.4666 0.0063 0.0175
3 0.8500 0.4669 0.0063 0.0150
3 0.8562 0.4644 0.0063 0.0163
3 0.8631 0.4669 0.0075 0.0150
3 0.8694 0.4637 0.0075 0.0150
3 0.8756 0.4634 0.0075 0.0175
3 0.8819 0.4662 0.0075 0.0138
3 0.8887 0.4619 0.0087 0.0175
3 0.8938 0.4634 0.0063 0.0175
3 0.9016 0.4641 0.0063 0.0125
3 0.9091 0.4634 0.0087 0.0175
3 0.9225 0.4625 0.0075 0.0187
3 0.8422 0.4828 0.0063 0.0187
3 0.9313 0.4625 0.0063 0.0187
3 0.9328 0.4791 0.0063 0.0175
3 0.9259 0.4819 0.0050 0.0200
3 0.9209 0.4787 0.0075 0.0200
3 0.9141 0.4797 0.0063 0.0187
3 0.9075 0.4803 0.0087 0.0200
3 0.9016 0.4794 0.0063 0.0212
3 0.8972 0.4778 0.0100 0.0212
3 0.8881 0.4809 0.0075 0.0212
3 0.8825 0.4794 0.0087 0.0212
3 0.8747 0.4806 0.0087 0.0238
3 0.8678 0.4819 0.0075 0.0200
3 0.8609 0.4822 0.0063 0.0238
3 0.8559 0.4803 0.0087 0.0200
3 0.9147 0.4369 0.0075 0.0175
3 0.9103 0.4366 0.0050 0.0200
3 0.9028 0.4397 0.0087 0.0138
3 0.8969 0.4372 0.0063 0.0150
3 0.8600 0.3944 0.0075 0.0200
3 0.8522 0.3953 0.0075 0.0187
3 0.8469 0.3969 0.0063 0.0187
3 0.8406 0.3966 0.0063 0.0212
3 0.8334 0.3975 0.0075 0.0200
3 0.8241 0.3991 0.0075 0.0200
3 0.8191 0.4000 0.0100 0.0187
3 0.8328 0.4231 0.0063 0.0150
3 0.8397 0.4203 0.0075 0.0125
3 0.8456 0.4209 0.0100 0.0138
3 0.8528 0.4219 0.0087 0.0125
3 0.8594 0.4225 0.0063 0.0138
3 0.8709 0.4219 0.0075 0.0125
3 0.8781 0.4209 0.0063 0.0138
3 0.8869 0.4200 0.0050 0.0150
3 0.8969 0.4216 0.0063 0.0150
3 0.9037 0.4222 0.0075 0.0163
3 0.9141 0.4203 0.0063 0.0187
3 0.8319 0.4359 0.0075 0.0187
3 0.8369 0.4375 0.0050 0.0187
3 0.8422 0.4366 0.0063 0.0200
3 0.8494 0.4369 0.0050 0.0175
3 0.8547 0.4381 0.0063 0.0200
3 0.8609 0.4359 0.0063 0.0187
3 0.8656 0.4362 0.0063 0.0163
3 0.8728 0.4375 0.0050 0.0187
3 0.8772 0.4375 0.0075 0.0187
3 0.8819 0.4362 0.0075 0.0163
3 0.8875 0.4366 0.0063 0.0138
3 0.8491 0.4838 0.0075 0.0238
3 0.8359 0.4831 0.0063 0.0225
3 0.9959 0.6056 0.0075 0.0050
3 0.9669 0.4947 0.0150 0.0112
3 0.8609 0.5272 0.0063 0.0200
3 0.8547 0.5275 0.0063 0.0175
3 0.9450 0.4181 0.0150 0.0112
3 0.9463 0.4244 0.0175 0.0112
3 0.9475 0.4300 0.0138 0.0100
3 0.9475 0.4366 0.0138 0.0138
3 0.9512 0.4409 0.0150 0.0100
3 0.9528 0.4487 0.0150 0.0100
3 0.9544 0.4531 0.0150 0.0125
3 0.9559 0.4603 0.0150 0.0112
3 0.9575 0.4650 0.0150 0.0112
3 0.9613 0.4719 0.0163 0.0125
3 0.9625 0.4787 0.0187 0.0138
3 0.9666 0.4891 0.0175 0.0125
3 0.9691 0.5019 0.0163 0.0100
3 0.7994 0.5056 0.0050 0.0175
3 0.9722 0.5075 0.0163 0.0087
3 0.9728 0.5188 0.0175 0.0125
3 0.9753 0.5247 0.0163 0.0087
3 0.9791 0.5319 0.0175 0.0075
3 0.9806 0.5400 0.0175 0.0112
3 0.9816 0.5466 0.0163 0.0087
3 0.9853 0.5531 0.0175 0.0125
3 0.9863 0.5591 0.0163 0.0087
3 0.9872 0.5666 0.0150 0.0112
3 0.9906 0.5716 0.0187 0.0087
3 0.9925 0.5791 0.0163 0.0112
3 0.9947 0.5881 0.0112 0.0075
3 0.9950 0.5944 0.0087 0.0075
3 0.9950 0.6006 0.0087 0.0075
3 0.8656 0.5247 0.0063 0.0212
3 0.8731 0.5250 0.0087 0.0187
3 0.8787 0.5212 0.0075 0.0175
3 0.8866 0.5247 0.0075 0.0212
3 0.7931 0.5056 0.0050 0.0175
3 0.7869 0.5081 0.0050 0.0163
3 0.8119 0.5081 0.0050 0.0163
3 0.8119 0.5237 0.0050 0.0163
3 0.8069 0.5209 0.0075 0.0200
3 0.7984 0.5244 0.0063 0.0175
3 0.7922 0.5225 0.0063 0.0200
3 0.8553 0.5106 0.0075 0.0150
3 0.8609 0.5097 0.0063 0.0163
3 0.8672 0.5056 0.0063 0.0175
3 0.8734 0.5075 0.0063 0.0150
3 0.8781 0.5059 0.0063 0.0150
3 0.8844 0.5056 0.0063 0.0175
3 0.8912 0.5056 0.0075 0.0175
3 0.8975 0.5050 0.0075 0.0163
3 0.9047 0.5041 0.0063 0.0175
3 0.9116 0.5034 0.0075 0.0163
3 0.9187 0.5044 0.0063 0.0150
3 0.9241 0.5025 0.0075 0.0175
3 0.9469 0.5169 0.0063 0.0150
3 0.9397 0.5172 0.0075 0.0187
3 0.9344 0.5188 0.0063 0.0187
3 0.9297 0.5206 0.0063 0.0225
3 0.9228 0.5206 0.0050 0.0225
3 0.9163 0.5212 0.0075 0.0238
3 0.9084 0.5200 0.0075 0.0212
3 0.9016 0.5209 0.0063 0.0200
3 0.8959 0.5194 0.0075 0.0200
3 0.8922 0.5222 0.0063 0.0225
3 0.1616 0.4622 0.0075 0.0150
3 0.9803 0.9444 0.0138 0.0075
3 0.9912 0.8844 0.0138 0.0063
3 0.9919 0.8969 0.0150 0.0063
3 0.9769 0.8841 0.0163 0.0087
3 0.9769 0.8966 0.0163 0.0087
3 0.9797 0.9050 0.0125 0.0100
3 0.9912 0.9084 0.0138 0.0075
3 0.9919 0.9200 0.0150 0.0087
3 0.9919 0.9262 0.0150 0.0087
3 0.9928 0.9387 0.0138 0.0087
3 0.9928 0.9500 0.0138 0.0063
3 0.9947 0.9584 0.0112 0.0075
3 0.9781 0.9178 0.0125 0.0075
3 0.9794 0.9256 0.0150 0.0075
3 0.9794 0.9350 0.0150 0.0075
3 0.9803 0.9550 0.0138 0.0100
3 0.9750 0.8725 0.0187 0.0075
3 0.9784 0.8806 0.0163 0.0050
3 0.9731 0.8631 0.0150 0.0075
3 0.9463 0.8637 0.0112 0.0087
3 0.9628 0.8113 0.0100 0.0163
3 0.9694 0.8109 0.0075 0.0187
3 0.9756 0.8103 0.0075 0.0175
3 0.9831 0.8084 0.0100 0.0200
3 0.9912 0.8081 0.0075 0.0163
3 0.9988 0.8088 0.0037 0.0175
3 0.8947 0.8588 0.0175 0.0112
3 0.8934 0.8662 0.0150 0.0075
3 0.9044 0.8834 0.0150 0.0075
3 0.9325 0.8466 0.0150 0.0087
3 0.9328 0.8562 0.0125 0.0063
3 0.9463 0.8481 0.0112 0.0087
3 0.9325 0.8697 0.0150 0.0112
3 0.9897 0.8559 0.0138 0.0087
3 0.9481 0.8741 0.0150 0.0075
3 0.9334 0.8787 0.0138 0.0075
3 0.9481 0.8887 0.0150 0.0087
3 0.9475 0.8966 0.0138 0.0087
3 0.9484 0.9062 0.0125 0.0063
3 0.9506 0.9131 0.0138 0.0075
3 0.9497 0.9250 0.0150 0.0063
3 0.9506 0.9331 0.0138 0.0100
3 0.9537 0.9431 0.0138 0.0050
3 0.9725 0.8378 0.0138 0.0100
3 0.9863 0.8378 0.0163 0.0100
3 0.9744 0.8466 0.0175 0.0087
3 0.9863 0.8463 0.0163 0.0112
3 0.9731 0.8569 0.0150 0.0075
3 0.9956 0.9978 0.0100 0.0050
3 0.9956 0.9887 0.0100 0.0087
3 0.9825 0.9894 0.0150 0.0100
3 0.9563 0.8103 0.0063 0.0175
3 0.9500 0.8103 0.0063 0.0175
3 0.9422 0.8106 0.0063 0.0150
3 0.9375 0.8103 0.0063 0.0175
3 0.9287 0.8084 0.0075 0.0200
