3 0.5938 0.0922 0.0437 0.0187
3 0.5878 0.1103 0.0412 0.0175
3 0.9747 0.0319 0.0087 0.0200
3 0.7972 0.5588 0.0163 0.0238
3 0.4694 0.9062 0.0200 0.0125
3 0.5409 0.8912 0.0163 0.0138
3 0.5250 0.8856 0.0187 0.0150
3 0.1741 0.9519 0.0138 0.0225
3 0.1600 0.9906 0.0138 0.0187
3 0.4956 0.9106 0.0225 0.0150
3 0.0834 0.9912 0.0200 0.0138
3 0.5919 0.9350 0.0275 0.0200
3 0.5637 0.8962 0.0212 0.0112
3 0.5597 0.9278 0.0225 0.0150
3 0.5381 0.9213 0.0200 0.0112
3 0.2388 0.4088 0.0212 0.0112
3 0.1844 0.1603 0.0125 0.0238
3 0.5513 0.2419 0.0212 0.0150
3 0.5769 0.2475 0.0225 0.0138
3 0.4787 0.2547 0.0263 0.0125
3 0.5094 0.2597 0.0250 0.0163
3 0.0591 0.5578 0.0212 0.0125
3 0.0694 0.5156 0.0200 0.0125
3 0.1434 0.2669 0.0150 0.0212
3 0.1253 0.5912 0.0225 0.0138
3 0.2594 0.6228 0.0250 0.0175
3 0.5875 0.3125 0.0125 0.0187
3 0.2144 0.1450 0.0163 0.0212
3 0.5644 0.4037 0.0163 0.0263
3 0.5075 0.5753 0.0150 0.0225
3 0.5025 0.5981 0.0175 0.0212
3 0.4822 0.6388 0.0238 0.0212
3 0.5428 0.5297 0.0138 0.0250
3 0.0403 0.7003 0.0150 0.0225
3 0.2341 0.8453 0.0212 0.0125
3 0.2950 0.8600 0.0212 0.0138
3 0.3175 0.8659 0.0225 0.0163
3 0.3450 0.8653 0.0212 0.0150
3 0.2244 0.1041 0.0175 0.0238
3 0.2428 0.0434 0.0138 0.0212
3 0.2356 0.0613 0.0150 0.0163
3 0.2694 0.0869 0.0200 0.0112
3 0.2669 0.1125 0.0212 0.0125
3 0.2319 0.0809 0.0138 0.0212
3 0.4978 0.0047 0.0175 0.0063
3 0.6869 0.0034 0.0175 0.0037
3 0.7328 0.0588 0.0250 0.0112
3 0.7556 0.0603 0.0175 0.0112
3 0.7791 0.0663 0.0238 0.0138
3 0.8394 0.0150 0.0225 0.0112
3 0.9019 0.0578 0.0225 0.0125
3 0.6234 0.0437 0.0187 0.0125
3 0.7759 0.0084 0.0238 0.0138
3 0.5378 0.0097 0.0225 0.0163
3 0.5003 0.0278 0.0225 0.0150
3 0.8656 0.0531 0.0250 0.0125
3 0.8694 0.2437 0.0138 0.0187
3 0.9269 0.0034 0.0100 0.0037
3 0.9463 0.0238 0.0112 0.0225
3 0.9688 0.0997 0.0125 0.0212
3 0.6741 0.8700 0.0138 0.0212
3 0.6800 0.8469 0.0100 0.0250
3 0.7609 0.7975 0.0125 0.0263
3 0.7609 0.5887 0.0125 0.0212
3 0.8241 0.6412 0.0138 0.0200
3 0.9025 0.5928 0.0238 0.0138
3 0.8875 0.6419 0.0187 0.0150
3 0.8797 0.6519 0.0250 0.0163
3 0.9425 0.6444 0.0225 0.0138
3 0.9381 0.6641 0.0200 0.0125
3 0.9409 0.6522 0.0225 0.0138
3 0.9281 0.6975 0.0250 0.0138
3 0.9397 0.0897 0.0138 0.0200
3 0.9209 0.3359 0.0138 0.0187
3 0.7178 0.4338 0.0138 0.0238
3 0.7622 0.4450 0.0150 0.0212
3 0.6869 0.4113 0.0238 0.0163
3 0.6769 0.4919 0.0163 0.0212
3 0.9666 0.3841 0.0238 0.0150
3 0.9578 0.4147 0.0187 0.0138
3 0.9547 0.4362 0.0187 0.0163
3 0.9478 0.4453 0.0175 0.0125
3 0.6963 0.3669 0.0238 0.0150
3 0.9450 0.4550 0.0212 0.0163
3 0.9441 0.4634 0.0225 0.0175
3 0.9387 0.4766 0.0212 0.0125
3 0.9359 0.4859 0.0187 0.0125
3 0.9916 0.4694 0.0175 0.0138
3 0.9916 0.4803 0.0175 0.0138
3 0.9887 0.4916 0.0212 0.0112
3 0.8791 0.2119 0.0112 0.0175
3 0.8853 0.1938 0.0112 0.0187
3 0.9262 0.1337 0.0150 0.0238
3 0.6959 0.3812 0.0263 0.0187
3 0.7606 0.3769 0.0150 0.0225
3 0.9488 0.6209 0.0225 0.0138
3 0.7372 0.3056 0.0150 0.0238
3 0.9453 0.6338 0.0250 0.0175
3 0.9191 0.7169 0.0225 0.0150
3 0.8775 0.6656 0.0238 0.0125
3 0.8734 0.6763 0.0250 0.0150
3 0.8703 0.6859 0.0250 0.0125
3 0.9856 0.5022 0.0212 0.0138
3 0.9694 0.3712 0.0200 0.0112
3 0.9744 0.3606 0.0238 0.0150
3 0.9034 0.3859 0.0163 0.0187
3 0.9125 0.3541 0.0125 0.0175
3 0.7606 0.3097 0.0150 0.0225
3 0.8047 0.3469 0.0187 0.0125
3 0.6991 0.3559 0.0263 0.0150
3 0.6925 0.3897 0.0225 0.0138
3 0.7316 0.3897 0.0163 0.0200
3 0.7378 0.3697 0.0163 0.0238
3 0.7306 0.4353 0.0112 0.0175
3 0.6838 0.4206 0.0238 0.0163
3 0.6887 0.4006 0.0212 0.0138
3 0.7097 0.3281 0.0225 0.0187
3 0.7794 0.3112 0.0150 0.0225
3 0.8091 0.3362 0.0212 0.0163
3 0.2638 0.1200 0.0212 0.0087
3 0.2644 0.1569 0.0100 0.0200
3 0.2525 0.1588 0.0112 0.0238
3 0.2197 0.1250 0.0112 0.0187
3 0.1181 0.3641 0.0112 0.0187
3 0.3788 0.2162 0.0200 0.0138
3 0.0272 0.7309 0.0138 0.0212
3 0.3809 0.8806 0.0212 0.0112
3 0.7562 0.5103 0.0125 0.0238
3 0.5969 0.0397 0.0250 0.0138
3 0.5241 0.0269 0.0200 0.0100
