3 0.0084 0.6916 0.0138 0.0175
3 0.2297 0.9544 0.0250 0.0212
3 0.2513 0.9666 0.0212 0.0175
3 0.2869 0.7997 0.0238 0.0150
3 0.3475 0.7344 0.0200 0.0125
3 0.2081 0.7981 0.0100 0.0212
3 0.4725 0.6859 0.0263 0.0187
3 0.2950 0.7550 0.0150 0.0225
3 0.2716 0.7559 0.0150 0.0212
3 0.2581 0.0653 0.0100 0.0212
3 0.2616 0.0134 0.0138 0.0238
3 0.2778 0.0072 0.0087 0.0112
3 0.3141 0.0784 0.0125 0.0225
3 0.2431 0.7781 0.0238 0.0187
3 0.3159 0.1003 0.0100 0.0225
3 0.0228 0.3987 0.0175 0.0225
3 0.3791 0.2331 0.0238 0.0225
3 0.3987 0.2522 0.0225 0.0200
3 0.4278 0.2772 0.0212 0.0200
3 0.4619 0.3056 0.0238 0.0238
3 0.5234 0.4062 0.0250 0.0187
3 0.6038 0.3387 0.0138 0.0212
3 0.6169 0.3663 0.0150 0.0200
3 0.1959 0.7419 0.0200 0.0212
3 0.6078 0.9681 0.0250 0.0175
3 0.9494 0.8825 0.0112 0.0212
3 0.8909 0.8928 0.0100 0.0200
3 0.9550 0.8272 0.0100 0.0200
3 0.9628 0.6616 0.0100 0.0200
3 0.9213 0.4716 0.0112 0.0212
3 0.9575 0.4181 0.0087 0.0175
3 0.9213 0.3859 0.0112 0.0250
3 0.9625 0.3403 0.0125 0.0212
3 0.7688 0.4841 0.0187 0.0150
3 0.0059 0.8850 0.0087 0.0138
3 0.1509 0.9381 0.0238 0.0200
3 0.1625 0.9194 0.0250 0.0200
3 0.1275 0.9056 0.0238 0.0175
3 0.0091 0.8453 0.0150 0.0187
3 0.0091 0.4216 0.0150 0.0212
3 0.0775 0.2987 0.0112 0.0225
3 0.0859 0.2381 0.0125 0.0200
3 0.0897 0.2169 0.0138 0.0212
3 0.0525 0.8938 0.0238 0.0187
3 0.0197 0.1466 0.0175 0.0087
3 0.0425 0.1459 0.0163 0.0075
3 0.0634 0.1472 0.0175 0.0100
3 0.6188 0.3906 0.0125 0.0187
3 0.5903 0.4456 0.0212 0.0163
3 0.6472 0.4637 0.0225 0.0150
3 0.6475 0.1725 0.0138 0.0200
3 0.7094 0.0338 0.0187 0.0238
3 0.9453 0.0813 0.0187 0.0250
3 0.9794 0.1900 0.0150 0.0238
3 0.9691 0.2659 0.0100 0.0225
3 0.9328 0.2700 0.0125 0.0212
3 0.9259 0.3378 0.0112 0.0225
3 0.9603 0.3681 0.0112 0.0238
3 0.9606 0.3941 0.0150 0.0225
3 0.6581 0.0919 0.0163 0.0212
3 0.6428 0.1969 0.0138 0.0250
3 0.6362 0.2213 0.0163 0.0238
3 0.2866 0.2075 0.0200 0.0212
3 0.1134 0.1888 0.0238 0.0150
3 0.2031 0.1537 0.0250 0.0138
3 0.3138 0.5284 0.0212 0.0100
3 0.2066 0.7444 0.0163 0.0200
3 0.2153 0.7512 0.0150 0.0212
3 0.3109 0.7388 0.0187 0.0087
3 0.2881 0.7400 0.0200 0.0112
3 0.3100 0.7572 0.0138 0.0238
3 0.5953 0.0181 0.0125 0.0175
3 0.6525 0.4800 0.0238 0.0163
3 0.7153 0.5091 0.0212 0.0150
3 0.7866 0.4909 0.0200 0.0163
3 0.6322 0.3166 0.0175 0.0238
3 0.6412 0.3191 0.0138 0.0225
3 0.6537 0.3197 0.0138 0.0238
3 0.6638 0.3212 0.0150 0.0238
3 0.6791 0.3081 0.0238 0.0163
3 0.9206 0.4269 0.0100 0.0225
3 0.9838 0.1650 0.0112 0.0238
3 0.1191 0.9919 0.0225 0.0150
3 0.0716 0.8787 0.0212 0.0138
3 0.4406 0.5156 0.0187 0.0125
