3 0.0659 0.1466 0.0225 0.0212
3 0.0084 0.3456 0.0138 0.0225
3 0.0103 0.3263 0.0175 0.0212
3 0.0116 0.3147 0.0200 0.0263
3 0.0194 0.2922 0.0200 0.0250
3 0.0762 0.1297 0.0212 0.0250
3 0.0563 0.1900 0.0250 0.0238
3 0.0434 0.6128 0.0150 0.0225
3 0.0941 0.6316 0.0163 0.0225
3 0.1147 0.6400 0.0200 0.0238
3 0.0091 0.9431 0.0150 0.0175
3 0.0559 0.9650 0.0212 0.0175
3 0.0775 0.9753 0.0238 0.0163
3 0.0722 0.1372 0.0225 0.0212
3 0.0594 0.1803 0.0187 0.0200
3 0.0628 0.1694 0.0225 0.0200
3 0.0531 0.2031 0.0250 0.0250
3 0.0434 0.2378 0.0212 0.0225
3 0.0263 0.2809 0.0150 0.0212
3 0.0172 0.3069 0.0187 0.0200
3 0.0053 0.3706 0.0075 0.0163
3 0.9019 0.9928 0.0225 0.0138
3 0.6819 0.3187 0.0138 0.0187
3 0.9981 0.9978 0.0025 0.0050
3 0.8213 0.2653 0.0238 0.0150
3 0.9241 0.2019 0.0138 0.0225
3 0.8422 0.2716 0.0187 0.0150
3 0.9100 0.2419 0.0138 0.0212
3 0.7759 0.2538 0.0238 0.0138
3 0.9847 0.3106 0.0225 0.0150
3 0.9981 0.3178 0.0025 0.0075
3 0.7975 0.2578 0.0200 0.0125
3 0.8334 0.2413 0.0200 0.0138
3 0.8659 0.2775 0.0225 0.0175
3 0.8897 0.2838 0.0200 0.0175
3 0.9122 0.2919 0.0212 0.0150
3 0.9350 0.2978 0.0200 0.0175
3 0.9594 0.3044 0.0250 0.0150
3 0.9844 0.2850 0.0250 0.0138
3 0.5150 0.0819 0.0112 0.0200
3 0.7494 0.6584 0.0238 0.0138
3 0.6456 0.8988 0.0225 0.0163
3 0.6512 0.8669 0.0212 0.0150
3 0.5134 0.9075 0.0112 0.0212
3 0.5766 0.7394 0.0125 0.0225
3 0.5859 0.6506 0.0125 0.0200
3 0.3875 0.5388 0.0125 0.0212
3 0.4006 0.4897 0.0138 0.0200
3 0.6162 0.5278 0.0138 0.0212
3 0.6831 0.6156 0.0225 0.0125
3 0.7762 0.6650 0.0212 0.0112
3 0.4875 0.1825 0.0125 0.0212
3 0.9469 0.7181 0.0250 0.0175
3 0.9081 0.7100 0.0225 0.0138
3 0.5391 0.5737 0.0250 0.0163
3 0.3944 0.5125 0.0138 0.0187
3 0.4109 0.5016 0.0125 0.0250
3 0.4088 0.4650 0.0112 0.0238
3 0.4281 0.4016 0.0125 0.0250
3 0.6991 0.3519 0.0138 0.0225
3 0.7197 0.2759 0.0175 0.0238
3 0.7156 0.2966 0.0125 0.0212
3 0.9828 0.0966 0.0250 0.0150
3 0.4153 0.7819 0.0212 0.0138
3 0.5509 0.7656 0.0112 0.0250
3 0.9244 0.7131 0.0175 0.0138
