3 0.4919 0.6987 0.0150 0.0225
3 0.5044 0.6963 0.0150 0.0238
3 0.5128 0.6953 0.0163 0.0250
3 0.5225 0.6894 0.0138 0.0225
3 0.5613 0.6813 0.0163 0.0250
3 0.6969 0.6494 0.0125 0.0175
3 0.5803 0.6769 0.0138 0.0225
3 0.6056 0.6706 0.0175 0.0225
3 0.5334 0.6875 0.0138 0.0250
3 0.5466 0.6847 0.0150 0.0225
3 0.5728 0.6794 0.0175 0.0275
3 0.6162 0.6656 0.0138 0.0250
3 0.6287 0.6656 0.0138 0.0250
3 0.6406 0.6641 0.0125 0.0250
3 0.6522 0.6597 0.0138 0.0225
3 0.6638 0.6550 0.0150 0.0225
3 0.6753 0.6528 0.0100 0.0212
3 0.6863 0.6516 0.0100 0.0250
3 0.7125 0.6456 0.0125 0.0225
3 0.7469 0.6362 0.0125 0.0225
3 0.7594 0.6338 0.0125 0.0238
3 0.7688 0.6331 0.0125 0.0225
3 0.7803 0.6300 0.0138 0.0287
3 0.7919 0.6269 0.0150 0.0225
3 0.8850 0.6084 0.0138 0.0200
