3 0.2278 0.0741 0.0087 0.0200
3 0.2247 0.7819 0.0087 0.0200
3 0.2759 0.7828 0.0175 0.0187
3 0.3094 0.7956 0.0187 0.0100
3 0.0544 0.2853 0.0212 0.0112
3 0.6769 0.6188 0.0100 0.0250
3 0.6775 0.6441 0.0112 0.0225
3 0.4588 0.6166 0.0112 0.0238
3 0.4594 0.5584 0.0125 0.0263
3 0.4588 0.4875 0.0112 0.0250
3 0.6813 0.1894 0.0187 0.0100
3 0.6191 0.2025 0.0225 0.0112
3 0.7969 0.1812 0.0187 0.0125
3 0.6716 0.2575 0.0087 0.0212
3 0.6716 0.3016 0.0087 0.0187
3 0.6684 0.3875 0.0087 0.0187
3 0.6678 0.4272 0.0075 0.0200
3 0.7316 0.0713 0.0100 0.0238
3 0.7319 0.1012 0.0075 0.0212
3 0.7316 0.1256 0.0100 0.0200
3 0.8081 0.8669 0.0225 0.0150
3 0.8294 0.7047 0.0212 0.0125
3 0.8522 0.7087 0.0200 0.0112
3 0.7466 0.6984 0.0212 0.0125
3 0.4012 0.8091 0.0212 0.0087
3 0.5253 0.8266 0.0225 0.0125
3 0.5456 0.8512 0.0225 0.0150
3 0.5894 0.8328 0.0225 0.0125
3 0.7047 0.8512 0.0250 0.0150
3 0.7338 0.8538 0.0238 0.0138
3 0.7825 0.8606 0.0212 0.0150
3 0.8353 0.8688 0.0175 0.0125
3 0.9081 0.6341 0.0100 0.0212
3 0.8597 0.8719 0.0225 0.0125
3 0.8884 0.8744 0.0238 0.0112
3 0.9150 0.8794 0.0238 0.0150
3 0.7800 0.8962 0.0225 0.0112
3 0.7762 0.9191 0.0212 0.0100
3 0.9319 0.9391 0.0200 0.0125
3 0.9519 0.9422 0.0225 0.0125
3 0.9762 0.9437 0.0212 0.0125
3 0.9956 0.9463 0.0100 0.0112
3 0.9081 0.6800 0.0100 0.0225
3 0.9437 0.7150 0.0187 0.0112
3 0.8069 0.7034 0.0200 0.0100
3 0.9894 0.7194 0.0225 0.0138
3 0.9928 0.6941 0.0138 0.0100
3 0.8853 0.4325 0.0112 0.0212
3 0.5887 0.6828 0.0212 0.0125
3 0.6094 0.6838 0.0187 0.0112
3 0.6341 0.6853 0.0212 0.0112
3 0.7662 0.7016 0.0200 0.0125
3 0.7881 0.7025 0.0200 0.0112
3 0.9078 0.6109 0.0125 0.0187
3 0.9287 0.6987 0.0200 0.0100
3 0.9275 0.6197 0.0238 0.0112
3 0.9884 0.6166 0.0238 0.0112
3 0.9928 0.6625 0.0138 0.0063
3 0.9938 0.6716 0.0125 0.0087
3 0.9938 0.6825 0.0125 0.0087
3 0.9256 0.6331 0.0200 0.0100
3 0.9275 0.6459 0.0238 0.0138
3 0.9269 0.6647 0.0225 0.0138
3 0.9250 0.6784 0.0250 0.0100
3 0.9284 0.6900 0.0225 0.0112
3 0.1803 0.4125 0.0075 0.0187
3 0.1784 0.4409 0.0100 0.0225
3 0.2987 0.4153 0.0100 0.0212
3 0.3278 0.4159 0.0087 0.0225
3 0.3284 0.4625 0.0100 0.0187
3 0.2519 0.3419 0.0100 0.0212
3 0.2525 0.2731 0.0112 0.0212
3 0.4769 0.7831 0.0225 0.0225
3 0.2712 0.4612 0.0112 0.0163
3 0.2503 0.4131 0.0100 0.0200
3 0.2519 0.3847 0.0100 0.0225
3 0.1784 0.3875 0.0100 0.0187
3 0.2503 0.5600 0.0100 0.0200
3 0.3481 0.4200 0.0087 0.0212
3 0.3075 0.4131 0.0087 0.0200
3 0.2497 0.3163 0.0087 0.0200
3 0.2531 0.1247 0.0125 0.0212
3 0.2525 0.1569 0.0112 0.0200
3 0.1781 0.0816 0.0125 0.0225
3 0.1775 0.1109 0.0112 0.0187
3 0.1794 0.1347 0.0087 0.0163
3 0.1800 0.1562 0.0100 0.0187
3 0.1503 0.1581 0.0100 0.0225
3 0.2519 0.5050 0.0100 0.0225
3 0.1769 0.6231 0.0100 0.0212
3 0.0078 0.8103 0.0125 0.0112
3 0.0284 0.8137 0.0225 0.0087
3 0.0894 0.7650 0.0225 0.0112
3 0.1519 0.8078 0.0225 0.0125
3 0.0231 0.7597 0.0275 0.0163
3 0.2506 0.6694 0.0075 0.0200
3 0.1156 0.8031 0.0250 0.0125
3 0.1194 0.9925 0.0138 0.0163
3 0.1775 0.7444 0.0112 0.0200
3 0.2006 0.7309 0.0075 0.0212
3 0.2519 0.5963 0.0100 0.0175
3 0.1962 0.7737 0.0112 0.0225
3 0.2269 0.7281 0.0100 0.0187
3 0.2516 0.7041 0.0125 0.0238
3 0.2534 0.1822 0.0100 0.0175
3 0.0066 0.2819 0.0100 0.0075
3 0.0287 0.2822 0.0263 0.0112
3 0.2188 0.8497 0.0125 0.0212
3 0.1897 0.8397 0.0138 0.0200
3 0.1291 0.9619 0.0112 0.0175
3 0.1353 0.9437 0.0112 0.0187
3 0.1762 0.8838 0.0150 0.0238
3 0.2831 0.4612 0.0100 0.0163
3 0.3097 0.4609 0.0100 0.0187
3 0.7066 0.2675 0.0163 0.0100
