3 0.1419 0.7697 0.0150 0.0238
3 0.1128 0.7503 0.0163 0.0225
3 0.1212 0.7578 0.0112 0.0187
3 0.3641 0.8184 0.0250 0.0150
3 0.0706 0.6287 0.0225 0.0200
3 0.0097 0.3931 0.0163 0.0175
3 0.0981 0.7472 0.0150 0.0225
3 0.0875 0.7438 0.0187 0.0250
3 0.0491 0.6981 0.0200 0.0150
3 0.0259 0.6856 0.0238 0.0150
3 0.3191 0.0259 0.0163 0.0238
3 0.1800 0.4706 0.0225 0.0163
3 0.0678 0.0800 0.0200 0.0225
3 0.0534 0.1000 0.0163 0.0187
3 0.0434 0.1184 0.0150 0.0212
3 0.0581 0.1147 0.0163 0.0200
3 0.0488 0.1319 0.0163 0.0200
3 0.0694 0.0938 0.0138 0.0187
3 0.1072 0.0084 0.0175 0.0138
3 0.1150 0.0109 0.0175 0.0187
3 0.0912 0.0325 0.0138 0.0150
3 0.0813 0.0531 0.0187 0.0250
3 0.0813 0.0903 0.0187 0.0212
3 0.0738 0.1116 0.0163 0.0200
3 0.0603 0.1322 0.0175 0.0238
3 0.0516 0.0041 0.0125 0.0050
3 0.2841 0.0422 0.0212 0.0125
3 0.3044 0.0344 0.0212 0.0187
3 0.3384 0.0138 0.0175 0.0212
3 0.8675 0.2903 0.0163 0.0212
3 0.9797 0.0059 0.0125 0.0087
3 0.9788 0.3478 0.0138 0.0175
3 0.9856 0.3312 0.0150 0.0187
3 0.7897 0.1509 0.0200 0.0175
3 0.8141 0.1625 0.0250 0.0187
3 0.8387 0.1731 0.0212 0.0150
3 0.8609 0.1837 0.0187 0.0175
3 0.9022 0.1131 0.0263 0.0200
3 0.9788 0.1519 0.0200 0.0163
3 0.7681 0.0762 0.0238 0.0212
3 0.6841 0.8781 0.0212 0.0187
3 0.4894 0.7909 0.0225 0.0163
3 0.8856 0.6197 0.0212 0.0112
3 0.9450 0.9672 0.0212 0.0125
3 0.9169 0.9738 0.0212 0.0163
3 0.8897 0.9753 0.0200 0.0163
3 0.8281 0.9147 0.0250 0.0200
3 0.9956 0.6875 0.0100 0.0125
3 0.8750 0.1097 0.0250 0.0163
3 0.8912 0.5072 0.0200 0.0238
3 0.9884 0.3672 0.0238 0.0250
3 0.9688 0.3650 0.0187 0.0238
3 0.8497 0.2775 0.0150 0.0238
3 0.9262 0.2172 0.0212 0.0187
3 0.7625 0.0863 0.0187 0.0163
3 0.8784 0.0994 0.0225 0.0175
3 0.6219 0.0344 0.0250 0.0187
3 0.6831 0.7694 0.0100 0.0200
3 0.7344 0.7384 0.0187 0.0238
3 0.7063 0.7881 0.0187 0.0200
3 0.7550 0.7638 0.0163 0.0212
3 0.7916 0.7013 0.0175 0.0212
3 0.6388 0.3837 0.0087 0.0175
3 0.6406 0.3638 0.0125 0.0212
3 0.6700 0.2425 0.0150 0.0225
3 0.6663 0.0144 0.0200 0.0163
3 0.6438 0.0066 0.0250 0.0100
3 0.6528 0.0488 0.0212 0.0163
3 0.5269 0.6575 0.0225 0.0150
3 0.5184 0.6919 0.0212 0.0087
3 0.5241 0.6694 0.0200 0.0138
3 0.5175 0.6800 0.0163 0.0100
3 0.4875 0.6784 0.0187 0.0100
3 0.5363 0.6872 0.0163 0.0212
3 0.4409 0.7450 0.0163 0.0212
3 0.4216 0.7409 0.0150 0.0225
3 0.4294 0.7434 0.0150 0.0212
3 0.3244 0.6434 0.0175 0.0212
3 0.5800 0.8162 0.0225 0.0138
3 0.3253 0.7300 0.0225 0.0163
3 0.1444 0.5938 0.0200 0.0187
3 0.4375 0.0144 0.0125 0.0225
3 0.4519 0.0159 0.0100 0.0225
3 0.7481 0.7859 0.0150 0.0187
3 0.7288 0.8144 0.0138 0.0225
3 0.7047 0.9272 0.0250 0.0138
3 0.5331 0.8787 0.0225 0.0138
3 0.2500 0.7831 0.0187 0.0163
3 0.2431 0.3206 0.0175 0.0100
3 0.8294 0.2706 0.0150 0.0163
