3 0.5631 0.6644 0.0138 0.0225
3 0.5725 0.6894 0.0138 0.0225
3 0.5553 0.7678 0.0138 0.0200
3 0.5678 0.7137 0.0138 0.0212
3 0.5616 0.7372 0.0138 0.0212
3 0.3837 0.9637 0.0112 0.0212
3 0.4700 0.5513 0.0150 0.0212
3 0.3688 0.9928 0.0125 0.0138
3 0.6200 0.7984 0.0212 0.0125
3 0.6481 0.7719 0.0150 0.0250
3 0.5522 0.6634 0.0075 0.0238
3 0.4641 0.5725 0.0125 0.0200
3 0.4594 0.6003 0.0125 0.0225
3 0.8906 0.9009 0.0125 0.0238
3 0.7425 0.3394 0.0225 0.0100
3 0.6912 0.5816 0.0138 0.0225
3 0.9806 0.3647 0.0112 0.0263
3 0.9531 0.7516 0.0187 0.0125
3 0.6669 0.6994 0.0150 0.0238
3 0.6897 0.6866 0.0138 0.0200
3 0.6322 0.8512 0.0112 0.0212
3 0.9106 0.8734 0.0150 0.0250
3 0.9209 0.8934 0.0138 0.0212
3 0.4734 0.9437 0.0250 0.0125
3 0.6953 0.3312 0.0250 0.0125
3 0.7447 0.3278 0.0238 0.0087
3 0.6722 0.3294 0.0225 0.0150
3 0.8206 0.2750 0.0225 0.0250
3 0.8431 0.1522 0.0238 0.0138
3 0.8666 0.1656 0.0238 0.0125
3 0.8928 0.1712 0.0200 0.0112
3 0.9191 0.1738 0.0225 0.0100
3 0.8341 0.1938 0.0275 0.0125
3 0.8897 0.2069 0.0263 0.0138
3 0.7312 0.2059 0.0187 0.0150
3 0.7541 0.2081 0.0175 0.0100
3 0.7756 0.2109 0.0200 0.0125
3 0.7850 0.2519 0.0138 0.0225
3 0.7541 0.2828 0.0238 0.0187
3 0.6531 0.3228 0.0187 0.0112
3 0.7519 0.3081 0.0225 0.0100
3 0.7066 0.3106 0.0225 0.0150
3 0.6866 0.3175 0.0263 0.0163
3 0.6991 0.2691 0.0138 0.0225
3 0.7106 0.2719 0.0150 0.0250
3 0.5781 0.2969 0.0125 0.0187
3 0.6319 0.3212 0.0200 0.0112
3 0.7494 0.3947 0.0112 0.0238
3 0.6097 0.3191 0.0225 0.0163
3 0.6600 0.3091 0.0200 0.0150
3 0.7453 0.1506 0.0250 0.0138
3 0.8088 0.1425 0.0112 0.0225
3 0.7206 0.1481 0.0225 0.0150
3 0.8925 0.0047 0.0225 0.0063
3 0.6909 0.1413 0.0225 0.0138
3 0.4862 0.1169 0.0225 0.0150
3 0.0794 0.0591 0.0212 0.0087
3 0.2034 0.0766 0.0225 0.0125
3 0.2241 0.1006 0.0200 0.0138
3 0.2681 0.0841 0.0238 0.0150
3 0.3844 0.1012 0.0250 0.0150
3 0.4119 0.1038 0.0238 0.0138
3 0.4622 0.1106 0.0212 0.0150
3 0.5134 0.1187 0.0175 0.0125
3 0.5394 0.1219 0.0225 0.0125
3 0.5666 0.1244 0.0238 0.0112
3 0.5931 0.1294 0.0238 0.0150
3 0.4581 0.1462 0.0225 0.0112
3 0.4559 0.1691 0.0212 0.0100
3 0.6116 0.1891 0.0200 0.0125
3 0.6300 0.1922 0.0225 0.0125
3 0.6544 0.1938 0.0212 0.0125
3 0.6787 0.1975 0.0200 0.0138
3 0.7034 0.2038 0.0225 0.0138
3 0.1575 0.0325 0.0212 0.0212
3 0.7116 0.3756 0.0200 0.0138
3 0.8787 0.1487 0.0200 0.0100
3 0.4472 0.6441 0.0100 0.0225
