3 0.4894 0.7284 0.0225 0.0163
3 0.5181 0.7756 0.0175 0.0200
3 0.2800 0.9919 0.0100 0.0150
3 0.2844 0.9550 0.0187 0.0163
3 0.2775 0.9387 0.0112 0.0212
3 0.1775 0.8672 0.0112 0.0187
3 0.3541 0.5169 0.0175 0.0212
3 0.5553 0.0178 0.0138 0.0200
3 0.3856 0.2128 0.0150 0.0225
3 0.3525 0.3131 0.0112 0.0200
3 0.2244 0.5659 0.0112 0.0225
3 0.2687 0.5772 0.0125 0.0263
3 0.3216 0.5081 0.0150 0.0225
3 0.3519 0.5522 0.0225 0.0138
3 0.4062 0.5306 0.0187 0.0175
3 0.4228 0.5494 0.0238 0.0112
3 0.3588 0.2869 0.0112 0.0175
3 0.3688 0.2466 0.0125 0.0212
3 0.3622 0.2662 0.0150 0.0200
3 0.6200 0.0484 0.0212 0.0125
3 0.6481 0.0219 0.0150 0.0250
3 0.2272 0.7756 0.0075 0.0200
3 0.2162 0.8575 0.0200 0.0087
3 0.2369 0.8253 0.0112 0.0225
3 0.0147 0.5588 0.0200 0.0112
3 0.0284 0.7347 0.0100 0.0225
3 0.0041 0.5381 0.0050 0.0075
3 0.0091 0.5478 0.0150 0.0112
3 0.0528 0.6019 0.0212 0.0100
3 0.0234 0.5697 0.0187 0.0112
3 0.0459 0.5912 0.0200 0.0138
3 0.2253 0.6344 0.0100 0.0187
3 0.2247 0.6044 0.0087 0.0275
3 0.0244 0.4600 0.0238 0.0138
3 0.0459 0.4641 0.0200 0.0125
3 0.0719 0.4678 0.0250 0.0138
3 0.0994 0.4734 0.0175 0.0125
3 0.1184 0.4772 0.0212 0.0138
3 0.8906 0.1509 0.0125 0.0238
3 0.9531 0.0047 0.0187 0.0063
3 0.6322 0.1012 0.0112 0.0212
3 0.9106 0.1234 0.0150 0.0250
3 0.9209 0.1434 0.0138 0.0212
3 0.4734 0.1938 0.0250 0.0125
3 0.8469 0.3753 0.0125 0.0225
3 0.8716 0.4313 0.0150 0.0250
3 0.8300 0.5019 0.0163 0.0225
3 0.8150 0.5750 0.0112 0.0250
3 0.8069 0.6275 0.0138 0.0238
3 0.8384 0.6653 0.0112 0.0212
3 0.8800 0.6391 0.0225 0.0125
3 0.6019 0.7622 0.0100 0.0212
3 0.8309 0.8309 0.0212 0.0212
3 0.8744 0.8619 0.0238 0.0175
3 0.8213 0.7569 0.0112 0.0263
3 0.8291 0.7175 0.0112 0.0225
3 0.5500 0.8344 0.0125 0.0187
3 0.5831 0.9178 0.0163 0.0200
3 0.5531 0.8694 0.0187 0.0200
3 0.6306 0.9422 0.0238 0.0187
3 0.6672 0.9103 0.0250 0.0175
3 0.6872 0.9000 0.0212 0.0187
3 0.7069 0.8863 0.0200 0.0163
3 0.7891 0.8869 0.0250 0.0175
3 0.9556 0.9253 0.0175 0.0225
3 0.9816 0.9341 0.0163 0.0212
3 0.9734 0.9328 0.0187 0.0250
3 0.9637 0.9281 0.0212 0.0250
3 0.5947 0.9956 0.0175 0.0100
3 0.8431 0.3987 0.0112 0.0225
3 0.9372 0.9175 0.0087 0.0163
3 0.7319 0.8769 0.0200 0.0163
3 0.5719 0.9678 0.0187 0.0138
3 0.1644 0.4900 0.0225 0.0112
3 0.4644 0.4234 0.0163 0.0125
