3 0.0659 0.8966 0.0225 0.0212
3 0.0762 0.8797 0.0212 0.0250
3 0.0563 0.9400 0.0250 0.0238
3 0.1253 0.6897 0.0225 0.0200
3 0.0722 0.8872 0.0225 0.0212
3 0.0594 0.9303 0.0187 0.0200
3 0.0628 0.9194 0.0225 0.0200
3 0.0534 0.9512 0.0225 0.0212
3 0.0434 0.9878 0.0212 0.0225
3 0.9241 0.9519 0.0138 0.0225
3 0.9100 0.9906 0.0138 0.0187
3 0.8334 0.9912 0.0200 0.0138
3 0.5081 0.7494 0.0225 0.0175
3 0.5150 0.8319 0.0112 0.0200
3 0.4875 0.9325 0.0125 0.0212
3 0.9887 0.4088 0.0212 0.0112
3 0.9344 0.1603 0.0125 0.0238
3 0.8091 0.5578 0.0212 0.0125
3 0.8194 0.5156 0.0200 0.0125
3 0.8934 0.2669 0.0150 0.0212
3 0.8753 0.5912 0.0225 0.0138
3 0.9988 0.6197 0.0037 0.0112
3 0.9644 0.1450 0.0163 0.0212
3 0.7903 0.7003 0.0150 0.0225
3 0.9828 0.8466 0.0250 0.0150
3 0.9744 0.1041 0.0175 0.0238
3 0.9928 0.0434 0.0138 0.0212
3 0.9856 0.0613 0.0150 0.0163
3 0.9819 0.0809 0.0138 0.0212
3 0.8672 0.3638 0.0125 0.0212
3 0.7794 0.7338 0.0150 0.0238
