3 0.5800 0.8153 0.0100 0.0212
3 0.6100 0.2666 0.0138 0.0238
3 0.8400 0.0256 0.0175 0.0200
3 0.5691 0.4431 0.0100 0.0175
3 0.5691 0.4209 0.0100 0.0200
3 0.7503 0.3016 0.0225 0.0187
3 0.6175 0.5634 0.0100 0.0238
3 0.6156 0.6038 0.0125 0.0200
3 0.5725 0.6706 0.0075 0.0225
3 0.5834 0.7625 0.0138 0.0250
3 0.5997 0.7509 0.0087 0.0238
3 0.6344 0.8284 0.0125 0.0225
3 0.6378 0.8503 0.0100 0.0225
3 0.7009 0.9831 0.0238 0.0225
3 0.6019 0.2437 0.0100 0.0187
3 0.6062 0.2050 0.0187 0.0163
3 0.5978 0.1888 0.0112 0.0212
3 0.4078 0.9881 0.0125 0.0200
3 0.4100 0.9669 0.0138 0.0212
3 0.3416 0.8966 0.0175 0.0087
3 0.2431 0.8928 0.0238 0.0138
3 0.3644 0.8959 0.0163 0.0075
3 0.4978 0.1172 0.0112 0.0187
3 0.5491 0.0256 0.0075 0.0200
3 0.5381 0.1075 0.0200 0.0087
3 0.5588 0.0753 0.0112 0.0225
3 0.3853 0.8972 0.0175 0.0100
3 0.1341 0.1269 0.0087 0.0225
3 0.1347 0.0981 0.0100 0.0150
3 0.9222 0.0122 0.0100 0.0212
3 0.8719 0.0844 0.0125 0.0187
3 0.9694 0.9225 0.0138 0.0200
3 0.9800 0.8419 0.0163 0.0212
3 0.9647 0.9469 0.0138 0.0250
3 0.9391 0.6922 0.0250 0.0125
3 0.9581 0.9713 0.0163 0.0238
3 0.6069 0.9575 0.0200 0.0212
3 0.4338 0.9387 0.0238 0.0150
3 0.5234 0.9037 0.0250 0.0138
3 0.9378 0.7006 0.0225 0.0075
3 0.9050 0.1678 0.0163 0.0200
3 0.8750 0.1194 0.0187 0.0200
3 0.9525 0.1922 0.0238 0.0187
3 0.9884 0.1603 0.0238 0.0175
3 0.9147 0.2506 0.0200 0.0200
3 0.9372 0.7106 0.0212 0.0087
3 0.6112 0.2947 0.0100 0.0238
3 0.9169 0.4031 0.0087 0.0187
3 0.9203 0.5156 0.0125 0.0250
3 0.9222 0.6062 0.0100 0.0250
3 0.9206 0.7256 0.0100 0.0200
3 0.9156 0.7681 0.0125 0.0175
3 0.1584 0.9812 0.0138 0.0250
3 0.3450 0.1288 0.0087 0.0200
3 0.7016 0.0734 0.0125 0.0187
3 0.8922 0.2169 0.0187 0.0150
3 0.1409 0.8884 0.0225 0.0112
