3 0.7791 0.5459 0.0112 0.0200
3 0.9947 0.9853 0.0112 0.0238
3 0.0144 0.4009 0.0225 0.0112
3 0.2431 0.4369 0.0238 0.0112
3 0.3163 0.4456 0.0200 0.0100
3 0.6325 0.4844 0.0212 0.0125
3 0.8756 0.5012 0.0200 0.0087
3 0.9916 0.5166 0.0175 0.0112
3 0.3622 0.8328 0.0212 0.0125
3 0.7041 0.7931 0.0112 0.0175
3 0.4578 0.8628 0.0250 0.0163
3 0.7575 0.4850 0.0212 0.0138
3 0.5956 0.4828 0.0225 0.0125
3 0.1231 0.5134 0.0150 0.0238
3 0.4144 0.3522 0.0100 0.0200
3 0.4309 0.1997 0.0087 0.0212
3 0.4237 0.3300 0.0100 0.0225
3 0.4669 0.3022 0.0212 0.0200
3 0.4647 0.3438 0.0200 0.0187
3 0.7828 0.1537 0.0250 0.0138
3 0.9409 0.3344 0.0225 0.0125
3 0.7750 0.5222 0.0187 0.0225
3 0.5341 0.6912 0.0150 0.0263
3 0.4266 0.3075 0.0125 0.0212
3 0.4388 0.3275 0.0150 0.0238
3 0.5681 0.4225 0.0175 0.0075
3 0.7737 0.3134 0.0225 0.0112
3 0.3844 0.0187 0.0125 0.0187
3 0.3209 0.8147 0.0200 0.0138
3 0.6575 0.9762 0.0150 0.0087
3 0.7066 0.4409 0.0225 0.0100
3 0.8178 0.4588 0.0200 0.0112
3 0.8512 0.3237 0.0212 0.0100
3 0.8044 0.0306 0.0212 0.0112
