3 0.4084 0.2406 0.0200 0.0125
3 0.5200 0.2181 0.0212 0.0112
3 0.5391 0.1447 0.0187 0.0238
3 0.5734 0.1194 0.0250 0.0138
3 0.5241 0.1638 0.0263 0.0150
3 0.4963 0.1731 0.0238 0.0150
3 0.4519 0.2341 0.0225 0.0150
3 0.4331 0.2372 0.0225 0.0150
3 0.1647 0.1909 0.0138 0.0225
3 0.1759 0.1894 0.0112 0.0225
3 0.1856 0.1844 0.0150 0.0250
3 0.1994 0.1853 0.0175 0.0238
3 0.2059 0.1831 0.0150 0.0225
3 0.2197 0.1791 0.0175 0.0238
3 0.2341 0.1762 0.0212 0.0212
3 0.2500 0.1769 0.0187 0.0225
3 0.2616 0.1759 0.0200 0.0238
3 0.3322 0.0250 0.0112 0.0187
3 0.4019 0.1947 0.0225 0.0112
