3 0.2950 0.4628 0.0212 0.0163
3 0.3263 0.6906 0.0212 0.0187
3 0.5516 0.9544 0.0250 0.0212
3 0.5716 0.9666 0.0212 0.0175
3 0.6088 0.7997 0.0238 0.0150
3 0.6694 0.7344 0.0200 0.0125
3 0.5300 0.7981 0.0100 0.0212
3 0.7944 0.6859 0.0263 0.0187
3 0.6169 0.7550 0.0150 0.0225
3 0.5919 0.7559 0.0150 0.0212
3 0.5800 0.0653 0.0100 0.0212
3 0.5834 0.0134 0.0138 0.0238
3 0.5997 0.0072 0.0087 0.0112
3 0.6344 0.0784 0.0125 0.0225
3 0.5650 0.7781 0.0238 0.0187
3 0.6378 0.1003 0.0100 0.0225
3 0.3431 0.3987 0.0175 0.0225
3 0.7009 0.2331 0.0238 0.0225
3 0.7206 0.2522 0.0225 0.0200
3 0.7497 0.2772 0.0212 0.0200
3 0.7838 0.3056 0.0238 0.0238
3 0.8453 0.4062 0.0250 0.0187
3 0.9241 0.3387 0.0138 0.0212
3 0.9372 0.3663 0.0150 0.0200
3 0.5178 0.7419 0.0200 0.0212
3 0.9281 0.9681 0.0250 0.0175
3 0.1175 0.9434 0.0163 0.0212
3 0.3197 0.8828 0.0238 0.0187
3 0.4713 0.9381 0.0238 0.0200
3 0.4844 0.9194 0.0250 0.0200
3 0.4478 0.9056 0.0238 0.0175
3 0.2297 0.6522 0.0125 0.0200
3 0.2650 0.6647 0.0238 0.0200
3 0.2291 0.9950 0.0112 0.0087
3 0.2356 0.9844 0.0150 0.0187
3 0.0397 0.8041 0.0200 0.0175
3 0.3269 0.8453 0.0225 0.0187
3 0.0641 0.8156 0.0250 0.0187
3 0.0887 0.8262 0.0212 0.0150
3 0.1134 0.8381 0.0238 0.0200
3 0.1503 0.7647 0.0225 0.0200
3 0.2288 0.8050 0.0200 0.0163
3 0.0181 0.7278 0.0238 0.0212
3 0.3300 0.4216 0.0163 0.0212
3 0.3994 0.2987 0.0112 0.0225
3 0.4078 0.2381 0.0125 0.0200
3 0.4100 0.2169 0.0138 0.0212
3 0.3728 0.8938 0.0238 0.0187
3 0.2963 0.8400 0.0238 0.0175
3 0.3416 0.1466 0.0175 0.0087
3 0.1250 0.7612 0.0250 0.0163
3 0.0997 0.9306 0.0150 0.0238
3 0.1778 0.8688 0.0212 0.0187
3 0.0144 0.7397 0.0225 0.0200
3 0.1284 0.7525 0.0225 0.0175
3 0.2431 0.1428 0.0238 0.0138
3 0.3644 0.1459 0.0163 0.0075
3 0.3853 0.1472 0.0175 0.0100
3 0.9406 0.3906 0.0125 0.0187
3 0.9122 0.4456 0.0212 0.0163
3 0.9691 0.4637 0.0225 0.0150
3 0.9694 0.1725 0.0138 0.0200
3 0.9800 0.0919 0.0163 0.0212
3 0.9647 0.1969 0.0138 0.0250
3 0.9581 0.2213 0.0163 0.0238
3 0.6069 0.2075 0.0200 0.0212
3 0.4338 0.1888 0.0238 0.0150
3 0.5234 0.1537 0.0250 0.0138
3 0.6356 0.5284 0.0212 0.0100
3 0.5284 0.7444 0.0163 0.0200
3 0.5356 0.7512 0.0150 0.0212
3 0.6312 0.7388 0.0187 0.0087
3 0.6084 0.7400 0.0200 0.0112
3 0.6303 0.7572 0.0138 0.0238
3 0.9156 0.0181 0.0125 0.0175
3 0.9744 0.4800 0.0238 0.0163
3 0.9541 0.3166 0.0175 0.0238
3 0.9631 0.3191 0.0138 0.0225
3 0.9756 0.3197 0.0138 0.0238
3 0.9856 0.3212 0.0150 0.0238
3 0.9947 0.3063 0.0112 0.0125
3 0.0663 0.4750 0.0138 0.0187
3 0.1200 0.3153 0.0150 0.0212
3 0.1584 0.2313 0.0138 0.0250
3 0.2762 0.1441 0.0212 0.0100
3 0.0869 0.4287 0.0112 0.0200
3 0.3934 0.8800 0.0212 0.0163
