3 0.6650 0.2462 0.0488 0.0675
3 0.6266 0.1544 0.0625 0.0400
3 0.7047 0.0206 0.0187 0.0225
3 0.9791 0.0375 0.0112 0.0250
3 0.9144 0.0353 0.0100 0.0238
3 0.9219 0.0353 0.0125 0.0238
3 0.9447 0.0131 0.0112 0.0200
3 0.9550 0.0125 0.0100 0.0187
3 0.9466 0.0362 0.0087 0.0225
3 0.9556 0.0350 0.0112 0.0200
3 0.9697 0.0372 0.0112 0.0212
3 0.9841 0.4672 0.0212 0.0187
3 0.9819 0.4769 0.0200 0.0163
3 0.9750 0.4862 0.0187 0.0163
3 0.9694 0.4956 0.0200 0.0163
3 0.9459 0.5369 0.0200 0.0175
3 0.9447 0.5472 0.0238 0.0163
3 0.9372 0.5556 0.0212 0.0175
3 0.9206 0.5825 0.0225 0.0150
3 0.9144 0.5950 0.0225 0.0150
3 0.9006 0.6253 0.0263 0.0163
3 0.8894 0.6428 0.0225 0.0200
3 0.8719 0.6719 0.0250 0.0187
3 0.8600 0.6909 0.0263 0.0163
3 0.8512 0.7056 0.0212 0.0175
3 0.8453 0.7206 0.0250 0.0163
3 0.8972 0.7281 0.0225 0.0187
3 0.9106 0.7094 0.0275 0.0187
3 0.9156 0.6953 0.0250 0.0125
3 0.9275 0.6781 0.0238 0.0125
3 0.9378 0.6591 0.0225 0.0150
3 0.9506 0.6375 0.0263 0.0187
3 0.9625 0.6188 0.0187 0.0187
3 0.9866 0.5706 0.0263 0.0225
3 0.9759 0.5894 0.0238 0.0163
3 0.9703 0.5994 0.0250 0.0175
