3 0.2319 0.1778 0.0263 0.0275
3 0.8403 0.0347 0.0150 0.0287
3 0.9484 0.0969 0.0125 0.0250
3 0.9213 0.0944 0.0112 0.0263
3 0.9356 0.0981 0.0150 0.0275
3 0.9753 0.0966 0.0100 0.0275
3 0.9900 0.0950 0.0112 0.0275
3 0.9609 0.1288 0.0125 0.0263
3 0.9750 0.1253 0.0125 0.0225
3 0.9887 0.1231 0.0087 0.0212
3 0.9988 0.1269 0.0037 0.0225
3 0.8569 0.0369 0.0138 0.0300
3 0.9916 0.0347 0.0112 0.0287
3 0.9069 0.0959 0.0138 0.0263
3 0.8797 0.0303 0.0125 0.0263
3 0.9078 0.0353 0.0125 0.0300
3 0.9338 0.0350 0.0112 0.0263
3 0.9619 0.0338 0.0112 0.0300
3 0.9766 0.0344 0.0125 0.0312
3 0.0922 0.5553 0.0312 0.0138
3 0.0116 0.5997 0.0200 0.0150
3 0.0141 0.6131 0.0250 0.0200
3 0.0425 0.6100 0.0350 0.0200
3 0.0319 0.5675 0.0325 0.0163
3 0.0375 0.5837 0.0312 0.0175
3 0.0281 0.5528 0.0312 0.0212
3 0.0238 0.5278 0.0287 0.0212
3 0.0206 0.5141 0.0287 0.0125
3 0.0163 0.5006 0.0263 0.0200
3 0.0588 0.4206 0.0362 0.0163
3 0.0631 0.4353 0.0325 0.0175
3 0.0663 0.4463 0.0325 0.0175
3 0.0706 0.4744 0.0350 0.0175
3 0.0769 0.5025 0.0350 0.0175
3 0.0816 0.5166 0.0350 0.0175
3 0.0853 0.5300 0.0300 0.0163
3 0.0947 0.5700 0.0300 0.0150
3 0.0109 0.5869 0.0187 0.0175
3 0.0103 0.5731 0.0175 0.0150
3 0.0066 0.5325 0.0100 0.0150
3 0.0034 0.3763 0.0037 0.0087
3 0.0047 0.5206 0.0063 0.0163
3 0.0091 0.4319 0.0150 0.0138
3 0.0122 0.4472 0.0212 0.0163
3 0.0128 0.4606 0.0225 0.0150
3 0.0028 0.5053 0.0025 0.0138
3 0.0975 0.5816 0.0325 0.0163
3 0.0084 0.5481 0.0138 0.0150
3 0.0047 0.3947 0.0063 0.0112
3 0.0078 0.4203 0.0125 0.0125
3 0.0134 0.4772 0.0238 0.0138
3 0.0694 0.4625 0.0325 0.0187
3 0.0091 0.5613 0.0150 0.0163
3 0.0412 0.5944 0.0387 0.0200
3 0.0391 0.6875 0.0312 0.0250
3 0.1609 0.8591 0.0375 0.0275
3 0.1869 0.8419 0.0300 0.0275
3 0.0362 0.2913 0.0287 0.0325
3 0.2319 0.8088 0.0263 0.0238
